9.020000E+2 -5.000000E-1 -1.363565E-5
1.302000E+3 -4.898990E-1 -1.214639E-5
1.702000E+3 -4.797980E-1 -1.043374E-5
2.102000E+3 -4.696970E-1 -9.167874E-6
2.602000E+3 -4.595959E-1 -7.759926E-6
3.002000E+3 -4.494949E-1 -7.037637E-6
3.402000E+3 -4.393939E-1 -6.285562E-6
3.802000E+3 -4.292929E-1 -5.637734E-6
4.202000E+3 -4.191919E-1 -5.109048E-6
4.602000E+3 -4.090909E-1 -4.625039E-6
5.002000E+3 -3.989899E-1 -4.178262E-6
5.402000E+3 -3.888889E-1 -3.783609E-6
5.802000E+3 -3.787879E-1 -3.426187E-6
6.202000E+3 -3.686869E-1 -3.105996E-6
6.602000E+3 -3.585859E-1 -2.800699E-6
7.002000E+3 -3.484849E-1 -2.517740E-6
7.402000E+3 -3.383839E-1 -2.257120E-6
7.802000E+3 -3.282828E-1 -1.989053E-6
8.202000E+3 -3.181818E-1 -1.750772E-6
8.602000E+3 -3.080808E-1 -1.527383E-6
9.002000E+3 -2.979798E-1 -1.318887E-6
9.402000E+3 -2.878788E-1 -1.102945E-6
9.802000E+3 -2.777778E-1 -9.093411E-7
1.030200E+4 -2.676768E-1 -7.812051E-7
1.070200E+4 -2.575758E-1 -5.347329E-7
1.110200E+4 -2.474747E-1 -3.403848E-7
1.150200E+4 -2.373737E-1 -1.490152E-7
1.200200E+4 -2.272727E-1 -4.561000E-8
1.250200E+4 -2.171717E-1 1.205405E-7
1.290200E+4 -2.070707E-1 3.618003E-7
1.330200E+4 -1.969697E-1 5.606161E-7
1.370200E+4 -1.868687E-1 7.549643E-7
1.410200E+4 -1.767677E-1 9.455894E-7
1.450200E+4 -1.666667E-1 1.133236E-6
1.490200E+4 -1.565656E-1 1.321627E-6
1.540200E+4 -1.464646E-1 1.451132E-6
1.580200E+4 -1.363636E-1 1.659629E-6
1.620200E+4 -1.262626E-1 1.860678E-6
1.660200E+4 -1.161616E-1 2.046835E-6
1.700200E+4 -1.060606E-1 2.240439E-6
1.740200E+4 -9.595960E-2 2.419150E-6
1.780200E+4 -8.585858E-2 2.597861E-6
1.820200E+4 -7.575757E-2 2.769125E-6
1.860200E+4 -6.565656E-2 2.910605E-6
1.900200E+4 -5.555554E-2 3.081870E-6
1.940200E+4 -4.545453E-2 3.245688E-6
1.980200E+4 -3.535352E-2 3.402060E-6
2.020200E+4 -2.525250E-2 3.550986E-6
2.060200E+4 -1.515149E-2 3.699912E-6
2.100200E+4 -5.050506E-3 3.841391E-6
2.140200E+4 5.050506E-3 3.967978E-6
2.180200E+4 1.515155E-2 4.094565E-6
2.220200E+4 2.525256E-2 4.228598E-6
2.260200E+4 3.535357E-2 4.347738E-6
2.300200E+4 4.545453E-2 4.451987E-6
2.340200E+4 5.555554E-2 4.563681E-6
2.380200E+4 6.565656E-2 4.682822E-6
2.420200E+4 7.575757E-2 4.787070E-6
2.460200E+4 8.585858E-2 4.898764E-6
2.500200E+4 9.595960E-2 5.003013E-6
2.540200E+4 1.060606E-1 5.114707E-6
2.580200E+4 1.161616E-1 5.226401E-6
2.620200E+4 1.262626E-1 5.330649E-6
2.660200E+4 1.363636E-1 5.420004E-6
2.700200E+4 1.464647E-1 5.531699E-6
2.740200E+4 1.565657E-1 5.628501E-6
2.780200E+4 1.666667E-1 5.702963E-6
2.820200E+4 1.767677E-1 5.769980E-6
2.860200E+4 1.868687E-1 5.822104E-6
2.900200E+4 1.969697E-1 5.874228E-6
2.940200E+4 2.070707E-1 5.911460E-6
2.980200E+4 2.171718E-1 5.933799E-6
3.020200E+4 2.272728E-1 5.941245E-6
3.060200E+4 2.373738E-1 5.948691E-6
3.100200E+4 2.474748E-1 5.941245E-6
3.140200E+4 2.575758E-1 5.933799E-6
3.180200E+4 2.676768E-1 5.911460E-6
3.220200E+4 2.777778E-1 5.896567E-6
3.260200E+4 2.878788E-1 5.874228E-6
3.300200E+4 2.979798E-1 5.851889E-6
3.340200E+4 3.080808E-1 5.829550E-6
3.380200E+4 3.181818E-1 5.799765E-6
3.420200E+4 3.282828E-1 5.777426E-6
3.460200E+4 3.383839E-1 5.747641E-6
3.500200E+4 3.484849E-1 5.717856E-6
3.540200E+4 3.585859E-1 5.688071E-6
3.580200E+4 3.686869E-1 5.658286E-6
3.620200E+4 3.787879E-1 5.613608E-6
3.660200E+4 3.888889E-1 5.576376E-6
3.700200E+4 3.989899E-1 5.539145E-6
3.740200E+4 4.090909E-1 5.487021E-6
3.780200E+4 4.191920E-1 5.442344E-6
3.820200E+4 4.292930E-1 5.397666E-6
3.860200E+4 4.393940E-1 5.360434E-6
3.900200E+4 4.494950E-1 5.323202E-6
3.940200E+4 4.595960E-1 5.285971E-6
3.980200E+4 4.696970E-1 5.256186E-6
4.020200E+4 4.797980E-1 5.233847E-6
4.060200E+4 4.898990E-1 5.218955E-6
4.100200E+4 5.000000E-1 5.211508E-6
4.140200E+4 5.000000E-1 4.876425E-6
4.180200E+4 4.898990E-1 4.288168E-6
4.220200E+4 4.797980E-1 3.796713E-6
4.260200E+4 4.696970E-1 3.379721E-6
4.300200E+4 4.595959E-1 2.999961E-6
4.340200E+4 4.494949E-1 2.702109E-6
4.380200E+4 4.393939E-1 2.396811E-6
4.420200E+4 4.292929E-1 2.121298E-6
4.460200E+4 4.191919E-1 1.875571E-6
4.500200E+4 4.090909E-1 1.629843E-6
4.540200E+4 3.989899E-1 1.406455E-6
4.580200E+4 3.888889E-1 1.205405E-6
4.620200E+4 3.787879E-1 1.026694E-6
4.670200E+4 3.686869E-1 9.254844E-7
4.710200E+4 3.585859E-1 6.946493E-7
4.750200E+4 3.484849E-1 5.278525E-7
4.790200E+4 3.383839E-1 3.714804E-7
4.830200E+4 3.282828E-1 2.255332E-7
4.900300E+4 3.181818E-1 2.687216E-7
4.950300E+4 3.080808E-1 1.282608E-7
4.990300E+4 2.979798E-1 -9.550013E-8
5.040200E+4 2.878788E-1 -1.683755E-7
5.080200E+4 2.777778E-1 -3.805948E-7
5.120200E+4 2.676768E-1 -5.369668E-7
5.160200E+4 2.575758E-1 -6.911050E-7
5.200200E+4 2.474747E-1 -8.407754E-7
5.240200E+4 2.373737E-1 -9.919351E-7
5.280200E+4 2.272727E-1 -1.145329E-6
5.320200E+4 2.171717E-1 -1.294999E-6
5.370200E+4 2.070707E-1 -1.363565E-6
5.410200E+4 1.969697E-1 -1.549722E-6
5.450200E+4 1.868687E-1 -1.713540E-6
5.490200E+4 1.767677E-1 -1.877359E-6
5.530200E+4 1.666667E-1 -2.048623E-6
5.570200E+4 1.565656E-1 -2.212442E-6
5.610200E+4 1.464646E-1 -2.383706E-6
5.650200E+4 1.363636E-1 -2.554971E-6
5.690200E+4 1.262626E-1 -2.726236E-6
5.730200E+4 1.161616E-1 -2.890054E-6
5.770200E+4 1.060606E-1 -3.061319E-6
5.810200E+4 9.595960E-2 -3.225137E-6
5.850200E+4 8.585858E-2 -3.381509E-6
5.890200E+4 7.575757E-2 -3.545327E-6
5.930200E+4 6.565656E-2 -3.701700E-6
5.970200E+4 5.555554E-2 -3.858072E-6
6.010200E+4 4.545453E-2 -3.999551E-6
6.050200E+4 3.535352E-2 -4.133584E-6
6.090200E+4 2.525250E-2 -4.267617E-6
6.130200E+4 1.515149E-2 -4.401651E-6
6.170200E+4 5.050506E-3 -4.520792E-6
6.210200E+4 -5.050506E-3 -4.625039E-6
6.250200E+4 -1.515155E-2 -4.736734E-6
6.290200E+4 -2.525256E-2 -4.840982E-6
6.330200E+4 -3.535357E-2 -4.937784E-6
6.370200E+4 -4.545453E-2 -5.027139E-6
6.410200E+4 -5.555554E-2 -5.101602E-6
6.450200E+4 -6.565656E-2 -5.183511E-6
6.490200E+4 -7.575757E-2 -5.250528E-6
6.530200E+4 -8.585858E-2 -5.339883E-6
6.570200E+4 -9.595960E-2 -5.421792E-6
6.610200E+4 -1.060606E-1 -5.503702E-6
6.650200E+4 -1.161616E-1 -5.593057E-6
6.690200E+4 -1.262626E-1 -5.667519E-6
6.730200E+4 -1.363636E-1 -5.741982E-6
6.770200E+4 -1.464647E-1 -5.809000E-6
6.810200E+4 -1.565657E-1 -5.890908E-6
6.850200E+4 -1.666667E-1 -5.943033E-6
6.890200E+4 -1.767677E-1 -5.987710E-6
6.930200E+4 -1.868687E-1 -6.017495E-6
6.970200E+4 -1.969697E-1 -6.039834E-6
7.010200E+4 -2.070707E-1 -6.047280E-6
7.050200E+4 -2.171718E-1 -6.047280E-6
7.090200E+4 -2.272728E-1 -6.039834E-6
7.130200E+4 -2.373738E-1 -6.024942E-6
7.170200E+4 -2.474748E-1 -6.002603E-6
7.210200E+4 -2.575758E-1 -5.980264E-6
7.250200E+4 -2.676768E-1 -5.957925E-6
7.290200E+4 -2.777778E-1 -5.935586E-6
7.330200E+4 -2.878788E-1 -5.913248E-6
7.370200E+4 -2.979798E-1 -5.890908E-6
7.410200E+4 -3.080808E-1 -5.868570E-6
7.450200E+4 -3.181818E-1 -5.853677E-6
7.490200E+4 -3.282828E-1 -5.831338E-6
7.530200E+4 -3.383839E-1 -5.801553E-6
7.570200E+4 -3.484849E-1 -5.779214E-6
7.610200E+4 -3.585859E-1 -5.749429E-6
7.650200E+4 -3.686869E-1 -5.727090E-6
7.690200E+4 -3.787879E-1 -5.697305E-6
7.730200E+4 -3.888889E-1 -5.667519E-6
7.770200E+4 -3.989899E-1 -5.630288E-6
7.810200E+4 -4.090909E-1 -5.607949E-6
7.850200E+4 -4.191920E-1 -5.570718E-6
7.890200E+4 -4.292930E-1 -5.533487E-6
7.930200E+4 -4.393940E-1 -5.511148E-6
7.970200E+4 -4.494950E-1 -5.481362E-6
8.010200E+4 -4.595960E-1 -5.459024E-6
8.050200E+4 -4.696970E-1 -5.436685E-6
8.090200E+4 -4.797980E-1 -5.421792E-6
8.130200E+4 -4.898990E-1 -5.414346E-6
8.170200E+4 -5.000000E-1 -5.406900E-6
