1.103000E+3 -5.000000E-1 -7.350381E-6
1.503000E+3 -4.898990E-1 -6.441934E-6
1.903000E+3 -4.797980E-1 -5.503702E-6
2.303000E+3 -4.696970E-1 -4.781411E-6
2.703000E+3 -4.595959E-1 -4.141031E-6
3.103000E+3 -4.494949E-1 -3.597451E-6
3.503000E+3 -4.393939E-1 -3.128335E-6
3.903000E+3 -4.292929E-1 -2.711343E-6
4.303000E+3 -4.191919E-1 -2.331582E-6
4.703000E+3 -4.090909E-1 -1.989053E-6
5.103000E+3 -3.989899E-1 -1.691202E-6
5.503000E+3 -3.888889E-1 -1.415689E-6
5.903000E+3 -3.787879E-1 -1.177408E-6
6.303000E+3 -3.686869E-1 -9.540188E-7
6.803000E+3 -3.585859E-1 -8.236489E-7
7.203000E+3 -3.484849E-1 -5.771768E-7
7.603000E+3 -3.383839E-1 -3.939981E-7
8.003000E+3 -3.282828E-1 -2.227334E-7
8.703000E+3 -3.181818E-1 -2.510293E-7
9.203000E+3 -3.080808E-1 -1.029464E-7
9.603000E+3 -2.979798E-1 1.295267E-7
1.010300E+4 -2.878788E-1 2.069174E-7
1.050300E+4 -2.777778E-1 4.154135E-7
1.090300E+4 -2.676768E-1 5.732749E-7
1.130300E+4 -2.575758E-1 7.192221E-7
1.170300E+4 -2.474747E-1 8.599570E-7
1.210300E+4 -2.373737E-1 1.001436E-6
1.250300E+4 -2.272727E-1 1.142171E-6
1.290300E+4 -2.171717E-1 1.280672E-6
1.340300E+4 -2.070707E-1 1.331992E-6
1.380300E+4 -1.969697E-1 1.518149E-6
1.420300E+4 -1.868687E-1 1.674521E-6
1.460300E+4 -1.767677E-1 1.838340E-6
1.500300E+4 -1.666667E-1 1.994712E-6
1.540300E+4 -1.565656E-1 2.151083E-6
1.580300E+4 -1.464646E-1 2.314902E-6
1.620300E+4 -1.363636E-1 2.471274E-6
1.660300E+4 -1.262626E-1 2.635092E-6
1.700300E+4 -1.161616E-1 2.791464E-6
1.740300E+4 -1.060606E-1 2.940390E-6
1.780300E+4 -9.595960E-2 3.104208E-6
1.820300E+4 -8.585858E-2 3.275473E-6
1.860300E+4 -7.575757E-2 3.439292E-6
1.900300E+4 -6.565656E-2 3.610556E-6
1.940300E+4 -5.555554E-2 3.774374E-6
1.980300E+4 -4.545453E-2 3.938193E-6
2.020300E+4 -3.535352E-2 4.102011E-6
2.060300E+4 -2.525250E-2 4.265830E-6
2.100300E+4 -1.515149E-2 4.414755E-6
2.140300E+4 -5.050506E-3 4.571127E-6
2.180300E+4 5.050506E-3 4.727499E-6
2.220300E+4 1.515155E-2 4.876425E-6
2.260300E+4 2.525256E-2 5.025351E-6
2.300300E+4 3.535357E-2 5.174277E-6
2.340300E+4 4.545453E-2 5.315756E-6
2.380300E+4 5.555554E-2 5.464682E-6
2.420300E+4 6.565656E-2 5.621054E-6
2.460300E+4 7.575757E-2 5.762533E-6
2.500300E+4 8.585858E-2 5.911460E-6
2.540300E+4 9.595960E-2 6.060385E-6
2.580300E+4 1.060606E-1 6.209311E-6
2.620300E+4 1.161616E-1 6.358237E-6
2.660300E+4 1.262626E-1 6.507163E-6
2.700300E+4 1.363636E-1 6.656088E-6
2.740300E+4 1.464647E-1 6.805014E-6
2.780300E+4 1.565657E-1 6.953940E-6
2.820300E+4 1.666667E-1 7.102866E-6
2.860300E+4 1.767677E-1 7.236899E-6
2.900300E+4 1.868687E-1 7.370932E-6
2.940300E+4 1.969697E-1 7.497519E-6
2.980300E+4 2.070707E-1 7.609214E-6
3.020300E+4 2.171718E-1 7.713462E-6
3.060300E+4 2.272728E-1 7.802817E-6
3.100300E+4 2.373738E-1 7.877280E-6
3.140300E+4 2.474748E-1 7.929404E-6
3.180300E+4 2.575758E-1 7.951743E-6
3.220300E+4 2.676768E-1 7.959189E-6
3.260300E+4 2.777778E-1 7.951743E-6
3.300300E+4 2.878788E-1 7.921958E-6
3.340300E+4 2.979798E-1 7.862388E-6
3.380300E+4 3.080808E-1 7.787925E-6
3.420300E+4 3.181818E-1 7.706016E-6
3.460300E+4 3.282828E-1 7.624106E-6
3.500300E+4 3.383839E-1 7.527304E-6
3.540300E+4 3.484849E-1 7.423057E-6
3.580300E+4 3.585859E-1 7.318808E-6
3.620300E+4 3.686869E-1 7.214560E-6
3.660300E+4 3.787879E-1 7.102866E-6
3.700300E+4 3.888889E-1 6.991171E-6
3.740300E+4 3.989899E-1 6.886924E-6
3.780300E+4 4.090909E-1 6.782675E-6
3.820300E+4 4.191920E-1 6.678427E-6
3.860300E+4 4.292930E-1 6.581625E-6
3.900300E+4 4.393940E-1 6.484824E-6
3.940300E+4 4.494950E-1 6.395468E-6
3.980300E+4 4.595960E-1 6.313559E-6
4.020300E+4 4.696970E-1 6.239096E-6
4.060300E+4 4.797980E-1 6.164633E-6
4.100300E+4 4.898990E-1 6.097617E-6
4.140300E+4 5.000000E-1 6.045493E-6
4.180300E+4 5.000000E-1 5.658286E-6
4.220300E+4 4.898990E-1 5.003013E-6
4.260300E+4 4.797980E-1 4.474326E-6
4.300300E+4 4.696970E-1 4.020102E-6
4.340300E+4 4.595959E-1 3.632895E-6
4.380300E+4 4.494949E-1 3.275473E-6
4.420300E+4 4.393939E-1 2.947836E-6
4.460300E+4 4.292929E-1 2.694662E-6
4.500300E+4 4.191919E-1 2.426596E-6
4.540300E+4 4.090909E-1 2.180869E-6
4.580300E+4 3.989899E-1 1.950034E-6
4.620300E+4 3.888889E-1 1.741538E-6
4.660300E+4 3.787879E-1 1.525595E-6
4.700300E+4 3.686869E-1 1.339438E-6
4.740300E+4 3.585859E-1 1.153281E-6
4.780300E+4 3.484849E-1 9.894626E-7
4.830300E+4 3.383839E-1 9.135703E-7
4.870300E+4 3.282828E-1 6.886924E-7
4.910300E+4 3.181818E-1 5.211508E-7
4.950300E+4 3.080808E-1 3.662680E-7
4.990300E+4 2.979798E-1 2.188315E-7
5.060400E+4 2.878788E-1 2.649985E-7
5.110400E+4 2.777778E-1 1.133683E-7
5.150400E+4 2.676768E-1 -1.254342E-7
5.200300E+4 2.575758E-1 -2.175210E-7
5.240300E+4 2.474747E-1 -4.386758E-7
5.280300E+4 2.373737E-1 -6.054727E-7
5.320300E+4 2.272727E-1 -7.752481E-7
5.360300E+4 2.171717E-1 -9.390664E-7
5.400300E+4 2.070707E-1 -1.105863E-6
5.440300E+4 1.969697E-1 -1.272660E-6
5.490300E+4 1.868687E-1 -1.356118E-6
5.530300E+4 1.767677E-1 -1.564614E-6
5.570300E+4 1.666667E-1 -1.743325E-6
5.610300E+4 1.565656E-1 -1.922037E-6
5.650300E+4 1.464646E-1 -2.115640E-6
5.690300E+4 1.363636E-1 -2.301797E-6
5.730300E+4 1.262626E-1 -2.487955E-6
5.770300E+4 1.161616E-1 -2.674112E-6
5.810300E+4 1.060606E-1 -2.867715E-6
5.850300E+4 9.595960E-2 -3.061319E-6
5.890300E+4 8.585858E-2 -3.247476E-6
5.930300E+4 7.575757E-2 -3.426187E-6
5.970300E+4 6.565656E-2 -3.612344E-6
6.010300E+4 5.555554E-2 -3.805948E-6
6.050300E+4 4.545453E-2 -3.984659E-6
6.090300E+4 3.535352E-2 -4.163369E-6
6.130300E+4 2.525250E-2 -4.334634E-6
6.170300E+4 1.515149E-2 -4.513345E-6
6.210300E+4 5.050506E-3 -4.669717E-6
6.250300E+4 -5.050506E-3 -4.826089E-6
6.290300E+4 -1.515155E-2 -4.982461E-6
6.330300E+4 -2.525256E-2 -5.116494E-6
6.370300E+4 -3.535357E-2 -5.228188E-6
6.410300E+4 -4.545453E-2 -5.354776E-6
6.450300E+4 -5.555554E-2 -5.488809E-6
6.490300E+4 -6.565656E-2 -5.615396E-6
6.530300E+4 -7.575757E-2 -5.741982E-6
6.570300E+4 -8.585858E-2 -5.876016E-6
6.610300E+4 -9.595960E-2 -6.002603E-6
6.650300E+4 -1.060606E-1 -6.136636E-6
6.690300E+4 -1.161616E-1 -6.263223E-6
6.730300E+4 -1.262626E-1 -6.397256E-6
6.770300E+4 -1.363636E-1 -6.523843E-6
6.810300E+4 -1.464647E-1 -6.657876E-6
6.850300E+4 -1.565657E-1 -6.784463E-6
6.890300E+4 -1.666667E-1 -6.911050E-6
6.930300E+4 -1.767677E-1 -7.030191E-6
6.970300E+4 -1.868687E-1 -7.134439E-6
7.010300E+4 -1.969697E-1 -7.238687E-6
7.050300E+4 -2.070707E-1 -7.342935E-6
7.090300E+4 -2.171718E-1 -7.424844E-6
7.130300E+4 -2.272728E-1 -7.484415E-6
7.170300E+4 -2.373738E-1 -7.543985E-6
7.210300E+4 -2.474748E-1 -7.573770E-6
7.250300E+4 -2.575758E-1 -7.588662E-6
7.290300E+4 -2.676768E-1 -7.573770E-6
7.330300E+4 -2.777778E-1 -7.551431E-6
7.370300E+4 -2.878788E-1 -7.499307E-6
7.410300E+4 -2.979798E-1 -7.432290E-6
7.450300E+4 -3.080808E-1 -7.342935E-6
7.490300E+4 -3.181818E-1 -7.246133E-6
7.530300E+4 -3.282828E-1 -7.149331E-6
7.570300E+4 -3.383839E-1 -7.037637E-6
7.610300E+4 -3.484849E-1 -6.933389E-6
7.650300E+4 -3.585859E-1 -6.829141E-6
7.690300E+4 -3.686869E-1 -6.724893E-6
7.730300E+4 -3.787879E-1 -6.620645E-6
7.770300E+4 -3.888889E-1 -6.523843E-6
7.810300E+4 -3.989899E-1 -6.434488E-6
7.850300E+4 -4.090909E-1 -6.345132E-6
7.890300E+4 -4.191920E-1 -6.255777E-6
7.930300E+4 -4.292930E-1 -6.173867E-6
7.970300E+4 -4.393940E-1 -6.099405E-6
8.010300E+4 -4.494950E-1 -6.032388E-6
8.050300E+4 -4.595960E-1 -5.965371E-6
8.090300E+4 -4.696970E-1 -5.905801E-6
8.130300E+4 -4.797980E-1 -5.853677E-6
8.170300E+4 -4.898990E-1 -5.801553E-6
8.210300E+4 -5.000000E-1 -5.764321E-6
