1.103000E+3 -5.000000E-1 -6.851480E-6
1.503000E+3 -4.898990E-1 -5.943033E-6
1.903000E+3 -4.797980E-1 -5.079263E-6
2.303000E+3 -4.696970E-1 -4.394204E-6
2.703000E+3 -4.595959E-1 -3.820840E-6
3.103000E+3 -4.494949E-1 -3.329385E-6
3.503000E+3 -4.393939E-1 -2.912393E-6
3.903000E+3 -4.292929E-1 -2.547525E-6
4.303000E+3 -4.191919E-1 -2.227334E-6
4.703000E+3 -4.090909E-1 -1.922037E-6
5.103000E+3 -3.989899E-1 -1.661416E-6
5.503000E+3 -3.888889E-1 -1.423135E-6
5.903000E+3 -3.787879E-1 -1.214639E-6
6.303000E+3 -3.686869E-1 -1.013589E-6
6.803000E+3 -3.585859E-1 -9.189614E-7
7.203000E+3 -3.484849E-1 -6.799356E-7
7.603000E+3 -3.383839E-1 -5.086710E-7
8.003000E+3 -3.282828E-1 -3.493203E-7
8.403000E+3 -3.181818E-1 -1.936929E-7
9.103000E+3 -3.080808E-1 -2.465616E-7
9.603000E+3 -2.979798E-1 -9.795741E-8
1.000300E+4 -2.878788E-1 1.386856E-7
1.050300E+4 -2.777778E-1 2.188315E-7
1.090300E+4 -2.676768E-1 4.355185E-7
1.130300E+4 -2.575758E-1 5.933799E-7
1.170300E+4 -2.474747E-1 7.467734E-7
1.210300E+4 -2.373737E-1 8.971885E-7
1.250300E+4 -2.272727E-1 1.052071E-6
1.290300E+4 -2.171717E-1 1.201742E-6
1.330300E+4 -2.070707E-1 1.353646E-6
1.380300E+4 -1.969697E-1 1.428794E-6
1.420300E+4 -1.868687E-1 1.629843E-6
1.460300E+4 -1.767677E-1 1.808554E-6
1.500300E+4 -1.666667E-1 1.972373E-6
1.540300E+4 -1.565656E-1 2.143637E-6
1.580300E+4 -1.464646E-1 2.322348E-6
1.620300E+4 -1.363636E-1 2.493613E-6
1.660300E+4 -1.262626E-1 2.672324E-6
1.700300E+4 -1.161616E-1 2.836142E-6
1.740300E+4 -1.060606E-1 2.999961E-6
1.780300E+4 -9.595960E-2 3.178671E-6
1.820300E+4 -8.585858E-2 3.364828E-6
1.860300E+4 -7.575757E-2 3.543540E-6
1.900300E+4 -6.565656E-2 3.729697E-6
1.940300E+4 -5.555554E-2 3.900961E-6
1.980300E+4 -4.545453E-2 4.072226E-6
2.020300E+4 -3.535352E-2 4.250937E-6
2.060300E+4 -2.525250E-2 4.399863E-6
2.100300E+4 -1.515149E-2 4.563681E-6
2.140300E+4 -5.050506E-3 4.712607E-6
2.180300E+4 5.050506E-3 4.854086E-6
2.220300E+4 1.515155E-2 4.995566E-6
2.260300E+4 2.525256E-2 5.129599E-6
2.300300E+4 3.535357E-2 5.256186E-6
2.340300E+4 4.545453E-2 5.382773E-6
2.380300E+4 5.555554E-2 5.516806E-6
2.420300E+4 6.565656E-2 5.635947E-6
2.460300E+4 7.575757E-2 5.755087E-6
2.500300E+4 8.585858E-2 5.874228E-6
2.540300E+4 9.595960E-2 5.993369E-6
2.580300E+4 1.060606E-1 6.105063E-6
2.620300E+4 1.161616E-1 6.231650E-6
2.660300E+4 1.262626E-1 6.343344E-6
2.700300E+4 1.363636E-1 6.455039E-6
2.740300E+4 1.464647E-1 6.559287E-6
2.780300E+4 1.565657E-1 6.670981E-6
2.820300E+4 1.666667E-1 6.767782E-6
2.860300E+4 1.767677E-1 6.857138E-6
2.900300E+4 1.868687E-1 6.931601E-6
2.940300E+4 1.969697E-1 7.006064E-6
2.980300E+4 2.070707E-1 7.065634E-6
3.020300E+4 2.171718E-1 7.110312E-6
3.060300E+4 2.272728E-1 7.132651E-6
3.100300E+4 2.373738E-1 7.147543E-6
3.140300E+4 2.474748E-1 7.147543E-6
3.180300E+4 2.575758E-1 7.125205E-6
3.220300E+4 2.676768E-1 7.095419E-6
3.260300E+4 2.777778E-1 7.050742E-6
3.300300E+4 2.878788E-1 6.998618E-6
3.340300E+4 2.979798E-1 6.939048E-6
3.380300E+4 3.080808E-1 6.879477E-6
3.420300E+4 3.181818E-1 6.812460E-6
3.460300E+4 3.282828E-1 6.745444E-6
3.500300E+4 3.383839E-1 6.678427E-6
3.540300E+4 3.484849E-1 6.611410E-6
3.580300E+4 3.585859E-1 6.536948E-6
3.620300E+4 3.686869E-1 6.469931E-6
3.660300E+4 3.787879E-1 6.395468E-6
3.700300E+4 3.888889E-1 6.321005E-6
3.740300E+4 3.989899E-1 6.253989E-6
3.780300E+4 4.090909E-1 6.179526E-6
3.820300E+4 4.191920E-1 6.097617E-6
3.860300E+4 4.292930E-1 6.023154E-6
3.900300E+4 4.393940E-1 5.948691E-6
3.940300E+4 4.494950E-1 5.881674E-6
3.980300E+4 4.595960E-1 5.814658E-6
4.020300E+4 4.696970E-1 5.762533E-6
4.060300E+4 4.797980E-1 5.702963E-6
4.100300E+4 4.898990E-1 5.665732E-6
4.140300E+4 5.000000E-1 5.628501E-6
4.180300E+4 5.000000E-1 5.248740E-6
4.220300E+4 4.898990E-1 4.615805E-6
4.260300E+4 4.797980E-1 4.087119E-6
4.300300E+4 4.696970E-1 3.647787E-6
4.340300E+4 4.595959E-1 3.245688E-6
4.380300E+4 4.494949E-1 2.895712E-6
4.420300E+4 4.393939E-1 2.605307E-6
4.460300E+4 4.292929E-1 2.314902E-6
4.500300E+4 4.191919E-1 2.046835E-6
4.540300E+4 4.090909E-1 1.801108E-6
4.580300E+4 3.989899E-1 1.555381E-6
4.620300E+4 3.888889E-1 1.346884E-6
4.660300E+4 3.787879E-1 1.153281E-6
4.700300E+4 3.686869E-1 9.671237E-7
4.750300E+4 3.585859E-1 8.755942E-7
4.790300E+4 3.484849E-1 6.462485E-7
4.830300E+4 3.383839E-1 4.772177E-7
4.870300E+4 3.282828E-1 3.186118E-7
4.910300E+4 3.181818E-1 1.674521E-7
4.960300E+4 3.080808E-1 1.284842E-7
5.000300E+4 2.979798E-1 -8.708583E-8
5.050200E+4 2.878788E-1 -1.393350E-7
5.090200E+4 2.777778E-1 -3.545327E-7
5.130200E+4 2.676768E-1 -5.123941E-7
5.170200E+4 2.575758E-1 -6.635537E-7
5.210200E+4 2.474747E-1 -8.147134E-7
5.250200E+4 2.373737E-1 -9.673623E-7
5.290200E+4 2.272727E-1 -1.123734E-6
5.330200E+4 2.171717E-1 -1.277873E-6
5.380200E+4 2.070707E-1 -1.341226E-6
5.420200E+4 1.969697E-1 -1.534829E-6
5.460200E+4 1.868687E-1 -1.706094E-6
5.500200E+4 1.767677E-1 -1.869912E-6
5.540200E+4 1.666667E-1 -2.056070E-6
5.580200E+4 1.565656E-1 -2.227334E-6
5.620200E+4 1.464646E-1 -2.398599E-6
5.660200E+4 1.363636E-1 -2.577310E-6
5.700200E+4 1.262626E-1 -2.756021E-6
5.740200E+4 1.161616E-1 -2.927285E-6
5.780200E+4 1.060606E-1 -3.098550E-6
5.820200E+4 9.595960E-2 -3.269815E-6
5.860200E+4 8.585858E-2 -3.433633E-6
5.900200E+4 7.575757E-2 -3.604898E-6
5.940200E+4 6.565656E-2 -3.761270E-6
5.980200E+4 5.555554E-2 -3.917642E-6
6.020200E+4 4.545453E-2 -4.066568E-6
6.060200E+4 3.535352E-2 -4.208047E-6
6.100200E+4 2.525250E-2 -4.342081E-6
6.140200E+4 1.515149E-2 -4.476114E-6
6.180200E+4 5.050506E-3 -4.595254E-6
6.220200E+4 -5.050506E-3 -4.706949E-6
6.260200E+4 -1.515155E-2 -4.818643E-6
6.300200E+4 -2.525256E-2 -4.930338E-6
6.340200E+4 -3.535357E-2 -5.034586E-6
6.380200E+4 -4.545453E-2 -5.116494E-6
6.420200E+4 -5.555554E-2 -5.198403E-6
6.460200E+4 -6.565656E-2 -5.287759E-6
6.500200E+4 -7.575757E-2 -5.384561E-6
6.540200E+4 -8.585858E-2 -5.488809E-6
6.580200E+4 -9.595960E-2 -5.578164E-6
6.620200E+4 -1.060606E-1 -5.682412E-6
6.660200E+4 -1.161616E-1 -5.779214E-6
6.700200E+4 -1.262626E-1 -5.883463E-6
6.740200E+4 -1.363636E-1 -5.980264E-6
6.780200E+4 -1.464647E-1 -6.062173E-6
6.820200E+4 -1.565657E-1 -6.144082E-6
6.860200E+4 -1.666667E-1 -6.211099E-6
6.900200E+4 -1.767677E-1 -6.270669E-6
6.940200E+4 -1.868687E-1 -6.315347E-6
6.980200E+4 -1.969697E-1 -6.352579E-6
7.020200E+4 -2.070707E-1 -6.367471E-6
7.060200E+4 -2.171718E-1 -6.374917E-6
7.100200E+4 -2.272728E-1 -6.360025E-6
7.140200E+4 -2.373738E-1 -6.345132E-6
7.180200E+4 -2.474748E-1 -6.322794E-6
7.220200E+4 -2.575758E-1 -6.285562E-6
7.260200E+4 -2.676768E-1 -6.248330E-6
7.300200E+4 -2.777778E-1 -6.218545E-6
7.340200E+4 -2.878788E-1 -6.181314E-6
7.380200E+4 -2.979798E-1 -6.151528E-6
7.420200E+4 -3.080808E-1 -6.114297E-6
7.460200E+4 -3.181818E-1 -6.084512E-6
7.500200E+4 -3.282828E-1 -6.047280E-6
7.540200E+4 -3.383839E-1 -6.010049E-6
7.580200E+4 -3.484849E-1 -5.972818E-6
7.620200E+4 -3.585859E-1 -5.935586E-6
7.660200E+4 -3.686869E-1 -5.890908E-6
7.700200E+4 -3.787879E-1 -5.853677E-6
7.740200E+4 -3.888889E-1 -5.794107E-6
7.780200E+4 -3.989899E-1 -5.741982E-6
7.820200E+4 -4.090909E-1 -5.704751E-6
7.860200E+4 -4.191920E-1 -5.652627E-6
7.900200E+4 -4.292930E-1 -5.607949E-6
7.940200E+4 -4.393940E-1 -5.570718E-6
7.980200E+4 -4.494950E-1 -5.526040E-6
8.020200E+4 -4.595960E-1 -5.488809E-6
8.060200E+4 -4.696970E-1 -5.451577E-6
8.100200E+4 -4.797980E-1 -5.421792E-6
8.140200E+4 -4.898990E-1 -5.399454E-6
8.180200E+4 -5.000000E-1 -5.377115E-6
