1.103000E+3 -5.000000E-1 -7.469522E-6
1.503000E+3 -4.898990E-1 -6.553628E-6
1.903000E+3 -4.797980E-1 -5.607949E-6
2.303000E+3 -4.696970E-1 -4.885660E-6
2.703000E+3 -4.595959E-1 -4.237832E-6
3.103000E+3 -4.494949E-1 -3.701700E-6
3.503000E+3 -4.393939E-1 -3.217691E-6
3.903000E+3 -4.292929E-1 -2.800699E-6
4.303000E+3 -4.191919E-1 -2.428384E-6
4.703000E+3 -4.090909E-1 -2.093301E-6
5.103000E+3 -3.989899E-1 -1.773111E-6
5.503000E+3 -3.888889E-1 -1.505044E-6
5.903000E+3 -3.787879E-1 -1.259317E-6
6.303000E+3 -3.686869E-1 -1.028482E-6
6.803000E+3 -3.585859E-1 -8.966226E-7
7.203000E+3 -3.484849E-1 -6.494058E-7
7.603000E+3 -3.383839E-1 -4.625039E-7
8.003000E+3 -3.282828E-1 -2.882608E-7
8.403000E+3 -3.181818E-1 -1.214639E-7
8.903000E+3 -3.080808E-1 -7.695888E-8
9.303000E+3 -2.979798E-1 1.389835E-7
9.803000E+3 -2.878788E-1 1.935141E-7
1.020300E+4 -2.777778E-1 3.938193E-7
1.060300E+4 -2.676768E-1 5.420004E-7
1.100300E+4 -2.575758E-1 6.827353E-7
1.140300E+4 -2.474747E-1 8.190024E-7
1.180300E+4 -2.373737E-1 9.545249E-7
1.220300E+4 -2.272727E-1 1.092281E-6
1.260300E+4 -2.171717E-1 1.227059E-6
1.300300E+4 -2.070707E-1 1.363326E-6
1.350300E+4 -1.969697E-1 1.421347E-6
1.390300E+4 -1.868687E-1 1.607504E-6
1.430300E+4 -1.767677E-1 1.771323E-6
1.470300E+4 -1.666667E-1 1.920249E-6
1.510300E+4 -1.565656E-1 2.076621E-6
1.550300E+4 -1.464646E-1 2.232993E-6
1.590300E+4 -1.363636E-1 2.396811E-6
1.630300E+4 -1.262626E-1 2.560630E-6
1.670300E+4 -1.161616E-1 2.717002E-6
1.710300E+4 -1.060606E-1 2.865927E-6
1.750300E+4 -9.595960E-2 3.014853E-6
1.790300E+4 -8.585858E-2 3.186118E-6
1.830300E+4 -7.575757E-2 3.349936E-6
1.870300E+4 -6.565656E-2 3.513754E-6
1.910300E+4 -5.555554E-2 3.685019E-6
1.950300E+4 -4.545453E-2 3.841391E-6
1.990300E+4 -3.535352E-2 3.997763E-6
2.030300E+4 -2.525250E-2 4.154135E-6
2.070300E+4 -1.515149E-2 4.317953E-6
2.110300E+4 -5.050506E-3 4.466880E-6
2.150300E+4 5.050506E-3 4.615805E-6
2.190300E+4 1.515155E-2 4.764731E-6
2.230300E+4 2.525256E-2 4.913657E-6
2.270300E+4 3.535357E-2 5.047690E-6
2.310300E+4 4.545453E-2 5.196615E-6
2.350300E+4 5.555554E-2 5.330649E-6
2.390300E+4 6.565656E-2 5.472129E-6
2.430300E+4 7.575757E-2 5.621054E-6
2.470300E+4 8.585858E-2 5.755087E-6
2.510300E+4 9.595960E-2 5.896567E-6
2.550300E+4 1.060606E-1 6.030600E-6
2.590300E+4 1.161616E-1 6.172079E-6
2.630300E+4 1.262626E-1 6.306113E-6
2.670300E+4 1.363636E-1 6.447593E-6
2.710300E+4 1.464647E-1 6.581625E-6
2.750300E+4 1.565657E-1 6.708212E-6
2.790300E+4 1.666667E-1 6.834799E-6
2.830300E+4 1.767677E-1 6.953940E-6
2.870300E+4 1.868687E-1 7.073081E-6
2.910300E+4 1.969697E-1 7.177328E-6
2.950300E+4 2.070707E-1 7.259238E-6
2.990300E+4 2.171718E-1 7.333701E-6
3.030300E+4 2.272728E-1 7.393271E-6
3.070300E+4 2.373738E-1 7.437949E-6
3.110300E+4 2.474748E-1 7.460288E-6
3.150300E+4 2.575758E-1 7.460288E-6
3.190300E+4 2.676768E-1 7.437949E-6
3.230300E+4 2.777778E-1 7.408164E-6
3.270300E+4 2.878788E-1 7.363486E-6
3.310300E+4 2.979798E-1 7.296469E-6
3.350300E+4 3.080808E-1 7.229453E-6
3.390300E+4 3.181818E-1 7.154990E-6
3.430300E+4 3.282828E-1 7.080527E-6
3.470300E+4 3.383839E-1 6.998618E-6
3.510300E+4 3.484849E-1 6.909262E-6
3.550300E+4 3.585859E-1 6.827353E-6
3.590300E+4 3.686869E-1 6.737997E-6
3.630300E+4 3.787879E-1 6.656088E-6
3.670300E+4 3.888889E-1 6.566733E-6
3.710300E+4 3.989899E-1 6.477378E-6
3.750300E+4 4.090909E-1 6.388022E-6
3.790300E+4 4.191920E-1 6.306113E-6
3.830300E+4 4.292930E-1 6.224204E-6
3.870300E+4 4.393940E-1 6.149741E-6
3.910300E+4 4.494950E-1 6.075278E-6
3.950300E+4 4.595960E-1 6.008262E-6
3.990300E+4 4.696970E-1 5.948691E-6
4.030300E+4 4.797980E-1 5.889121E-6
4.070300E+4 4.898990E-1 5.844443E-6
4.110300E+4 5.000000E-1 5.807211E-6
4.150300E+4 5.000000E-1 5.427451E-6
4.190300E+4 4.898990E-1 4.794516E-6
4.230300E+4 4.797980E-1 4.280722E-6
4.270300E+4 4.696970E-1 3.841391E-6
4.310300E+4 4.595959E-1 3.454184E-6
4.350300E+4 4.494949E-1 3.104208E-6
4.390300E+4 4.393939E-1 2.813803E-6
4.430300E+4 4.292929E-1 2.538291E-6
4.470300E+4 4.191919E-1 2.277671E-6
4.510300E+4 4.090909E-1 2.031943E-6
4.550300E+4 3.989899E-1 1.816001E-6
4.590300E+4 3.888889E-1 1.592612E-6
4.630300E+4 3.787879E-1 1.399009E-6
4.670300E+4 3.686869E-1 1.212851E-6
4.710300E+4 3.585859E-1 1.041587E-6
4.760300E+4 3.484849E-1 9.671836E-7
4.800300E+4 3.383839E-1 7.415610E-7
4.840300E+4 3.282828E-1 5.799765E-7
4.880300E+4 3.181818E-1 4.236045E-7
4.920300E+4 3.080808E-1 2.791464E-7
4.960300E+4 2.979798E-1 1.361777E-7
5.010300E+4 2.878788E-1 1.060709E-7
5.050300E+4 2.777778E-1 -1.081588E-7
5.100200E+4 2.676768E-1 -1.646524E-7
5.140200E+4 2.575758E-1 -3.768716E-7
5.180200E+4 2.474747E-1 -5.280313E-7
5.220200E+4 2.373737E-1 -6.814249E-7
5.260200E+4 2.272727E-1 -8.377968E-7
5.300200E+4 2.171717E-1 -9.919351E-7
5.340200E+4 2.070707E-1 -1.146818E-6
5.380200E+4 1.969697E-1 -1.303935E-6
5.430200E+4 1.868687E-1 -1.378457E-6
5.470200E+4 1.767677E-1 -1.579507E-6
5.510200E+4 1.666667E-1 -1.750772E-6
5.550200E+4 1.565656E-1 -1.922037E-6
5.590200E+4 1.464646E-1 -2.115640E-6
5.630200E+4 1.363636E-1 -2.294351E-6
5.670200E+4 1.262626E-1 -2.473062E-6
5.710200E+4 1.161616E-1 -2.659219E-6
5.750200E+4 1.060606E-1 -2.845376E-6
5.790200E+4 9.595960E-2 -3.031534E-6
5.830200E+4 8.585858E-2 -3.217691E-6
5.870200E+4 7.575757E-2 -3.396402E-6
5.910200E+4 6.565656E-2 -3.582559E-6
5.950200E+4 5.555554E-2 -3.761270E-6
5.990200E+4 4.545453E-2 -3.947427E-6
6.030200E+4 3.535352E-2 -4.126138E-6
6.070200E+4 2.525250E-2 -4.289956E-6
6.110200E+4 1.515149E-2 -4.461221E-6
6.150200E+4 5.050506E-3 -4.625039E-6
6.190200E+4 -5.050506E-3 -4.781411E-6
6.230200E+4 -1.515155E-2 -4.930338E-6
6.270200E+4 -2.525256E-2 -5.071817E-6
6.310200E+4 -3.535357E-2 -5.190957E-6
6.350200E+4 -4.545453E-2 -5.295205E-6
6.390200E+4 -5.555554E-2 -5.429239E-6
6.430200E+4 -6.565656E-2 -5.548379E-6
6.470200E+4 -7.575757E-2 -5.667519E-6
6.510200E+4 -8.585858E-2 -5.779214E-6
6.550200E+4 -9.595960E-2 -5.913248E-6
6.590200E+4 -1.060606E-1 -6.032388E-6
6.630200E+4 -1.161616E-1 -6.151528E-6
6.670200E+4 -1.262626E-1 -6.263223E-6
6.710200E+4 -1.363636E-1 -6.389810E-6
6.750200E+4 -1.464647E-1 -6.501504E-6
6.790200E+4 -1.565657E-1 -6.620645E-6
6.830200E+4 -1.666667E-1 -6.724893E-6
6.870200E+4 -1.767677E-1 -6.821695E-6
6.910200E+4 -1.868687E-1 -6.925943E-6
6.950200E+4 -1.969697E-1 -7.007852E-6
6.990200E+4 -2.070707E-1 -7.082314E-6
7.030200E+4 -2.171718E-1 -7.134439E-6
7.070200E+4 -2.272728E-1 -7.179116E-6
7.110200E+4 -2.373738E-1 -7.208901E-6
7.150200E+4 -2.474748E-1 -7.216348E-6
7.190200E+4 -2.575758E-1 -7.201455E-6
7.230200E+4 -2.676768E-1 -7.171670E-6
7.270200E+4 -2.777778E-1 -7.126992E-6
7.310200E+4 -2.878788E-1 -7.059976E-6
7.350200E+4 -2.979798E-1 -6.985513E-6
7.390200E+4 -3.080808E-1 -6.903604E-6
7.430200E+4 -3.181818E-1 -6.814249E-6
7.470200E+4 -3.282828E-1 -6.724893E-6
7.510200E+4 -3.383839E-1 -6.635537E-6
7.550200E+4 -3.484849E-1 -6.546182E-6
7.590200E+4 -3.585859E-1 -6.456826E-6
7.630200E+4 -3.686869E-1 -6.374917E-6
7.670200E+4 -3.787879E-1 -6.285562E-6
7.710200E+4 -3.888889E-1 -6.211099E-6
7.750200E+4 -3.989899E-1 -6.129190E-6
7.790200E+4 -4.090909E-1 -6.062173E-6
7.830200E+4 -4.191920E-1 -5.995157E-6
7.870200E+4 -4.292930E-1 -5.928140E-6
7.910200E+4 -4.393940E-1 -5.868570E-6
7.950200E+4 -4.494950E-1 -5.801553E-6
7.990200E+4 -4.595960E-1 -5.749429E-6
8.030200E+4 -4.696970E-1 -5.704751E-6
8.070200E+4 -4.797980E-1 -5.674966E-6
8.110200E+4 -4.898990E-1 -5.645181E-6
8.150200E+4 -5.000000E-1 -5.622842E-6
