1.103000E+3 -5.000000E-1 -6.762124E-6
1.503000E+3 -4.898990E-1 -5.913248E-6
1.903000E+3 -4.797980E-1 -5.101602E-6
2.303000E+3 -4.696970E-1 -4.453775E-6
2.703000E+3 -4.595959E-1 -3.902750E-6
3.103000E+3 -4.494949E-1 -3.441080E-6
3.503000E+3 -4.393939E-1 -3.038980E-6
3.903000E+3 -4.292929E-1 -2.689004E-6
4.303000E+3 -4.191919E-1 -2.376260E-6
4.703000E+3 -4.090909E-1 -2.093301E-6
5.103000E+3 -3.989899E-1 -1.825235E-6
5.503000E+3 -3.888889E-1 -1.594400E-6
5.903000E+3 -3.787879E-1 -1.378457E-6
6.303000E+3 -3.686869E-1 -1.192300E-6
6.703000E+3 -3.585859E-1 -1.006143E-6
7.203000E+3 -3.484849E-1 -9.137490E-7
7.603000E+3 -3.383839E-1 -6.940835E-7
8.003000E+3 -3.282828E-1 -5.257974E-7
8.403000E+3 -3.181818E-1 -3.701700E-7
8.803000E+3 -3.080808E-1 -2.212442E-7
9.503000E+3 -2.979798E-1 -2.435830E-7
1.000300E+4 -2.878788E-1 -9.393642E-8
1.040300E+4 -2.777778E-1 1.287821E-7
1.090300E+4 -2.676768E-1 2.218100E-7
1.130300E+4 -2.575758E-1 4.250937E-7
1.170300E+4 -2.474747E-1 5.851889E-7
1.210300E+4 -2.373737E-1 7.385825E-7
1.250300E+4 -2.272727E-1 8.934653E-7
1.290300E+4 -2.171717E-1 1.046859E-6
1.330300E+4 -2.070707E-1 1.200252E-6
1.370300E+4 -1.969697E-1 1.355880E-6
1.420300E+4 -1.868687E-1 1.458579E-6
1.460300E+4 -1.767677E-1 1.644736E-6
1.500300E+4 -1.666667E-1 1.823447E-6
1.540300E+4 -1.565656E-1 1.987265E-6
1.580300E+4 -1.464646E-1 2.158530E-6
1.620300E+4 -1.363636E-1 2.337241E-6
1.660300E+4 -1.262626E-1 2.508505E-6
1.700300E+4 -1.161616E-1 2.679770E-6
1.740300E+4 -1.060606E-1 2.843588E-6
1.780300E+4 -9.595960E-2 2.999961E-6
1.820300E+4 -8.585858E-2 3.171225E-6
1.860300E+4 -7.575757E-2 3.349936E-6
1.900300E+4 -6.565656E-2 3.521201E-6
1.940300E+4 -5.555554E-2 3.692465E-6
1.980300E+4 -4.545453E-2 3.856284E-6
2.020300E+4 -3.535352E-2 4.012656E-6
2.060300E+4 -2.525250E-2 4.169028E-6
2.100300E+4 -1.515149E-2 4.325400E-6
2.140300E+4 -5.050506E-3 4.466880E-6
2.180300E+4 5.050506E-3 4.608359E-6
2.220300E+4 1.515155E-2 4.749838E-6
2.260300E+4 2.525256E-2 4.883871E-6
2.300300E+4 3.535357E-2 5.010458E-6
2.340300E+4 4.545453E-2 5.144492E-6
2.380300E+4 5.555554E-2 5.271078E-6
2.420300E+4 6.565656E-2 5.405112E-6
2.460300E+4 7.575757E-2 5.554038E-6
2.500300E+4 8.585858E-2 5.688071E-6
2.540300E+4 9.595960E-2 5.822104E-6
2.580300E+4 1.060606E-1 5.963584E-6
2.620300E+4 1.161616E-1 6.112509E-6
2.660300E+4 1.262626E-1 6.253989E-6
2.700300E+4 1.363636E-1 6.395468E-6
2.740300E+4 1.464647E-1 6.536948E-6
2.780300E+4 1.565657E-1 6.678427E-6
2.820300E+4 1.666667E-1 6.819907E-6
2.860300E+4 1.767677E-1 6.953940E-6
2.900300E+4 1.868687E-1 7.087973E-6
2.940300E+4 1.969697E-1 7.222006E-6
2.980300E+4 2.070707E-1 7.341147E-6
3.020300E+4 2.171718E-1 7.452842E-6
3.060300E+4 2.272728E-1 7.564536E-6
3.100300E+4 2.373738E-1 7.661338E-6
3.140300E+4 2.474748E-1 7.743247E-6
3.180300E+4 2.575758E-1 7.810264E-6
3.220300E+4 2.676768E-1 7.869834E-6
3.260300E+4 2.777778E-1 7.914511E-6
3.300300E+4 2.878788E-1 7.936851E-6
3.340300E+4 2.979798E-1 7.936851E-6
3.380300E+4 3.080808E-1 7.929404E-6
3.420300E+4 3.181818E-1 7.899619E-6
3.460300E+4 3.282828E-1 7.854942E-6
3.500300E+4 3.383839E-1 7.795371E-6
3.540300E+4 3.484849E-1 7.728354E-6
3.580300E+4 3.585859E-1 7.646445E-6
3.620300E+4 3.686869E-1 7.557089E-6
3.660300E+4 3.787879E-1 7.467734E-6
3.700300E+4 3.888889E-1 7.363486E-6
3.740300E+4 3.989899E-1 7.259238E-6
3.780300E+4 4.090909E-1 7.154990E-6
3.820300E+4 4.191920E-1 7.043296E-6
3.860300E+4 4.292930E-1 6.924155E-6
3.900300E+4 4.393940E-1 6.812460E-6
3.940300E+4 4.494950E-1 6.700766E-6
3.980300E+4 4.595960E-1 6.581625E-6
4.020300E+4 4.696970E-1 6.469931E-6
4.060300E+4 4.797980E-1 6.358237E-6
4.100300E+4 4.898990E-1 6.261435E-6
4.140300E+4 5.000000E-1 6.164633E-6
4.180300E+4 5.000000E-1 5.762533E-6
4.220300E+4 4.898990E-1 5.107260E-6
4.260300E+4 4.797980E-1 4.563681E-6
4.300300E+4 4.696970E-1 4.102011E-6
4.340300E+4 4.595959E-1 3.685019E-6
4.380300E+4 4.494949E-1 3.320151E-6
4.420300E+4 4.393939E-1 2.977622E-6
4.460300E+4 4.292929E-1 2.709555E-6
4.500300E+4 4.191919E-1 2.426596E-6
4.540300E+4 4.090909E-1 2.165976E-6
4.580300E+4 3.989899E-1 1.927695E-6
4.620300E+4 3.888889E-1 1.696860E-6
4.660300E+4 3.787879E-1 1.480918E-6
4.700300E+4 3.686869E-1 1.279868E-6
4.740300E+4 3.585859E-1 1.093711E-6
4.790300E+4 3.484849E-1 9.887779E-7
4.830300E+4 3.383839E-1 7.661338E-7
4.870300E+4 3.282828E-1 5.933799E-7
4.910300E+4 3.181818E-1 4.258383E-7
4.950300E+4 3.080808E-1 2.709555E-7
4.990300E+4 2.979798E-1 1.153281E-7
5.040300E+4 2.878788E-1 5.282993E-8
5.150600E+4 2.777778E-1 1.059220E-7
5.220700E+4 2.676768E-1 -2.878139E-8
5.270600E+4 2.575758E-1 -2.227334E-7
5.310600E+4 2.474747E-1 -4.565469E-7
5.350600E+4 2.373737E-1 -6.434487E-7
5.390600E+4 2.272727E-1 -8.281166E-7
5.430600E+4 2.171717E-1 -1.005338E-6
5.470600E+4 2.070707E-1 -1.178837E-6
5.510600E+4 1.969697E-1 -1.351591E-6
5.560600E+4 1.868687E-1 -1.452920E-6
5.600600E+4 1.767677E-1 -1.653970E-6
5.640600E+4 1.666667E-1 -1.825235E-6
5.680600E+4 1.565656E-1 -2.003946E-6
5.720600E+4 1.464646E-1 -2.197549E-6
5.760600E+4 1.363636E-1 -2.368814E-6
5.800600E+4 1.262626E-1 -2.540078E-6
5.840600E+4 1.161616E-1 -2.718790E-6
5.880600E+4 1.060606E-1 -2.890054E-6
5.920600E+4 9.595960E-2 -3.053873E-6
5.960600E+4 8.585858E-2 -3.217691E-6
6.000600E+4 7.575757E-2 -3.374063E-6
6.040600E+4 6.565656E-2 -3.537881E-6
6.080600E+4 5.555554E-2 -3.686807E-6
6.120600E+4 4.545453E-2 -3.835733E-6
6.160600E+4 3.535352E-2 -3.977212E-6
6.200600E+4 2.525250E-2 -4.111246E-6
6.240600E+4 1.515149E-2 -4.252725E-6
6.280600E+4 5.050506E-3 -4.379312E-6
6.320600E+4 -5.050506E-3 -4.505899E-6
6.360600E+4 -1.515155E-2 -4.632486E-6
6.400600E+4 -2.525256E-2 -4.751626E-6
6.440600E+4 -3.535357E-2 -4.870767E-6
6.480600E+4 -4.545453E-2 -4.989908E-6
6.520600E+4 -5.555554E-2 -5.101602E-6
6.560600E+4 -6.565656E-2 -5.213296E-6
6.600600E+4 -7.575757E-2 -5.324991E-6
6.640600E+4 -8.585858E-2 -5.451577E-6
6.680600E+4 -9.595960E-2 -5.585611E-6
6.720600E+4 -1.060606E-1 -5.719644E-6
6.760600E+4 -1.161616E-1 -5.868570E-6
6.800600E+4 -1.262626E-1 -6.002603E-6
6.840600E+4 -1.363636E-1 -6.144082E-6
6.880600E+4 -1.464647E-1 -6.278116E-6
6.920600E+4 -1.565657E-1 -6.427041E-6
6.960600E+4 -1.666667E-1 -6.561074E-6
7.000600E+4 -1.767677E-1 -6.687661E-6
7.040600E+4 -1.868687E-1 -6.806802E-6
7.080600E+4 -1.969697E-1 -6.925943E-6
7.120600E+4 -2.070707E-1 -7.022744E-6
7.160600E+4 -2.171718E-1 -7.112100E-6
7.200600E+4 -2.272728E-1 -7.186563E-6
7.240600E+4 -2.373738E-1 -7.246133E-6
7.280600E+4 -2.474748E-1 -7.290811E-6
7.320600E+4 -2.575758E-1 -7.313150E-6
7.360600E+4 -2.676768E-1 -7.305703E-6
7.400600E+4 -2.777778E-1 -7.283365E-6
7.440600E+4 -2.878788E-1 -7.238687E-6
7.480600E+4 -2.979798E-1 -7.171670E-6
7.520600E+4 -3.080808E-1 -7.097207E-6
7.560600E+4 -3.181818E-1 -7.015298E-6
7.600600E+4 -3.282828E-1 -6.933389E-6
7.640600E+4 -3.383839E-1 -6.844034E-6
7.680600E+4 -3.484849E-1 -6.762124E-6
7.720600E+4 -3.585859E-1 -6.680215E-6
7.760600E+4 -3.686869E-1 -6.598306E-6
7.800600E+4 -3.787879E-1 -6.516397E-6
7.840600E+4 -3.888889E-1 -6.441934E-6
7.880600E+4 -3.989899E-1 -6.367471E-6
7.920600E+4 -4.090909E-1 -6.285562E-6
7.960600E+4 -4.191920E-1 -6.211099E-6
8.000600E+4 -4.292930E-1 -6.136636E-6
8.040600E+4 -4.393940E-1 -6.062173E-6
8.080600E+4 -4.494950E-1 -6.002603E-6
8.120600E+4 -4.595960E-1 -5.935586E-6
8.160600E+4 -4.696970E-1 -5.868570E-6
8.200600E+4 -4.797980E-1 -5.801553E-6
8.240600E+4 -4.898990E-1 -5.749429E-6
8.280600E+4 -5.000000E-1 -5.697305E-6
