9.020000E+2 -5.000000E-1 -1.400796E-5
1.302000E+3 -4.898990E-1 -1.259317E-5
1.702000E+3 -4.797980E-1 -1.095498E-5
2.102000E+3 -4.696970E-1 -9.614651E-6
2.602000E+3 -4.595959E-1 -8.147133E-6
3.002000E+3 -4.494949E-1 -7.402505E-6
3.402000E+3 -4.393939E-1 -6.613198E-6
3.802000E+3 -4.292929E-1 -5.943033E-6
4.202000E+3 -4.191919E-1 -5.347330E-6
4.602000E+3 -4.090909E-1 -4.870767E-6
5.002000E+3 -3.989899E-1 -4.409097E-6
5.402000E+3 -3.888889E-1 -3.999551E-6
5.802000E+3 -3.787879E-1 -3.627237E-6
6.202000E+3 -3.686869E-1 -3.284707E-6
6.602000E+3 -3.585859E-1 -2.979410E-6
7.002000E+3 -3.484849E-1 -2.689004E-6
7.402000E+3 -3.383839E-1 -2.406045E-6
7.802000E+3 -3.282828E-1 -2.152872E-6
8.202000E+3 -3.181818E-1 -1.899698E-6
8.602000E+3 -3.080808E-1 -1.668863E-6
9.002000E+3 -2.979798E-1 -1.445474E-6
9.402000E+3 -2.878788E-1 -1.236978E-6
9.802000E+3 -2.777778E-1 -1.028482E-6
1.030200E+4 -2.676768E-1 -8.928994E-7
1.070200E+4 -2.575758E-1 -6.516397E-7
1.110200E+4 -2.474747E-1 -4.535684E-7
1.150200E+4 -2.373737E-1 -2.599649E-7
1.200200E+4 -2.272727E-1 -1.416671E-7
1.240200E+4 -2.171717E-1 9.765659E-8
1.290200E+4 -2.070707E-1 2.255332E-7
1.330200E+4 -1.969697E-1 4.571127E-7
1.370200E+4 -1.868687E-1 6.551840E-7
1.410200E+4 -1.767677E-1 8.458091E-7
1.450200E+4 -1.666667E-1 1.035689E-6
1.490200E+4 -1.565656E-1 1.224081E-6
1.540200E+4 -1.464646E-1 1.369223E-6
1.580200E+4 -1.363636E-1 1.570273E-6
1.620200E+4 -1.262626E-1 1.771323E-6
1.660200E+4 -1.161616E-1 1.957480E-6
1.700200E+4 -1.060606E-1 2.143637E-6
1.740200E+4 -9.595960E-2 2.329794E-6
1.780200E+4 -8.585858E-2 2.501059E-6
1.820200E+4 -7.575757E-2 2.672324E-6
1.860200E+4 -6.565656E-2 2.836142E-6
1.900200E+4 -5.555554E-2 2.985068E-6
1.940200E+4 -4.545453E-2 3.141440E-6
1.980200E+4 -3.535352E-2 3.305258E-6
2.020200E+4 -2.525250E-2 3.454184E-6
2.060200E+4 -1.515149E-2 3.603110E-6
2.100200E+4 -5.050506E-3 3.744589E-6
2.140200E+4 5.050506E-3 3.878622E-6
2.180200E+4 1.515155E-2 4.012656E-6
2.220200E+4 2.525256E-2 4.139243E-6
2.260200E+4 3.535357E-2 4.273276E-6
2.300200E+4 4.545453E-2 4.392416E-6
2.340200E+4 5.555554E-2 4.519003E-6
2.380200E+4 6.565656E-2 4.645590E-6
2.420200E+4 7.575757E-2 4.764731E-6
2.460200E+4 8.585858E-2 4.891318E-6
2.500200E+4 9.595960E-2 5.025351E-6
2.540200E+4 1.060606E-1 5.151938E-6
2.580200E+4 1.161616E-1 5.278525E-6
2.620200E+4 1.262626E-1 5.405112E-6
2.660200E+4 1.363636E-1 5.539145E-6
2.700200E+4 1.464647E-1 5.658286E-6
2.740200E+4 1.565657E-1 5.769980E-6
2.780200E+4 1.666667E-1 5.881674E-6
2.820200E+4 1.767677E-1 5.978476E-6
2.860200E+4 1.868687E-1 6.075278E-6
2.900200E+4 1.969697E-1 6.164633E-6
2.940200E+4 2.070707E-1 6.239096E-6
2.980200E+4 2.171718E-1 6.291220E-6
3.020200E+4 2.272728E-1 6.335898E-6
3.060200E+4 2.373738E-1 6.373130E-6
3.100200E+4 2.474748E-1 6.395468E-6
3.140200E+4 2.575758E-1 6.402915E-6
3.180200E+4 2.676768E-1 6.402915E-6
3.220200E+4 2.777778E-1 6.388022E-6
3.260200E+4 2.878788E-1 6.365683E-6
3.300200E+4 2.979798E-1 6.328451E-6
3.340200E+4 3.080808E-1 6.291220E-6
3.380200E+4 3.181818E-1 6.253989E-6
3.420200E+4 3.282828E-1 6.209311E-6
3.460200E+4 3.383839E-1 6.164633E-6
3.500200E+4 3.484849E-1 6.112509E-6
3.540200E+4 3.585859E-1 6.060385E-6
3.580200E+4 3.686869E-1 6.008262E-6
3.620200E+4 3.787879E-1 5.948691E-6
3.660200E+4 3.888889E-1 5.889121E-6
3.700200E+4 3.989899E-1 5.829550E-6
3.740200E+4 4.090909E-1 5.769980E-6
3.780200E+4 4.191920E-1 5.710410E-6
3.820200E+4 4.292930E-1 5.643393E-6
3.860200E+4 4.393940E-1 5.576376E-6
3.900200E+4 4.494950E-1 5.524253E-6
3.940200E+4 4.595960E-1 5.442344E-6
3.980200E+4 4.696970E-1 5.390219E-6
4.020200E+4 4.797980E-1 5.345541E-6
4.060200E+4 4.898990E-1 5.308310E-6
4.100200E+4 5.000000E-1 5.271078E-6
4.140200E+4 5.000000E-1 4.935996E-6
4.180200E+4 4.898990E-1 4.355185E-6
4.220200E+4 4.797980E-1 3.871176E-6
4.260200E+4 4.696970E-1 3.454184E-6
4.300200E+4 4.595959E-1 3.081870E-6
4.340200E+4 4.494949E-1 2.769125E-6
4.380200E+4 4.393939E-1 2.486167E-6
4.420200E+4 4.292929E-1 2.210654E-6
4.460200E+4 4.191919E-1 1.964926E-6
4.500200E+4 4.090909E-1 1.726645E-6
4.540200E+4 3.989899E-1 1.503257E-6
4.580200E+4 3.888889E-1 1.294760E-6
4.620200E+4 3.787879E-1 1.108603E-6
4.670200E+4 3.686869E-1 1.007394E-6
4.710200E+4 3.585859E-1 7.847495E-7
4.750200E+4 3.484849E-1 6.209311E-7
4.790200E+4 3.383839E-1 4.630698E-7
4.830200E+4 3.282828E-1 3.156333E-7
4.870200E+4 3.181818E-1 1.741538E-7
4.920200E+4 3.080808E-1 1.301224E-7
4.960200E+4 2.979798E-1 -6.847011E-8
5.010100E+4 2.878788E-1 -1.222085E-7
5.050100E+4 2.777778E-1 -3.195352E-7
5.090100E+4 2.676768E-1 -4.684610E-7
5.130100E+4 2.575758E-1 -6.091958E-7
5.170100E+4 2.474747E-1 -7.514200E-7
5.210100E+4 2.373737E-1 -8.928994E-7
5.250100E+4 2.272727E-1 -1.041081E-6
5.290100E+4 2.171717E-1 -1.184794E-6
5.330100E+4 2.070707E-1 -1.331486E-6
5.380100E+4 1.969697E-1 -1.400796E-6
5.420100E+4 1.868687E-1 -1.586953E-6
5.460100E+4 1.767677E-1 -1.743325E-6
5.500100E+4 1.666667E-1 -1.899698E-6
5.540100E+4 1.565656E-1 -2.078409E-6
5.580100E+4 1.464646E-1 -2.234781E-6
5.620100E+4 1.363636E-1 -2.398599E-6
5.660100E+4 1.262626E-1 -2.569864E-6
5.700100E+4 1.161616E-1 -2.733682E-6
5.740100E+4 1.060606E-1 -2.897501E-6
5.780100E+4 9.595960E-2 -3.061319E-6
5.820100E+4 8.585858E-2 -3.217691E-6
5.860100E+4 7.575757E-2 -3.366617E-6
5.900100E+4 6.565656E-2 -3.530435E-6
5.940100E+4 5.555554E-2 -3.686807E-6
5.980100E+4 4.545453E-2 -3.828286E-6
6.020100E+4 3.535352E-2 -3.969766E-6
6.060100E+4 2.525250E-2 -4.103799E-6
6.100100E+4 1.515149E-2 -4.230386E-6
6.140100E+4 5.050506E-3 -4.356973E-6
6.180100E+4 -5.050506E-3 -4.483560E-6
6.220100E+4 -1.515155E-2 -4.602700E-6
6.260100E+4 -2.525256E-2 -4.714395E-6
6.300100E+4 -3.535357E-2 -4.818643E-6
6.340100E+4 -4.545453E-2 -4.922891E-6
6.380100E+4 -5.555554E-2 -5.027139E-6
6.420100E+4 -6.565656E-2 -5.123941E-6
6.460100E+4 -7.575757E-2 -5.213296E-6
6.500100E+4 -8.585858E-2 -5.317544E-6
6.540100E+4 -9.595960E-2 -5.429239E-6
6.580100E+4 -1.060606E-1 -5.533487E-6
6.620100E+4 -1.161616E-1 -5.652627E-6
6.660100E+4 -1.262626E-1 -5.756875E-6
6.700100E+4 -1.363636E-1 -5.883463E-6
6.740100E+4 -1.464647E-1 -5.995157E-6
6.780100E+4 -1.565657E-1 -6.099405E-6
6.820100E+4 -1.666667E-1 -6.203652E-6
6.860100E+4 -1.767677E-1 -6.293008E-6
6.900100E+4 -1.868687E-1 -6.382364E-6
6.940100E+4 -1.969697E-1 -6.464273E-6
6.980100E+4 -2.070707E-1 -6.516397E-6
7.020100E+4 -2.171718E-1 -6.568521E-6
7.060100E+4 -2.272728E-1 -6.598306E-6
7.100100E+4 -2.373738E-1 -6.613198E-6
7.140100E+4 -2.474748E-1 -6.613198E-6
7.180100E+4 -2.575758E-1 -6.590860E-6
7.220100E+4 -2.676768E-1 -6.561074E-6
7.260100E+4 -2.777778E-1 -6.523843E-6
7.300100E+4 -2.878788E-1 -6.479166E-6
7.340100E+4 -2.979798E-1 -6.419595E-6
7.380100E+4 -3.080808E-1 -6.367471E-6
7.420100E+4 -3.181818E-1 -6.315347E-6
7.460100E+4 -3.282828E-1 -6.263223E-6
7.500100E+4 -3.383839E-1 -6.218545E-6
7.540100E+4 -3.484849E-1 -6.166421E-6
7.580100E+4 -3.585859E-1 -6.114297E-6
7.620100E+4 -3.686869E-1 -6.069620E-6
7.660100E+4 -3.787879E-1 -6.017495E-6
7.700100E+4 -3.888889E-1 -5.965371E-6
7.740100E+4 -3.989899E-1 -5.913248E-6
7.780100E+4 -4.090909E-1 -5.868570E-6
7.820100E+4 -4.191920E-1 -5.809000E-6
7.860100E+4 -4.292930E-1 -5.756875E-6
7.900100E+4 -4.393940E-1 -5.704751E-6
7.940100E+4 -4.494950E-1 -5.660074E-6
7.980100E+4 -4.595960E-1 -5.622842E-6
8.020100E+4 -4.696970E-1 -5.585611E-6
8.060100E+4 -4.797980E-1 -5.548379E-6
8.100100E+4 -4.898990E-1 -5.526040E-6
8.140100E+4 -5.000000E-1 -5.496255E-6
