9.020000E+2 -5.000000E-1 -1.490152E-5
1.302000E+3 -4.898990E-1 -1.348672E-5
1.702000E+3 -4.797980E-1 -1.184854E-5
2.102000E+3 -4.696970E-1 -1.035928E-5
2.502000E+3 -4.595959E-1 -9.167874E-6
3.002000E+3 -4.494949E-1 -7.849282E-6
3.402000E+3 -4.393939E-1 -7.149331E-6
3.802000E+3 -4.292929E-1 -6.427041E-6
4.202000E+3 -4.191919E-1 -5.771768E-6
4.602000E+3 -4.090909E-1 -5.228188E-6
5.002000E+3 -3.989899E-1 -4.766519E-6
5.402000E+3 -3.888889E-1 -4.319741E-6
5.802000E+3 -3.787879E-1 -3.925089E-6
6.202000E+3 -3.686869E-1 -3.560220E-6
6.602000E+3 -3.585859E-1 -3.225137E-6
7.002000E+3 -3.484849E-1 -2.919839E-6
7.402000E+3 -3.383839E-1 -2.629434E-6
7.802000E+3 -3.282828E-1 -2.361368E-6
8.202000E+3 -3.181818E-1 -2.100747E-6
8.602000E+3 -3.080808E-1 -1.840127E-6
9.002000E+3 -2.979798E-1 -1.609292E-6
9.402000E+3 -2.878788E-1 -1.385904E-6
9.802000E+3 -2.777778E-1 -1.169961E-6
1.020200E+4 -2.676768E-1 -9.540188E-7
1.070200E+4 -2.575758E-1 -8.176918E-7
1.110200E+4 -2.474747E-1 -5.689859E-7
1.150200E+4 -2.373737E-1 -3.671914E-7
1.190200E+4 -2.272727E-1 -1.631631E-7
1.240200E+4 -2.171717E-1 -4.166347E-8
1.290200E+4 -2.070707E-1 1.361777E-7
1.330200E+4 -1.969697E-1 3.781821E-7
1.370200E+4 -1.868687E-1 5.851889E-7
1.410200E+4 -1.767677E-1 7.832602E-7
1.450200E+4 -1.666667E-1 9.805868E-7
1.490200E+4 -1.565656E-1 1.174190E-6
1.530200E+4 -1.464646E-1 1.370772E-6
1.580200E+4 -1.363636E-1 1.510703E-6
1.620200E+4 -1.262626E-1 1.734091E-6
1.660200E+4 -1.161616E-1 1.920249E-6
1.700200E+4 -1.060606E-1 2.113852E-6
1.740200E+4 -9.595960E-2 2.292563E-6
1.780200E+4 -8.585858E-2 2.471274E-6
1.820200E+4 -7.575757E-2 2.649985E-6
1.860200E+4 -6.565656E-2 2.813803E-6
1.900200E+4 -5.555554E-2 2.962729E-6
1.940200E+4 -4.545453E-2 3.119101E-6
1.980200E+4 -3.535352E-2 3.282920E-6
2.020200E+4 -2.525250E-2 3.431845E-6
2.060200E+4 -1.515149E-2 3.588217E-6
2.100200E+4 -5.050506E-3 3.729697E-6
2.140200E+4 5.050506E-3 3.871176E-6
2.180200E+4 1.515155E-2 3.997763E-6
2.220200E+4 2.525256E-2 4.139243E-6
2.260200E+4 3.535357E-2 4.273276E-6
2.300200E+4 4.545453E-2 4.399863E-6
2.340200E+4 5.555554E-2 4.533896E-6
2.380200E+4 6.565656E-2 4.667929E-6
2.420200E+4 7.575757E-2 4.801962E-6
2.460200E+4 8.585858E-2 4.935996E-6
2.500200E+4 9.595960E-2 5.070029E-6
2.540200E+4 1.060606E-1 5.211508E-6
2.580200E+4 1.161616E-1 5.345541E-6
2.620200E+4 1.262626E-1 5.479575E-6
2.660200E+4 1.363636E-1 5.621054E-6
2.700200E+4 1.464647E-1 5.747641E-6
2.740200E+4 1.565657E-1 5.881674E-6
2.780200E+4 1.666667E-1 6.000815E-6
2.820200E+4 1.767677E-1 6.112509E-6
2.860200E+4 1.868687E-1 6.216757E-6
2.900200E+4 1.969697E-1 6.313559E-6
2.940200E+4 2.070707E-1 6.395468E-6
2.980200E+4 2.171718E-1 6.469931E-6
3.020200E+4 2.272728E-1 6.536948E-6
3.060200E+4 2.373738E-1 6.581625E-6
3.100200E+4 2.474748E-1 6.618857E-6
3.140200E+4 2.575758E-1 6.633750E-6
3.180200E+4 2.676768E-1 6.633750E-6
3.220200E+4 2.777778E-1 6.633750E-6
3.260200E+4 2.878788E-1 6.611410E-6
3.300200E+4 2.979798E-1 6.581625E-6
3.340200E+4 3.080808E-1 6.544394E-6
3.380200E+4 3.181818E-1 6.492270E-6
3.420200E+4 3.282828E-1 6.440146E-6
3.460200E+4 3.383839E-1 6.388022E-6
3.500200E+4 3.484849E-1 6.328451E-6
3.540200E+4 3.585859E-1 6.276327E-6
3.580200E+4 3.686869E-1 6.216757E-6
3.620200E+4 3.787879E-1 6.149741E-6
3.660200E+4 3.888889E-1 6.075278E-6
3.700200E+4 3.989899E-1 6.008262E-6
3.740200E+4 4.090909E-1 5.941245E-6
3.780200E+4 4.191920E-1 5.866782E-6
3.820200E+4 4.292930E-1 5.784873E-6
3.860200E+4 4.393940E-1 5.710410E-6
3.900200E+4 4.494950E-1 5.643393E-6
3.940200E+4 4.595960E-1 5.568930E-6
3.980200E+4 4.696970E-1 5.501914E-6
4.020200E+4 4.797980E-1 5.427451E-6
4.060200E+4 4.898990E-1 5.375327E-6
4.100200E+4 5.000000E-1 5.323202E-6
4.140200E+4 5.000000E-1 4.973227E-6
4.180200E+4 4.898990E-1 4.384970E-6
4.220200E+4 4.797980E-1 3.893515E-6
4.260200E+4 4.696970E-1 3.469077E-6
4.300200E+4 4.595959E-1 3.089316E-6
4.340200E+4 4.494949E-1 2.784018E-6
4.380200E+4 4.393939E-1 2.486167E-6
4.420200E+4 4.292929E-1 2.218100E-6
4.460200E+4 4.191919E-1 1.957480E-6
4.500200E+4 4.090909E-1 1.726645E-6
4.540200E+4 3.989899E-1 1.503257E-6
4.580200E+4 3.888889E-1 1.294760E-6
4.620200E+4 3.787879E-1 1.108603E-6
4.670200E+4 3.686869E-1 1.002181E-6
4.710200E+4 3.585859E-1 7.780479E-7
4.750200E+4 3.484849E-1 6.134848E-7
4.790200E+4 3.383839E-1 4.556235E-7
4.830200E+4 3.282828E-1 3.066977E-7
4.870200E+4 3.181818E-1 1.629843E-7
4.920200E+4 3.080808E-1 1.191019E-7
4.960200E+4 2.979798E-1 -8.030970E-8
5.010100E+4 2.878788E-1 -1.363565E-7
5.050100E+4 2.777778E-1 -3.344278E-7
5.090100E+4 2.676768E-1 -4.840982E-7
5.130100E+4 2.575758E-1 -6.263223E-7
5.170100E+4 2.474747E-1 -7.700356E-7
5.210100E+4 2.373737E-1 -9.130044E-7
5.250100E+4 2.272727E-1 -1.062675E-6
5.290100E+4 2.171717E-1 -1.208622E-6
5.330100E+4 2.070707E-1 -1.356803E-6
5.380100E+4 1.969697E-1 -1.423135E-6
5.420100E+4 1.868687E-1 -1.616739E-6
5.460100E+4 1.767677E-1 -1.773111E-6
5.500100E+4 1.666667E-1 -1.929483E-6
5.540100E+4 1.565656E-1 -2.108194E-6
5.580100E+4 1.464646E-1 -2.272012E-6
5.620100E+4 1.363636E-1 -2.435830E-6
5.660100E+4 1.262626E-1 -2.607095E-6
5.700100E+4 1.161616E-1 -2.770914E-6
5.740100E+4 1.060606E-1 -2.942178E-6
5.780100E+4 9.595960E-2 -3.098550E-6
5.820100E+4 8.585858E-2 -3.254922E-6
5.860100E+4 7.575757E-2 -3.411294E-6
5.900100E+4 6.565656E-2 -3.575112E-6
5.940100E+4 5.555554E-2 -3.724038E-6
5.980100E+4 4.545453E-2 -3.865518E-6
6.020100E+4 3.535352E-2 -4.014444E-6
6.060100E+4 2.525250E-2 -4.148477E-6
6.100100E+4 1.515149E-2 -4.275064E-6
6.140100E+4 5.050506E-3 -4.409097E-6
6.180100E+4 -5.050506E-3 -4.528238E-6
6.220100E+4 -1.515155E-2 -4.647378E-6
6.260100E+4 -2.525256E-2 -4.766519E-6
6.300100E+4 -3.535357E-2 -4.878213E-6
6.340100E+4 -4.545453E-2 -4.982461E-6
6.380100E+4 -5.555554E-2 -5.086709E-6
6.420100E+4 -6.565656E-2 -5.183511E-6
6.460100E+4 -7.575757E-2 -5.280313E-6
6.500100E+4 -8.585858E-2 -5.399454E-6
6.540100E+4 -9.595960E-2 -5.511148E-6
6.580100E+4 -1.060606E-1 -5.630288E-6
6.620100E+4 -1.161616E-1 -5.749429E-6
6.660100E+4 -1.262626E-1 -5.883463E-6
6.700100E+4 -1.363636E-1 -6.010049E-6
6.740100E+4 -1.464647E-1 -6.121743E-6
6.780100E+4 -1.565657E-1 -6.240884E-6
6.820100E+4 -1.666667E-1 -6.360025E-6
6.860100E+4 -1.767677E-1 -6.464273E-6
6.900100E+4 -1.868687E-1 -6.561074E-6
6.940100E+4 -1.969697E-1 -6.657876E-6
6.980100E+4 -2.070707E-1 -6.732339E-6
7.020100E+4 -2.171718E-1 -6.799356E-6
7.060100E+4 -2.272728E-1 -6.844034E-6
7.100100E+4 -2.373738E-1 -6.881265E-6
7.140100E+4 -2.474748E-1 -6.888712E-6
7.180100E+4 -2.575758E-1 -6.881265E-6
7.220100E+4 -2.676768E-1 -6.858926E-6
7.260100E+4 -2.777778E-1 -6.821695E-6
7.300100E+4 -2.878788E-1 -6.769571E-6
7.340100E+4 -2.979798E-1 -6.710000E-6
7.380100E+4 -3.080808E-1 -6.650430E-6
7.420100E+4 -3.181818E-1 -6.583413E-6
7.460100E+4 -3.282828E-1 -6.531289E-6
7.500100E+4 -3.383839E-1 -6.464273E-6
7.540100E+4 -3.484849E-1 -6.404703E-6
7.580100E+4 -3.585859E-1 -6.337686E-6
7.620100E+4 -3.686869E-1 -6.278116E-6
7.660100E+4 -3.787879E-1 -6.225991E-6
7.700100E+4 -3.888889E-1 -6.166421E-6
7.740100E+4 -3.989899E-1 -6.106851E-6
7.780100E+4 -4.090909E-1 -6.047280E-6
7.820100E+4 -4.191920E-1 -5.995157E-6
7.860100E+4 -4.292930E-1 -5.935586E-6
7.900100E+4 -4.393940E-1 -5.883463E-6
7.940100E+4 -4.494950E-1 -5.823892E-6
7.980100E+4 -4.595960E-1 -5.764321E-6
8.020100E+4 -4.696970E-1 -5.719644E-6
8.060100E+4 -4.797980E-1 -5.674966E-6
8.100100E+4 -4.898990E-1 -5.637734E-6
8.140100E+4 -5.000000E-1 -5.607949E-6
