9.020000E+2 -5.000000E-1 -8.870023E-6
1.402000E+3 -4.898990E-1 -7.164224E-6
1.802000E+3 -4.797980E-1 -6.181314E-6
2.202000E+3 -4.696970E-1 -5.228188E-6
2.602000E+3 -4.595959E-1 -4.483560E-6
3.002000E+3 -4.494949E-1 -3.828286E-6
3.402000E+3 -4.393939E-1 -3.269815E-6
3.802000E+3 -4.292929E-1 -2.785806E-6
4.202000E+3 -4.191919E-1 -2.361368E-6
4.602000E+3 -4.090909E-1 -1.974161E-6
5.002000E+3 -3.989899E-1 -1.631631E-6
5.402000E+3 -3.888889E-1 -1.333780E-6
5.802000E+3 -3.787879E-1 -1.065713E-6
6.302000E+3 -3.686869E-1 -9.308755E-7
6.702000E+3 -3.585859E-1 -6.144082E-7
7.102000E+3 -3.484849E-1 -3.932535E-7
7.502000E+3 -3.383839E-1 -1.892251E-7
8.202000E+3 -3.282828E-1 -2.696451E-7
8.702000E+3 -3.181818E-1 -8.388393E-8
9.403000E+3 -3.080808E-1 -2.163296E-8
9.903000E+3 -2.979798E-1 1.950034E-7
1.030300E+4 -2.878788E-1 4.876425E-7
1.070300E+4 -2.777778E-1 6.991172E-7
1.110300E+4 -2.676768E-1 9.001670E-7
1.150300E+4 -2.575758E-1 1.090792E-6
1.190300E+4 -2.474747E-1 1.278439E-6
1.240300E+4 -2.373737E-1 1.346884E-6
1.280300E+4 -2.272727E-1 1.600058E-6
1.320300E+4 -2.171717E-1 1.816001E-6
1.360300E+4 -2.070707E-1 2.009604E-6
1.400300E+4 -1.969697E-1 2.210654E-6
1.440300E+4 -1.868687E-1 2.419150E-6
1.480300E+4 -1.767677E-1 2.627646E-6
1.520300E+4 -1.666667E-1 2.821250E-6
1.560300E+4 -1.565656E-1 3.014853E-6
1.600300E+4 -1.464646E-1 3.245688E-6
1.640300E+4 -1.363636E-1 3.469077E-6
1.680300E+4 -1.262626E-1 3.699912E-6
1.720300E+4 -1.161616E-1 3.945639E-6
1.760300E+4 -1.060606E-1 4.191367E-6
1.800300E+4 -9.595960E-2 4.437095E-6
1.840300E+4 -8.585858E-2 4.682822E-6
1.880300E+4 -7.575757E-2 4.928549E-6
1.920300E+4 -6.565656E-2 5.181723E-6
1.960300E+4 -5.555554E-2 5.442344E-6
2.000300E+4 -4.545453E-2 5.695517E-6
2.040300E+4 -3.535352E-2 5.941245E-6
2.080300E+4 -2.525250E-2 6.186972E-6
2.120300E+4 -1.515149E-2 6.417808E-6
2.160300E+4 -5.050506E-3 6.641196E-6
2.200300E+4 5.050506E-3 6.864585E-6
2.240300E+4 1.515155E-2 7.073081E-6
2.280300E+4 2.525256E-2 7.281576E-6
2.320300E+4 3.535357E-2 7.467734E-6
2.360300E+4 4.545453E-2 7.653892E-6
2.400300E+4 5.555554E-2 7.825157E-6
2.440300E+4 6.565656E-2 8.003867E-6
2.480300E+4 7.575757E-2 8.160239E-6
2.520300E+4 8.585858E-2 8.316611E-6
2.560300E+4 9.595960E-2 8.472984E-6
2.600300E+4 1.060606E-1 8.629356E-6
2.640300E+4 1.161616E-1 8.785728E-6
2.680300E+4 1.262626E-1 8.934653E-6
2.720300E+4 1.363636E-1 9.076133E-6
2.760300E+4 1.464647E-1 9.225058E-6
2.800300E+4 1.565657E-1 9.381431E-6
2.840300E+4 1.666667E-1 9.500571E-6
2.880300E+4 1.767677E-1 9.619712E-6
2.920300E+4 1.868687E-1 9.723960E-6
2.960300E+4 1.969697E-1 9.820762E-6
3.000300E+4 2.070707E-1 9.887778E-6
3.040300E+4 2.171718E-1 9.939902E-6
3.080300E+4 2.272728E-1 9.954794E-6
3.120300E+4 2.373738E-1 9.962241E-6
3.160300E+4 2.474748E-1 9.917563E-6
3.200300E+4 2.575758E-1 9.857993E-6
3.240300E+4 2.676768E-1 9.768637E-6
3.280300E+4 2.777778E-1 9.664390E-6
3.320300E+4 2.878788E-1 9.537803E-6
3.360300E+4 2.979798E-1 9.396323E-6
3.400300E+4 3.080808E-1 9.239950E-6
3.440300E+4 3.181818E-1 9.068686E-6
3.480300E+4 3.282828E-1 8.912314E-6
3.520300E+4 3.383839E-1 8.748496E-6
3.560300E+4 3.484849E-1 8.584678E-6
3.600300E+4 3.585859E-1 8.420860E-6
3.640300E+4 3.686869E-1 8.271933E-6
3.680300E+4 3.787879E-1 8.123008E-6
3.720300E+4 3.888889E-1 7.974082E-6
3.760300E+4 3.989899E-1 7.840049E-6
3.800300E+4 4.090909E-1 7.728354E-6
3.840300E+4 4.191920E-1 7.616659E-6
3.880300E+4 4.292930E-1 7.519858E-6
3.920300E+4 4.393940E-1 7.430502E-6
3.960300E+4 4.494950E-1 7.356039E-6
4.000300E+4 4.595960E-1 7.296469E-6
4.040300E+4 4.696970E-1 7.244345E-6
4.080300E+4 4.797980E-1 7.207113E-6
4.120300E+4 4.898990E-1 7.184775E-6
4.160300E+4 5.000000E-1 7.169882E-6
4.200300E+4 5.000000E-1 6.693320E-6
4.240300E+4 4.898990E-1 5.859335E-6
4.280300E+4 4.797980E-1 5.151938E-6
4.320300E+4 4.696970E-1 4.571127E-6
4.360300E+4 4.595959E-1 4.064780E-6
4.400300E+4 4.494949E-1 3.618002E-6
4.440300E+4 4.393939E-1 3.201010E-6
4.480300E+4 4.292929E-1 2.851035E-6
4.520300E+4 4.191919E-1 2.530844E-6
4.560300E+4 4.090909E-1 2.225546E-6
4.600300E+4 3.989899E-1 1.935141E-6
4.640300E+4 3.888889E-1 1.659629E-6
4.680300E+4 3.787879E-1 1.421347E-6
4.720300E+4 3.686869E-1 1.190512E-6
4.760300E+4 3.585859E-1 9.745700E-7
4.810300E+4 3.484849E-1 9.098471E-7
4.850300E+4 3.383839E-1 6.164633E-7
4.890300E+4 3.282828E-1 4.154135E-7
4.930300E+4 3.181818E-1 2.285117E-7
5.000400E+4 3.080808E-1 3.476523E-7
5.070500E+4 2.979798E-1 2.880820E-7
5.120500E+4 2.878788E-1 8.574253E-8
5.170500E+4 2.777778E-1 -1.088052E-7
5.210500E+4 2.676768E-1 -4.215493E-7
5.250500E+4 2.575758E-1 -6.389810E-7
5.290500E+4 2.474747E-1 -8.459878E-7
5.330500E+4 2.373737E-1 -1.048527E-6
5.370500E+4 2.272727E-1 -1.251811E-6
5.420500E+4 2.171717E-1 -1.303994E-6
5.460500E+4 2.070707E-1 -1.572061E-6
5.500500E+4 1.969697E-1 -1.788003E-6
5.540500E+4 1.868687E-1 -1.996499E-6
5.580500E+4 1.767677E-1 -2.234781E-6
5.620500E+4 1.666667E-1 -2.458169E-6
5.660500E+4 1.565656E-1 -2.681558E-6
5.700500E+4 1.464646E-1 -2.919839E-6
5.740500E+4 1.363636E-1 -3.165567E-6
5.780500E+4 1.262626E-1 -3.396402E-6
5.820500E+4 1.161616E-1 -3.649575E-6
5.860500E+4 1.060606E-1 -3.895303E-6
5.900500E+4 9.595960E-2 -4.148477E-6
5.940500E+4 8.585858E-2 -4.401651E-6
5.980500E+4 7.575757E-2 -4.647378E-6
6.020500E+4 6.565656E-2 -4.893106E-6
6.060500E+4 5.555554E-2 -5.123941E-6
6.100500E+4 4.545453E-2 -5.347330E-6
6.140500E+4 3.535352E-2 -5.585611E-6
6.180500E+4 2.525250E-2 -5.816446E-6
6.220500E+4 1.515149E-2 -6.054727E-6
6.260500E+4 5.050506E-3 -6.270669E-6
6.300500E+4 -5.050506E-3 -6.479166E-6
6.340500E+4 -1.515155E-2 -6.680215E-6
6.380500E+4 -2.525256E-2 -6.881265E-6
6.420500E+4 -3.535357E-2 -7.067422E-6
6.460500E+4 -4.545453E-2 -7.246133E-6
6.500500E+4 -5.555554E-2 -7.424844E-6
6.540500E+4 -6.565656E-2 -7.603555E-6
6.580500E+4 -7.575757E-2 -7.774819E-6
6.620500E+4 -8.585858E-2 -7.938637E-6
6.660500E+4 -9.595960E-2 -8.109902E-6
6.700500E+4 -1.060606E-1 -8.281167E-6
6.740500E+4 -1.161616E-1 -8.459878E-6
6.780500E+4 -1.262626E-1 -8.631142E-6
6.820500E+4 -1.363636E-1 -8.794961E-6
6.860500E+4 -1.464647E-1 -8.958779E-6
6.900500E+4 -1.565657E-1 -9.115151E-6
6.940500E+4 -1.666667E-1 -9.271524E-6
6.980500E+4 -1.767677E-1 -9.413003E-6
7.020500E+4 -1.868687E-1 -9.554482E-6
7.060500E+4 -1.969697E-1 -9.688516E-6
7.100500E+4 -2.070707E-1 -9.792763E-6
7.140500E+4 -2.171718E-1 -9.874673E-6
7.180500E+4 -2.272728E-1 -9.941689E-6
7.220500E+4 -2.373738E-1 -9.986367E-6
7.260500E+4 -2.474748E-1 -1.000871E-5
7.300500E+4 -2.575758E-1 -1.000126E-5
7.340500E+4 -2.676768E-1 -9.971474E-6
7.380500E+4 -2.777778E-1 -9.926796E-6
7.420500E+4 -2.878788E-1 -9.844887E-6
7.460500E+4 -2.979798E-1 -9.748086E-6
7.500500E+4 -3.080808E-1 -9.628945E-6
7.540500E+4 -3.181818E-1 -9.480019E-6
7.580500E+4 -3.282828E-1 -9.331094E-6
7.620500E+4 -3.383839E-1 -9.167275E-6
7.660500E+4 -3.484849E-1 -8.996010E-6
7.700500E+4 -3.585859E-1 -8.817299E-6
7.740500E+4 -3.686869E-1 -8.638589E-6
7.780500E+4 -3.787879E-1 -8.444985E-6
7.820500E+4 -3.888889E-1 -8.251382E-6
7.860500E+4 -3.989899E-1 -8.057777E-6
7.900500E+4 -4.090909E-1 -7.871620E-6
7.940500E+4 -4.191920E-1 -7.692910E-6
7.980500E+4 -4.292930E-1 -7.506753E-6
8.020500E+4 -4.393940E-1 -7.342935E-6
8.060500E+4 -4.494950E-1 -7.186563E-6
8.100500E+4 -4.595960E-1 -7.052529E-6
8.140500E+4 -4.696970E-1 -6.925943E-6
8.180500E+4 -4.797980E-1 -6.821695E-6
8.220500E+4 -4.898990E-1 -6.732339E-6
8.260500E+4 -5.000000E-1 -6.665323E-6
