1.103000E+3 -5.000000E-1 -7.261026E-6
1.503000E+3 -4.898990E-1 -6.360025E-6
1.903000E+3 -4.797980E-1 -5.436685E-6
2.303000E+3 -4.696970E-1 -4.714395E-6
2.703000E+3 -4.595959E-1 -4.088907E-6
3.103000E+3 -4.494949E-1 -3.552774E-6
3.503000E+3 -4.393939E-1 -3.083658E-6
3.903000E+3 -4.292929E-1 -2.674112E-6
4.303000E+3 -4.191919E-1 -2.301797E-6
4.703000E+3 -4.090909E-1 -1.959268E-6
5.103000E+3 -3.989899E-1 -1.661416E-6
5.503000E+3 -3.888889E-1 -1.393350E-6
5.903000E+3 -3.787879E-1 -1.155069E-6
6.303000E+3 -3.686869E-1 -9.316800E-7
6.803000E+3 -3.585859E-1 -8.035439E-7
7.203000E+3 -3.484849E-1 -5.578165E-7
7.603000E+3 -3.383839E-1 -3.761270E-7
8.003000E+3 -3.282828E-1 -2.056070E-7
8.703000E+3 -3.181818E-1 -2.368814E-7
9.203000E+3 -3.080808E-1 -9.058559E-8
9.603000E+3 -2.979798E-1 1.409195E-7
1.010300E+4 -2.878788E-1 2.180869E-7
1.050300E+4 -2.777778E-1 4.250937E-7
1.090300E+4 -2.676768E-1 5.814658E-7
1.130300E+4 -2.575758E-1 7.251791E-7
1.170300E+4 -2.474747E-1 8.651694E-7
1.210300E+4 -2.373737E-1 1.003670E-6
1.250300E+4 -2.272727E-1 1.144405E-6
1.290300E+4 -2.171717E-1 1.281417E-6
1.340300E+4 -2.070707E-1 1.331992E-6
1.380300E+4 -1.969697E-1 1.518149E-6
1.420300E+4 -1.868687E-1 1.667075E-6
1.460300E+4 -1.767677E-1 1.830893E-6
1.500300E+4 -1.666667E-1 1.987265E-6
1.540300E+4 -1.565656E-1 2.136191E-6
1.580300E+4 -1.464646E-1 2.307456E-6
1.620300E+4 -1.363636E-1 2.463828E-6
1.660300E+4 -1.262626E-1 2.627646E-6
1.700300E+4 -1.161616E-1 2.784018E-6
1.740300E+4 -1.060606E-1 2.932944E-6
1.780300E+4 -9.595960E-2 3.089316E-6
1.820300E+4 -8.585858E-2 3.260581E-6
1.860300E+4 -7.575757E-2 3.424399E-6
1.900300E+4 -6.565656E-2 3.595664E-6
1.940300E+4 -5.555554E-2 3.759482E-6
1.980300E+4 -4.545453E-2 3.915854E-6
2.020300E+4 -3.535352E-2 4.079672E-6
2.060300E+4 -2.525250E-2 4.243491E-6
2.100300E+4 -1.515149E-2 4.399863E-6
2.140300E+4 -5.050506E-3 4.548789E-6
2.180300E+4 5.050506E-3 4.705160E-6
2.220300E+4 1.515155E-2 4.854086E-6
2.260300E+4 2.525256E-2 5.003013E-6
2.300300E+4 3.535357E-2 5.144492E-6
2.340300E+4 4.545453E-2 5.293417E-6
2.380300E+4 5.555554E-2 5.427451E-6
2.420300E+4 6.565656E-2 5.591269E-6
2.460300E+4 7.575757E-2 5.732748E-6
2.500300E+4 8.585858E-2 5.866782E-6
2.540300E+4 9.595960E-2 6.015707E-6
2.580300E+4 1.060606E-1 6.164633E-6
2.620300E+4 1.161616E-1 6.306113E-6
2.660300E+4 1.262626E-1 6.447593E-6
2.700300E+4 1.363636E-1 6.596518E-6
2.740300E+4 1.464647E-1 6.737997E-6
2.780300E+4 1.565657E-1 6.879477E-6
2.820300E+4 1.666667E-1 7.020956E-6
2.860300E+4 1.767677E-1 7.154990E-6
2.900300E+4 1.868687E-1 7.274130E-6
2.940300E+4 1.969697E-1 7.393271E-6
2.980300E+4 2.070707E-1 7.504965E-6
3.020300E+4 2.171718E-1 7.594321E-6
3.060300E+4 2.272728E-1 7.676231E-6
3.100300E+4 2.373738E-1 7.735801E-6
3.140300E+4 2.474748E-1 7.773032E-6
3.180300E+4 2.575758E-1 7.787925E-6
3.220300E+4 2.676768E-1 7.787925E-6
3.260300E+4 2.777778E-1 7.765586E-6
3.300300E+4 2.878788E-1 7.720908E-6
3.340300E+4 2.979798E-1 7.661338E-6
3.380300E+4 3.080808E-1 7.594321E-6
3.420300E+4 3.181818E-1 7.512412E-6
3.460300E+4 3.282828E-1 7.423057E-6
3.500300E+4 3.383839E-1 7.333701E-6
3.540300E+4 3.484849E-1 7.236899E-6
3.580300E+4 3.585859E-1 7.140097E-6
3.620300E+4 3.686869E-1 7.035849E-6
3.660300E+4 3.787879E-1 6.939048E-6
3.700300E+4 3.888889E-1 6.834799E-6
3.740300E+4 3.989899E-1 6.730551E-6
3.780300E+4 4.090909E-1 6.633750E-6
3.820300E+4 4.191920E-1 6.536948E-6
3.860300E+4 4.292930E-1 6.440146E-6
3.900300E+4 4.393940E-1 6.358237E-6
3.940300E+4 4.494950E-1 6.276327E-6
3.980300E+4 4.595960E-1 6.194419E-6
4.020300E+4 4.696970E-1 6.127402E-6
4.060300E+4 4.797980E-1 6.052939E-6
4.100300E+4 4.898990E-1 6.000815E-6
4.140300E+4 5.000000E-1 5.948691E-6
4.180300E+4 5.000000E-1 5.576376E-6
4.220300E+4 4.898990E-1 4.921103E-6
4.260300E+4 4.797980E-1 4.392416E-6
4.300300E+4 4.696970E-1 3.945639E-6
4.340300E+4 4.595959E-1 3.558432E-6
4.380300E+4 4.494949E-1 3.201010E-6
4.420300E+4 4.393939E-1 2.880820E-6
4.460300E+4 4.292929E-1 2.627646E-6
4.500300E+4 4.191919E-1 2.367026E-6
4.540300E+4 4.090909E-1 2.121298E-6
4.580300E+4 3.989899E-1 1.890464E-6
4.620300E+4 3.888889E-1 1.667075E-6
4.660300E+4 3.787879E-1 1.473471E-6
4.700300E+4 3.686869E-1 1.279868E-6
4.740300E+4 3.585859E-1 1.101157E-6
4.790300E+4 3.484849E-1 1.026754E-6
4.830300E+4 3.383839E-1 8.003867E-7
4.870300E+4 3.282828E-1 6.343345E-7
4.910300E+4 3.181818E-1 4.734946E-7
4.950300E+4 3.080808E-1 3.238242E-7
4.990300E+4 2.979798E-1 1.808554E-7
5.060400E+4 2.878788E-1 2.337241E-7
5.110400E+4 2.777778E-1 8.596592E-8
5.180500E+4 2.676768E-1 1.924716E-8
5.230400E+4 2.575758E-1 -1.512491E-7
5.270400E+4 2.474747E-1 -3.917642E-7
5.310400E+4 2.373737E-1 -5.704751E-7
5.350400E+4 2.272727E-1 -7.499307E-7
5.390400E+4 2.171717E-1 -9.197061E-7
5.430400E+4 2.070707E-1 -1.090226E-6
5.470400E+4 1.969697E-1 -1.258512E-6
5.510400E+4 1.868687E-1 -1.432011E-6
5.560400E+4 1.767677E-1 -1.519937E-6
5.600400E+4 1.666667E-1 -1.728433E-6
5.640400E+4 1.565656E-1 -1.907144E-6
5.680400E+4 1.464646E-1 -2.108194E-6
5.720400E+4 1.363636E-1 -2.286905E-6
5.760400E+4 1.262626E-1 -2.473062E-6
5.800400E+4 1.161616E-1 -2.666665E-6
5.840400E+4 1.060606E-1 -2.852822E-6
5.880400E+4 9.595960E-2 -3.038980E-6
5.920400E+4 8.585858E-2 -3.225137E-6
5.960400E+4 7.575757E-2 -3.411294E-6
6.000400E+4 6.565656E-2 -3.597451E-6
6.040400E+4 5.555554E-2 -3.783609E-6
6.080400E+4 4.545453E-2 -3.969766E-6
6.120400E+4 3.535352E-2 -4.148477E-6
6.160400E+4 2.525250E-2 -4.312295E-6
6.200400E+4 1.515149E-2 -4.491006E-6
6.240400E+4 5.050506E-3 -4.654824E-6
6.280400E+4 -5.050506E-3 -4.811197E-6
6.320400E+4 -1.515155E-2 -4.960123E-6
6.360400E+4 -2.525256E-2 -5.094156E-6
6.400400E+4 -3.535357E-2 -5.205850E-6
6.440400E+4 -4.545453E-2 -5.339883E-6
6.480400E+4 -5.555554E-2 -5.466470E-6
6.520400E+4 -6.565656E-2 -5.593057E-6
6.560400E+4 -7.575757E-2 -5.712197E-6
6.600400E+4 -8.585858E-2 -5.853677E-6
6.640400E+4 -9.595960E-2 -5.972818E-6
6.680400E+4 -1.060606E-1 -6.099405E-6
6.720400E+4 -1.161616E-1 -6.218545E-6
6.760400E+4 -1.262626E-1 -6.352579E-6
6.800400E+4 -1.363636E-1 -6.471719E-6
6.840400E+4 -1.464647E-1 -6.598306E-6
6.880400E+4 -1.565657E-1 -6.717446E-6
6.920400E+4 -1.666667E-1 -6.836587E-6
6.960400E+4 -1.767677E-1 -6.948282E-6
7.000400E+4 -1.868687E-1 -7.052529E-6
7.040400E+4 -1.969697E-1 -7.149331E-6
7.080400E+4 -2.070707E-1 -7.238687E-6
7.120400E+4 -2.171718E-1 -7.313150E-6
7.160400E+4 -2.272728E-1 -7.372720E-6
7.200400E+4 -2.373738E-1 -7.417398E-6
7.240400E+4 -2.474748E-1 -7.432290E-6
7.280400E+4 -2.575758E-1 -7.439737E-6
7.320400E+4 -2.676768E-1 -7.417398E-6
7.360400E+4 -2.777778E-1 -7.380166E-6
7.400400E+4 -2.878788E-1 -7.320596E-6
7.440400E+4 -2.979798E-1 -7.246133E-6
7.480400E+4 -3.080808E-1 -7.156777E-6
7.520400E+4 -3.181818E-1 -7.074869E-6
7.560400E+4 -3.282828E-1 -6.978067E-6
7.600400E+4 -3.383839E-1 -6.873819E-6
7.640400E+4 -3.484849E-1 -6.769571E-6
7.680400E+4 -3.585859E-1 -6.680215E-6
7.720400E+4 -3.686869E-1 -6.583413E-6
7.760400E+4 -3.787879E-1 -6.494058E-6
7.800400E+4 -3.888889E-1 -6.404703E-6
7.840400E+4 -3.989899E-1 -6.307901E-6
7.880400E+4 -4.090909E-1 -6.225991E-6
7.920400E+4 -4.191920E-1 -6.144082E-6
7.960400E+4 -4.292930E-1 -6.069620E-6
8.000400E+4 -4.393940E-1 -6.010049E-6
8.040400E+4 -4.494950E-1 -5.943033E-6
8.080400E+4 -4.595960E-1 -5.883463E-6
8.120400E+4 -4.696970E-1 -5.831338E-6
8.160400E+4 -4.797980E-1 -5.771768E-6
8.200400E+4 -4.898990E-1 -5.741982E-6
8.240400E+4 -5.000000E-1 -5.712197E-6
