1.103000E+3 -5.000000E-1 -6.687661E-6
1.503000E+3 -4.898990E-1 -5.853677E-6
1.903000E+3 -4.797980E-1 -5.049478E-6
2.303000E+3 -4.696970E-1 -4.401651E-6
2.703000E+3 -4.595959E-1 -3.858072E-6
3.103000E+3 -4.494949E-1 -3.396402E-6
3.503000E+3 -4.393939E-1 -3.001748E-6
3.903000E+3 -4.292929E-1 -2.651773E-6
4.303000E+3 -4.191919E-1 -2.339029E-6
4.703000E+3 -4.090909E-1 -2.063516E-6
5.103000E+3 -3.989899E-1 -1.795450E-6
5.503000E+3 -3.888889E-1 -1.572061E-6
5.903000E+3 -3.787879E-1 -1.356118E-6
6.303000E+3 -3.686869E-1 -1.169961E-6
6.703000E+3 -3.585859E-1 -9.838041E-7
7.203000E+3 -3.484849E-1 -8.928994E-7
7.603000E+3 -3.383839E-1 -6.747231E-7
8.003000E+3 -3.282828E-1 -5.109048E-7
8.403000E+3 -3.181818E-1 -3.545327E-7
8.803000E+3 -3.080808E-1 -2.063516E-7
9.503000E+3 -2.979798E-1 -2.324136E-7
1.000300E+4 -2.878788E-1 -8.500087E-8
1.040300E+4 -2.777778E-1 1.371219E-7
1.090300E+4 -2.676768E-1 2.292563E-7
1.130300E+4 -2.575758E-1 4.317954E-7
1.170300E+4 -2.474747E-1 5.896567E-7
1.210300E+4 -2.373737E-1 7.423056E-7
1.250300E+4 -2.272727E-1 8.964439E-7
1.290300E+4 -2.171717E-1 1.048348E-6
1.330300E+4 -2.070707E-1 1.199508E-6
1.370300E+4 -1.969697E-1 1.353646E-6
1.420300E+4 -1.868687E-1 1.451132E-6
1.460300E+4 -1.767677E-1 1.637290E-6
1.500300E+4 -1.666667E-1 1.816001E-6
1.540300E+4 -1.565656E-1 1.987265E-6
1.580300E+4 -1.464646E-1 2.158530E-6
1.620300E+4 -1.363636E-1 2.329794E-6
1.660300E+4 -1.262626E-1 2.493613E-6
1.700300E+4 -1.161616E-1 2.664877E-6
1.740300E+4 -1.060606E-1 2.836142E-6
1.780300E+4 -9.595960E-2 2.985068E-6
1.820300E+4 -8.585858E-2 3.163779E-6
1.860300E+4 -7.575757E-2 3.335043E-6
1.900300E+4 -6.565656E-2 3.506308E-6
1.940300E+4 -5.555554E-2 3.677573E-6
1.980300E+4 -4.545453E-2 3.841391E-6
2.020300E+4 -3.535352E-2 3.997763E-6
2.060300E+4 -2.525250E-2 4.154135E-6
2.100300E+4 -1.515149E-2 4.310507E-6
2.140300E+4 -5.050506E-3 4.451987E-6
2.180300E+4 5.050506E-3 4.593466E-6
2.220300E+4 1.515155E-2 4.727499E-6
2.260300E+4 2.525256E-2 4.861533E-6
2.300300E+4 3.535357E-2 4.988120E-6
2.340300E+4 4.545453E-2 5.122153E-6
2.380300E+4 5.555554E-2 5.248740E-6
2.420300E+4 6.565656E-2 5.382773E-6
2.460300E+4 7.575757E-2 5.524253E-6
2.500300E+4 8.585858E-2 5.658286E-6
2.540300E+4 9.595960E-2 5.799765E-6
2.580300E+4 1.060606E-1 5.926352E-6
2.620300E+4 1.161616E-1 6.067832E-6
2.660300E+4 1.262626E-1 6.216757E-6
2.700300E+4 1.363636E-1 6.350790E-6
2.740300E+4 1.464647E-1 6.484824E-6
2.780300E+4 1.565657E-1 6.626303E-6
2.820300E+4 1.666667E-1 6.760336E-6
2.860300E+4 1.767677E-1 6.894370E-6
2.900300E+4 1.868687E-1 7.020956E-6
2.940300E+4 1.969697E-1 7.154990E-6
2.980300E+4 2.070707E-1 7.266684E-6
3.020300E+4 2.171718E-1 7.370932E-6
3.060300E+4 2.272728E-1 7.475180E-6
3.100300E+4 2.373738E-1 7.564536E-6
3.140300E+4 2.474748E-1 7.638999E-6
3.180300E+4 2.575758E-1 7.706016E-6
3.220300E+4 2.676768E-1 7.750694E-6
3.260300E+4 2.777778E-1 7.787925E-6
3.300300E+4 2.878788E-1 7.802817E-6
3.340300E+4 2.979798E-1 7.795371E-6
3.380300E+4 3.080808E-1 7.780479E-6
3.420300E+4 3.181818E-1 7.743247E-6
3.460300E+4 3.282828E-1 7.698569E-6
3.500300E+4 3.383839E-1 7.638999E-6
3.540300E+4 3.484849E-1 7.564536E-6
3.580300E+4 3.585859E-1 7.490073E-6
3.620300E+4 3.686869E-1 7.400717E-6
3.660300E+4 3.787879E-1 7.311362E-6
3.700300E+4 3.888889E-1 7.214560E-6
3.740300E+4 3.989899E-1 7.117758E-6
3.780300E+4 4.090909E-1 7.006064E-6
3.820300E+4 4.191920E-1 6.901816E-6
3.860300E+4 4.292930E-1 6.797567E-6
3.900300E+4 4.393940E-1 6.685873E-6
3.940300E+4 4.494950E-1 6.581625E-6
3.980300E+4 4.595960E-1 6.469931E-6
4.020300E+4 4.696970E-1 6.358237E-6
4.060300E+4 4.797980E-1 6.253989E-6
4.100300E+4 4.898990E-1 6.164633E-6
4.140300E+4 5.000000E-1 6.067832E-6
4.180300E+4 5.000000E-1 5.673178E-6
4.220300E+4 4.898990E-1 5.025351E-6
4.260300E+4 4.797980E-1 4.496665E-6
4.300300E+4 4.696970E-1 4.034995E-6
4.340300E+4 4.595959E-1 3.632895E-6
4.380300E+4 4.494949E-1 3.260581E-6
4.420300E+4 4.393939E-1 2.925497E-6
4.460300E+4 4.292929E-1 2.657431E-6
4.500300E+4 4.191919E-1 2.381918E-6
4.540300E+4 4.090909E-1 2.128745E-6
4.580300E+4 3.989899E-1 1.890464E-6
4.620300E+4 3.888889E-1 1.652182E-6
4.660300E+4 3.787879E-1 1.443686E-6
4.700300E+4 3.686869E-1 1.250083E-6
4.740300E+4 3.585859E-1 1.063925E-6
4.790300E+4 3.484849E-1 9.634605E-7
4.830300E+4 3.383839E-1 7.423056E-7
4.870300E+4 3.282828E-1 5.717856E-7
4.910300E+4 3.181818E-1 4.064780E-7
4.950300E+4 3.080808E-1 2.538291E-7
4.990300E+4 2.979798E-1 1.004355E-7
5.040300E+4 2.878788E-1 4.046909E-8
5.110400E+4 2.777778E-1 -1.210170E-8
5.160400E+4 2.676768E-1 -1.728433E-7
5.200400E+4 2.575758E-1 -3.932535E-7
5.240400E+4 2.474747E-1 -5.630288E-7
5.280400E+4 2.373737E-1 -7.313150E-7
5.320400E+4 2.272727E-1 -8.988564E-7
5.360400E+4 2.171717E-1 -1.063420E-6
5.400400E+4 2.070707E-1 -1.226493E-6
5.440400E+4 1.969697E-1 -1.389567E-6
5.490400E+4 1.868687E-1 -1.482705E-6
5.530400E+4 1.767677E-1 -1.676309E-6
5.570400E+4 1.666667E-1 -1.840127E-6
5.610400E+4 1.565656E-1 -2.018838E-6
5.650400E+4 1.464646E-1 -2.204996E-6
5.690400E+4 1.363636E-1 -2.376260E-6
5.730400E+4 1.262626E-1 -2.547525E-6
5.770400E+4 1.161616E-1 -2.718790E-6
5.810400E+4 1.060606E-1 -2.890054E-6
5.850400E+4 9.595960E-2 -3.053873E-6
5.890400E+4 8.585858E-2 -3.217691E-6
5.930400E+4 7.575757E-2 -3.366617E-6
5.970400E+4 6.565656E-2 -3.530435E-6
6.010400E+4 5.555554E-2 -3.686807E-6
6.050400E+4 4.545453E-2 -3.828286E-6
6.090400E+4 3.535352E-2 -3.969766E-6
6.130400E+4 2.525250E-2 -4.103799E-6
6.170400E+4 1.515149E-2 -4.237832E-6
6.210400E+4 5.050506E-3 -4.364419E-6
6.250400E+4 -5.050506E-3 -4.498453E-6
6.290400E+4 -1.515155E-2 -4.617593E-6
6.330400E+4 -2.525256E-2 -4.736734E-6
6.370400E+4 -3.535357E-2 -4.855875E-6
6.410400E+4 -4.545453E-2 -4.975015E-6
6.450400E+4 -5.555554E-2 -5.079263E-6
6.490400E+4 -6.565656E-2 -5.176065E-6
6.530400E+4 -7.575757E-2 -5.295205E-6
6.570400E+4 -8.585858E-2 -5.421792E-6
6.610400E+4 -9.595960E-2 -5.548379E-6
6.650400E+4 -1.060606E-1 -5.682412E-6
6.690400E+4 -1.161616E-1 -5.823892E-6
6.730400E+4 -1.262626E-1 -5.965371E-6
6.770400E+4 -1.363636E-1 -6.099405E-6
6.810400E+4 -1.464647E-1 -6.225991E-6
6.850400E+4 -1.565657E-1 -6.367471E-6
6.890400E+4 -1.666667E-1 -6.501504E-6
6.930400E+4 -1.767677E-1 -6.620645E-6
6.970400E+4 -1.868687E-1 -6.739785E-6
7.010400E+4 -1.969697E-1 -6.844034E-6
7.050400E+4 -2.070707E-1 -6.940835E-6
7.090400E+4 -2.171718E-1 -7.030191E-6
7.130400E+4 -2.272728E-1 -7.097207E-6
7.170400E+4 -2.373738E-1 -7.149331E-6
7.210400E+4 -2.474748E-1 -7.179116E-6
7.250400E+4 -2.575758E-1 -7.194009E-6
7.290400E+4 -2.676768E-1 -7.179116E-6
7.330400E+4 -2.777778E-1 -7.149331E-6
7.370400E+4 -2.878788E-1 -7.104654E-6
7.410400E+4 -2.979798E-1 -7.045083E-6
7.450400E+4 -3.080808E-1 -6.970620E-6
7.490400E+4 -3.181818E-1 -6.888712E-6
7.530400E+4 -3.282828E-1 -6.806802E-6
7.570400E+4 -3.383839E-1 -6.724893E-6
7.610400E+4 -3.484849E-1 -6.642983E-6
7.650400E+4 -3.585859E-1 -6.561074E-6
7.690400E+4 -3.686869E-1 -6.494058E-6
7.730400E+4 -3.787879E-1 -6.412149E-6
7.770400E+4 -3.888889E-1 -6.337686E-6
7.810400E+4 -3.989899E-1 -6.263223E-6
7.850400E+4 -4.090909E-1 -6.188760E-6
7.890400E+4 -4.191920E-1 -6.121743E-6
7.930400E+4 -4.292930E-1 -6.047280E-6
7.970400E+4 -4.393940E-1 -5.980264E-6
8.010400E+4 -4.494950E-1 -5.920694E-6
8.050400E+4 -4.595960E-1 -5.853677E-6
8.090400E+4 -4.696970E-1 -5.786660E-6
8.130400E+4 -4.797980E-1 -5.727090E-6
8.170400E+4 -4.898990E-1 -5.682412E-6
8.210400E+4 -5.000000E-1 -5.637734E-6
