9.020000E+2 -5.000000E-1 -1.415689E-5
1.302000E+3 -4.898990E-1 -1.259317E-5
1.702000E+3 -4.797980E-1 -1.095498E-5
2.102000E+3 -4.696970E-1 -9.540188E-6
2.602000E+3 -4.595959E-1 -8.095009E-6
3.002000E+3 -4.494949E-1 -7.350381E-6
3.402000E+3 -4.393939E-1 -6.575967E-6
3.802000E+3 -4.292929E-1 -5.905801E-6
4.202000E+3 -4.191919E-1 -5.302652E-6
4.602000E+3 -4.090909E-1 -4.833536E-6
5.002000E+3 -3.989899E-1 -4.371866E-6
5.402000E+3 -3.888889E-1 -3.962320E-6
5.802000E+3 -3.787879E-1 -3.597451E-6
6.202000E+3 -3.686869E-1 -3.254922E-6
6.602000E+3 -3.585859E-1 -2.934732E-6
7.002000E+3 -3.484849E-1 -2.644327E-6
7.402000E+3 -3.383839E-1 -2.361368E-6
7.802000E+3 -3.282828E-1 -2.108194E-6
8.202000E+3 -3.181818E-1 -1.847574E-6
8.602000E+3 -3.080808E-1 -1.616739E-6
9.002000E+3 -2.979798E-1 -1.385904E-6
9.402000E+3 -2.878788E-1 -1.177408E-6
9.802000E+3 -2.777778E-1 -9.689114E-7
1.030200E+4 -2.676768E-1 -8.355630E-7
1.070200E+4 -2.575758E-1 -5.816445E-7
1.110200E+4 -2.474747E-1 -3.805948E-7
1.150200E+4 -2.373737E-1 -1.825235E-7
1.200200E+4 -2.272727E-1 -7.062954E-8
1.250200E+4 -2.171717E-1 1.011801E-7
1.290200E+4 -2.070707E-1 3.491416E-7
1.330200E+4 -1.969697E-1 5.531699E-7
1.370200E+4 -1.868687E-1 7.542196E-7
1.410200E+4 -1.767677E-1 9.508017E-7
1.450200E+4 -1.666667E-1 1.144405E-6
1.490200E+4 -1.565656E-1 1.338009E-6
1.540200E+4 -1.464646E-1 1.473471E-6
1.580200E+4 -1.363636E-1 1.696860E-6
1.620200E+4 -1.262626E-1 1.897910E-6
1.660200E+4 -1.161616E-1 2.084067E-6
1.700200E+4 -1.060606E-1 2.277671E-6
1.740200E+4 -9.595960E-2 2.456381E-6
1.780200E+4 -8.585858E-2 2.642538E-6
1.820200E+4 -7.575757E-2 2.806357E-6
1.860200E+4 -6.565656E-2 2.962729E-6
1.900200E+4 -5.555554E-2 3.133994E-6
1.940200E+4 -4.545453E-2 3.305258E-6
1.980200E+4 -3.535352E-2 3.461630E-6
2.020200E+4 -2.525250E-2 3.610556E-6
2.060200E+4 -1.515149E-2 3.759482E-6
2.100200E+4 -5.050506E-3 3.900961E-6
2.140200E+4 5.050506E-3 4.027549E-6
2.180200E+4 1.515155E-2 4.161582E-6
2.220200E+4 2.525256E-2 4.295615E-6
2.260200E+4 3.535357E-2 4.414755E-6
2.300200E+4 4.545453E-2 4.533896E-6
2.340200E+4 5.555554E-2 4.653037E-6
2.380200E+4 6.565656E-2 4.779623E-6
2.420200E+4 7.575757E-2 4.891318E-6
2.460200E+4 8.585858E-2 5.010458E-6
2.500200E+4 9.595960E-2 5.137045E-6
2.540200E+4 1.060606E-1 5.256186E-6
2.580200E+4 1.161616E-1 5.375327E-6
2.620200E+4 1.262626E-1 5.509360E-6
2.660200E+4 1.363636E-1 5.621054E-6
2.700200E+4 1.464647E-1 5.725302E-6
2.740200E+4 1.565657E-1 5.829550E-6
2.780200E+4 1.666667E-1 5.918906E-6
2.820200E+4 1.767677E-1 6.000815E-6
2.860200E+4 1.868687E-1 6.067832E-6
2.900200E+4 1.969697E-1 6.142294E-6
2.940200E+4 2.070707E-1 6.186972E-6
2.980200E+4 2.171718E-1 6.224204E-6
3.020200E+4 2.272728E-1 6.239096E-6
3.060200E+4 2.373738E-1 6.246542E-6
3.100200E+4 2.474748E-1 6.246542E-6
3.140200E+4 2.575758E-1 6.239096E-6
3.180200E+4 2.676768E-1 6.216757E-6
3.220200E+4 2.777778E-1 6.194419E-6
3.260200E+4 2.878788E-1 6.172079E-6
3.300200E+4 2.979798E-1 6.134848E-6
3.340200E+4 3.080808E-1 6.097617E-6
3.380200E+4 3.181818E-1 6.067832E-6
3.420200E+4 3.282828E-1 6.038047E-6
3.460200E+4 3.383839E-1 6.000815E-6
3.500200E+4 3.484849E-1 5.963584E-6
3.540200E+4 3.585859E-1 5.918906E-6
3.580200E+4 3.686869E-1 5.889121E-6
3.620200E+4 3.787879E-1 5.844443E-6
3.660200E+4 3.888889E-1 5.799765E-6
3.700200E+4 3.989899E-1 5.755087E-6
3.740200E+4 4.090909E-1 5.710410E-6
3.780200E+4 4.191920E-1 5.658286E-6
3.820200E+4 4.292930E-1 5.613608E-6
3.860200E+4 4.393940E-1 5.561484E-6
3.900200E+4 4.494950E-1 5.516806E-6
3.940200E+4 4.595960E-1 5.464682E-6
3.980200E+4 4.696970E-1 5.427451E-6
4.020200E+4 4.797980E-1 5.397666E-6
4.060200E+4 4.898990E-1 5.375327E-6
4.100200E+4 5.000000E-1 5.360434E-6
4.140200E+4 5.000000E-1 5.017905E-6
4.180200E+4 4.898990E-1 4.414755E-6
4.220200E+4 4.797980E-1 3.915854E-6
4.260200E+4 4.696970E-1 3.483969E-6
4.300200E+4 4.595959E-1 3.096762E-6
4.340200E+4 4.494949E-1 2.784018E-6
4.380200E+4 4.393939E-1 2.486167E-6
4.420200E+4 4.292929E-1 2.203208E-6
4.460200E+4 4.191919E-1 1.950034E-6
4.500200E+4 4.090909E-1 1.711753E-6
4.540200E+4 3.989899E-1 1.480918E-6
4.580200E+4 3.888889E-1 1.272422E-6
4.620200E+4 3.787879E-1 1.078818E-6
4.670200E+4 3.686869E-1 9.813315E-7
4.710200E+4 3.585859E-1 7.467734E-7
4.750200E+4 3.484849E-1 5.769980E-7
4.790200E+4 3.383839E-1 4.146689E-7
4.830200E+4 3.282828E-1 2.642539E-7
4.870200E+4 3.181818E-1 1.116050E-7
4.920200E+4 3.080808E-1 7.487094E-8
4.960200E+4 2.979798E-1 -1.360824E-7
5.010100E+4 2.878788E-1 -1.974161E-7
5.050100E+4 2.777778E-1 -4.051675E-7
5.090100E+4 2.676768E-1 -5.578165E-7
5.130100E+4 2.575758E-1 -7.097207E-7
5.170100E+4 2.474747E-1 -8.601357E-7
5.210100E+4 2.373737E-1 -1.012040E-6
5.250100E+4 2.272727E-1 -1.166923E-6
5.290100E+4 2.171717E-1 -1.320316E-6
5.340100E+4 2.070707E-1 -1.385904E-6
5.380100E+4 1.969697E-1 -1.579507E-6
5.420100E+4 1.868687E-1 -1.750772E-6
5.460100E+4 1.767677E-1 -1.914590E-6
5.500100E+4 1.666667E-1 -2.093301E-6
5.540100E+4 1.565656E-1 -2.257120E-6
5.580100E+4 1.464646E-1 -2.435830E-6
5.620100E+4 1.363636E-1 -2.607095E-6
5.660100E+4 1.262626E-1 -2.778360E-6
5.700100E+4 1.161616E-1 -2.949624E-6
5.740100E+4 1.060606E-1 -3.120889E-6
5.780100E+4 9.595960E-2 -3.284707E-6
5.820100E+4 8.585858E-2 -3.455972E-6
5.860100E+4 7.575757E-2 -3.619790E-6
5.900100E+4 6.565656E-2 -3.768716E-6
5.940100E+4 5.555554E-2 -3.925089E-6
5.980100E+4 4.545453E-2 -4.074014E-6
6.020100E+4 3.535352E-2 -4.208047E-6
6.060100E+4 2.525250E-2 -4.342081E-6
6.100100E+4 1.515149E-2 -4.476114E-6
6.140100E+4 5.050506E-3 -4.602700E-6
6.180100E+4 -5.050506E-3 -4.714395E-6
6.220100E+4 -1.515155E-2 -4.826089E-6
6.260100E+4 -2.525256E-2 -4.930338E-6
6.300100E+4 -3.535357E-2 -5.027139E-6
6.340100E+4 -4.545453E-2 -5.116494E-6
6.380100E+4 -5.555554E-2 -5.198403E-6
6.420100E+4 -6.565656E-2 -5.280313E-6
6.460100E+4 -7.575757E-2 -5.384561E-6
6.500100E+4 -8.585858E-2 -5.481362E-6
6.540100E+4 -9.595960E-2 -5.570718E-6
6.580100E+4 -1.060606E-1 -5.667519E-6
6.620100E+4 -1.161616E-1 -5.771768E-6
6.660100E+4 -1.262626E-1 -5.876016E-6
6.700100E+4 -1.363636E-1 -5.965371E-6
6.740100E+4 -1.464647E-1 -6.047280E-6
6.780100E+4 -1.565657E-1 -6.136636E-6
6.820100E+4 -1.666667E-1 -6.203652E-6
6.860100E+4 -1.767677E-1 -6.263223E-6
6.900100E+4 -1.868687E-1 -6.315347E-6
6.940100E+4 -1.969697E-1 -6.360025E-6
6.980100E+4 -2.070707E-1 -6.374917E-6
7.020100E+4 -2.171718E-1 -6.389810E-6
7.060100E+4 -2.272728E-1 -6.382364E-6
7.100100E+4 -2.373738E-1 -6.367471E-6
7.140100E+4 -2.474748E-1 -6.337686E-6
7.180100E+4 -2.575758E-1 -6.307901E-6
7.220100E+4 -2.676768E-1 -6.270669E-6
7.260100E+4 -2.777778E-1 -6.240884E-6
7.300100E+4 -2.878788E-1 -6.211099E-6
7.340100E+4 -2.979798E-1 -6.181314E-6
7.380100E+4 -3.080808E-1 -6.144082E-6
7.420100E+4 -3.181818E-1 -6.114297E-6
7.460100E+4 -3.282828E-1 -6.091958E-6
7.500100E+4 -3.383839E-1 -6.062173E-6
7.540100E+4 -3.484849E-1 -6.032388E-6
7.580100E+4 -3.585859E-1 -6.002603E-6
7.620100E+4 -3.686869E-1 -5.972818E-6
7.660100E+4 -3.787879E-1 -5.935586E-6
7.700100E+4 -3.888889E-1 -5.898355E-6
7.740100E+4 -3.989899E-1 -5.861123E-6
7.780100E+4 -4.090909E-1 -5.816446E-6
7.820100E+4 -4.191920E-1 -5.771768E-6
7.860100E+4 -4.292930E-1 -5.734536E-6
7.900100E+4 -4.393940E-1 -5.704751E-6
7.940100E+4 -4.494950E-1 -5.667519E-6
7.980100E+4 -4.595960E-1 -5.637734E-6
8.020100E+4 -4.696970E-1 -5.607949E-6
8.060100E+4 -4.797980E-1 -5.585611E-6
8.100100E+4 -4.898990E-1 -5.570718E-6
8.140100E+4 -5.000000E-1 -5.555825E-6
