9.020000E+2 -5.000000E-1 -1.415689E-5
1.302000E+3 -4.898990E-1 -1.274209E-5
1.702000E+3 -4.797980E-1 -1.117837E-5
2.102000E+3 -4.696970E-1 -9.838041E-6
2.502000E+3 -4.595959E-1 -8.646633E-6
3.002000E+3 -4.494949E-1 -7.365274E-6
3.402000E+3 -4.393939E-1 -6.657876E-6
3.802000E+3 -4.292929E-1 -5.928140E-6
4.202000E+3 -4.191919E-1 -5.265420E-6
4.602000E+3 -4.090909E-1 -4.736734E-6
5.002000E+3 -3.989899E-1 -4.230386E-6
5.402000E+3 -3.888889E-1 -3.783609E-6
5.802000E+3 -3.787879E-1 -3.374063E-6
6.202000E+3 -3.686869E-1 -3.009195E-6
6.602000E+3 -3.585859E-1 -2.666665E-6
7.002000E+3 -3.484849E-1 -2.353921E-6
7.402000E+3 -3.383839E-1 -2.070962E-6
7.802000E+3 -3.282828E-1 -1.795450E-6
8.202000E+3 -3.181818E-1 -1.549722E-6
8.602000E+3 -3.080808E-1 -1.318887E-6
9.002000E+3 -2.979798E-1 -1.102945E-6
9.402000E+3 -2.878788E-1 -8.944485E-7
9.901000E+3 -2.777778E-1 -7.797158E-7
1.030100E+4 -2.676768E-1 -5.295205E-7
1.070100E+4 -2.575758E-1 -3.411294E-7
1.110100E+4 -2.474747E-1 -1.564615E-7
1.160100E+4 -2.373737E-1 -7.196986E-8
1.270400E+4 -2.272727E-1 -1.116586E-7
1.320400E+4 -2.171717E-1 1.041587E-7
1.360400E+4 -2.070707E-1 3.655234E-7
1.400400E+4 -1.969697E-1 5.792319E-7
1.440400E+4 -1.868687E-1 7.817710E-7
1.480400E+4 -1.767677E-1 9.746299E-7
1.520400E+4 -1.666667E-1 1.163021E-6
1.560400E+4 -1.565656E-1 1.348434E-6
1.610400E+4 -1.464646E-1 1.473471E-6
1.650400E+4 -1.363636E-1 1.681967E-6
1.690400E+4 -1.262626E-1 1.875571E-6
1.730400E+4 -1.161616E-1 2.054282E-6
1.770400E+4 -1.060606E-1 2.232993E-6
1.810400E+4 -9.595960E-2 2.411704E-6
1.850400E+4 -8.585858E-2 2.582968E-6
1.890400E+4 -7.575757E-2 2.746787E-6
1.930400E+4 -6.565656E-2 2.888266E-6
1.970400E+4 -5.555554E-2 3.059531E-6
2.010400E+4 -4.545453E-2 3.215903E-6
2.050400E+4 -3.535352E-2 3.387167E-6
2.090400E+4 -2.525250E-2 3.536093E-6
2.130400E+4 -1.515149E-2 3.692465E-6
2.170400E+4 -5.050506E-3 3.841391E-6
2.210400E+4 5.050506E-3 3.982871E-6
2.250400E+4 1.515155E-2 4.124350E-6
2.290400E+4 2.525256E-2 4.273276E-6
2.330400E+4 3.535357E-2 4.399863E-6
2.370400E+4 4.545453E-2 4.526450E-6
2.410400E+4 5.555554E-2 4.660483E-6
2.450400E+4 6.565656E-2 4.787070E-6
2.490400E+4 7.575757E-2 4.913657E-6
2.530400E+4 8.585858E-2 5.040244E-6
2.570400E+4 9.595960E-2 5.166830E-6
2.610400E+4 1.060606E-1 5.293417E-6
2.650400E+4 1.161616E-1 5.412558E-6
2.690400E+4 1.262626E-1 5.554038E-6
2.730400E+4 1.363636E-1 5.665732E-6
2.770400E+4 1.464647E-1 5.769980E-6
2.810400E+4 1.565657E-1 5.874228E-6
2.850400E+4 1.666667E-1 5.971030E-6
2.890400E+4 1.767677E-1 6.052939E-6
2.930400E+4 1.868687E-1 6.127402E-6
2.970400E+4 1.969697E-1 6.186972E-6
3.010400E+4 2.070707E-1 6.224204E-6
3.050400E+4 2.171718E-1 6.253989E-6
3.090400E+4 2.272728E-1 6.261435E-6
3.130400E+4 2.373738E-1 6.276327E-6
3.170400E+4 2.474748E-1 6.261435E-6
3.210400E+4 2.575758E-1 6.246542E-6
3.250400E+4 2.676768E-1 6.224204E-6
3.290400E+4 2.777778E-1 6.194419E-6
3.330400E+4 2.878788E-1 6.164633E-6
3.370400E+4 2.979798E-1 6.127402E-6
3.410400E+4 3.080808E-1 6.082724E-6
3.450400E+4 3.181818E-1 6.038047E-6
3.490400E+4 3.282828E-1 5.993369E-6
3.530400E+4 3.383839E-1 5.941245E-6
3.570400E+4 3.484849E-1 5.889121E-6
3.610400E+4 3.585859E-1 5.836996E-6
3.650400E+4 3.686869E-1 5.784873E-6
3.690400E+4 3.787879E-1 5.725302E-6
3.730400E+4 3.888889E-1 5.665732E-6
3.770400E+4 3.989899E-1 5.613608E-6
3.810400E+4 4.090909E-1 5.568930E-6
3.850400E+4 4.191920E-1 5.509360E-6
3.890400E+4 4.292930E-1 5.449790E-6
3.930400E+4 4.393940E-1 5.412558E-6
3.970400E+4 4.494950E-1 5.375327E-6
4.010400E+4 4.595960E-1 5.345541E-6
4.050400E+4 4.696970E-1 5.323202E-6
4.090400E+4 4.797980E-1 5.308310E-6
4.130400E+4 4.898990E-1 5.300864E-6
4.170400E+4 5.000000E-1 5.300864E-6
4.210400E+4 5.000000E-1 4.958335E-6
4.250400E+4 4.898990E-1 4.370077E-6
4.290400E+4 4.797980E-1 3.871176E-6
4.330400E+4 4.696970E-1 3.446738E-6
4.370400E+4 4.595959E-1 3.074423E-6
4.410400E+4 4.494949E-1 2.769125E-6
4.450400E+4 4.393939E-1 2.471274E-6
4.490400E+4 4.292929E-1 2.203208E-6
4.530400E+4 4.191919E-1 1.950034E-6
4.570400E+4 4.090909E-1 1.726645E-6
4.610400E+4 3.989899E-1 1.495810E-6
4.650400E+4 3.888889E-1 1.302207E-6
4.690400E+4 3.787879E-1 1.116049E-6
4.740400E+4 3.686869E-1 1.034945E-6
4.780400E+4 3.585859E-1 8.041098E-7
4.820400E+4 3.484849E-1 6.425253E-7
4.860400E+4 3.383839E-1 4.898764E-7
4.900400E+4 3.282828E-1 3.469077E-7
4.940400E+4 3.181818E-1 2.113852E-7
5.010500E+4 3.080808E-1 2.865927E-7
5.080600E+4 2.979798E-1 2.396811E-7
5.130600E+4 2.878788E-1 8.507237E-8
5.200700E+4 2.777778E-1 2.326816E-8
5.250700E+4 2.676768E-1 -1.438028E-7
5.290700E+4 2.575758E-1 -3.783609E-7
5.330700E+4 2.474747E-1 -5.473917E-7
5.370700E+4 2.373737E-1 -7.112100E-7
5.410700E+4 2.272727E-1 -8.727944E-7
5.450700E+4 2.171717E-1 -1.029166E-6
5.490700E+4 2.070707E-1 -1.184049E-6
5.530700E+4 1.969697E-1 -1.338932E-6
5.580700E+4 1.868687E-1 -1.400796E-6
5.620700E+4 1.767677E-1 -1.609292E-6
5.660700E+4 1.666667E-1 -1.773111E-6
5.700700E+4 1.565656E-1 -1.944375E-6
5.740700E+4 1.464646E-1 -2.130532E-6
5.780700E+4 1.363636E-1 -2.301797E-6
5.820700E+4 1.262626E-1 -2.473062E-6
5.860700E+4 1.161616E-1 -2.659219E-6
5.900700E+4 1.060606E-1 -2.837930E-6
5.940700E+4 9.595960E-2 -3.016641E-6
5.980700E+4 8.585858E-2 -3.202798E-6
6.020700E+4 7.575757E-2 -3.374063E-6
6.060700E+4 6.565656E-2 -3.560220E-6
6.100700E+4 5.555554E-2 -3.738931E-6
6.140700E+4 4.545453E-2 -3.925089E-6
6.180700E+4 3.535352E-2 -4.096353E-6
6.220700E+4 2.525250E-2 -4.267617E-6
6.260700E+4 1.515149E-2 -4.438882E-6
6.300700E+4 5.050506E-3 -4.602700E-6
6.340700E+4 -5.050506E-3 -4.751626E-6
6.380700E+4 -1.515155E-2 -4.900552E-6
6.420700E+4 -2.525256E-2 -5.042031E-6
6.460700E+4 -3.535357E-2 -5.153726E-6
6.500700E+4 -4.545453E-2 -5.265420E-6
6.540700E+4 -5.555554E-2 -5.384561E-6
6.580700E+4 -6.565656E-2 -5.503702E-6
6.620700E+4 -7.575757E-2 -5.615396E-6
6.660700E+4 -8.585858E-2 -5.719644E-6
6.700700E+4 -9.595960E-2 -5.838785E-6
6.740700E+4 -1.060606E-1 -5.935586E-6
6.780700E+4 -1.161616E-1 -6.047280E-6
6.820700E+4 -1.262626E-1 -6.144082E-6
6.860700E+4 -1.363636E-1 -6.248330E-6
6.900700E+4 -1.464647E-1 -6.345132E-6
6.940700E+4 -1.565657E-1 -6.441934E-6
6.980700E+4 -1.666667E-1 -6.531289E-6
7.020700E+4 -1.767677E-1 -6.613198E-6
7.060700E+4 -1.868687E-1 -6.680215E-6
7.100700E+4 -1.969697E-1 -6.747232E-6
7.140700E+4 -2.070707E-1 -6.799356E-6
7.180700E+4 -2.171718E-1 -6.829141E-6
7.220700E+4 -2.272728E-1 -6.851480E-6
7.260700E+4 -2.373738E-1 -6.858926E-6
7.300700E+4 -2.474748E-1 -6.844034E-6
7.340700E+4 -2.575758E-1 -6.814249E-6
7.380700E+4 -2.676768E-1 -6.769571E-6
7.420700E+4 -2.777778E-1 -6.724893E-6
7.460700E+4 -2.878788E-1 -6.657876E-6
7.500700E+4 -2.979798E-1 -6.590860E-6
7.540700E+4 -3.080808E-1 -6.516397E-6
7.580700E+4 -3.181818E-1 -6.441934E-6
7.620700E+4 -3.282828E-1 -6.374917E-6
7.660700E+4 -3.383839E-1 -6.307901E-6
7.700700E+4 -3.484849E-1 -6.233437E-6
7.740700E+4 -3.585859E-1 -6.173867E-6
7.780700E+4 -3.686869E-1 -6.114297E-6
7.820700E+4 -3.787879E-1 -6.047280E-6
7.860700E+4 -3.888889E-1 -5.987710E-6
7.900700E+4 -3.989899E-1 -5.935586E-6
7.940700E+4 -4.090909E-1 -5.883463E-6
7.980700E+4 -4.191920E-1 -5.823892E-6
8.020700E+4 -4.292930E-1 -5.771768E-6
8.060700E+4 -4.393940E-1 -5.727090E-6
8.100700E+4 -4.494950E-1 -5.697305E-6
8.140700E+4 -4.595960E-1 -5.660074E-6
8.180700E+4 -4.696970E-1 -5.637734E-6
8.220700E+4 -4.797980E-1 -5.622842E-6
8.260700E+4 -4.898990E-1 -5.615396E-6
8.300700E+4 -5.000000E-1 -5.615396E-6
