1.103000E+3 -5.000000E-1 -6.717446E-6
1.503000E+3 -4.898990E-1 -5.809000E-6
1.903000E+3 -4.797980E-1 -4.982461E-6
2.303000E+3 -4.696970E-1 -4.304849E-6
2.703000E+3 -4.595959E-1 -3.746377E-6
3.103000E+3 -4.494949E-1 -3.269815E-6
3.503000E+3 -4.393939E-1 -2.860269E-6
3.903000E+3 -4.292929E-1 -2.495401E-6
4.303000E+3 -4.191919E-1 -2.182657E-6
4.703000E+3 -4.090909E-1 -1.884805E-6
5.103000E+3 -3.989899E-1 -1.624185E-6
5.503000E+3 -3.888889E-1 -1.385904E-6
5.903000E+3 -3.787879E-1 -1.177408E-6
6.303000E+3 -3.686869E-1 -9.838041E-7
6.803000E+3 -3.585859E-1 -8.906655E-7
7.203000E+3 -3.484849E-1 -6.531290E-7
7.603000E+3 -3.383839E-1 -4.840982E-7
8.003000E+3 -3.282828E-1 -3.262369E-7
8.403000E+3 -3.181818E-1 -1.728433E-7
9.103000E+3 -3.080808E-1 -2.331582E-7
9.603000E+3 -2.979798E-1 -8.827724E-8
1.030400E+4 -2.878788E-1 -3.131313E-8
1.080400E+4 -2.777778E-1 1.346884E-7
1.120400E+4 -2.676768E-1 3.714804E-7
1.160400E+4 -2.575758E-1 5.420004E-7
1.200400E+4 -2.474747E-1 7.035849E-7
1.240400E+4 -2.373737E-1 8.584678E-7
1.280400E+4 -2.272727E-1 1.015584E-6
1.320400E+4 -2.171717E-1 1.167489E-6
1.360400E+4 -2.070707E-1 1.318648E-6
1.410400E+4 -1.969697E-1 1.391562E-6
1.450400E+4 -1.868687E-1 1.592612E-6
1.490400E+4 -1.767677E-1 1.763877E-6
1.530400E+4 -1.666667E-1 1.927695E-6
1.570400E+4 -1.565656E-1 2.098960E-6
1.610400E+4 -1.464646E-1 2.270224E-6
1.650400E+4 -1.363636E-1 2.441489E-6
1.690400E+4 -1.262626E-1 2.612753E-6
1.730400E+4 -1.161616E-1 2.784018E-6
1.770400E+4 -1.060606E-1 2.940390E-6
1.810400E+4 -9.595960E-2 3.119101E-6
1.850400E+4 -8.585858E-2 3.297812E-6
1.890400E+4 -7.575757E-2 3.476523E-6
1.930400E+4 -6.565656E-2 3.655234E-6
1.970400E+4 -5.555554E-2 3.833945E-6
2.010400E+4 -4.545453E-2 3.997763E-6
2.050400E+4 -3.535352E-2 4.169028E-6
2.090400E+4 -2.525250E-2 4.332846E-6
2.130400E+4 -1.515149E-2 4.489218E-6
2.170400E+4 -5.050506E-3 4.638144E-6
2.210400E+4 5.050506E-3 4.772177E-6
2.250400E+4 1.515155E-2 4.906211E-6
2.290400E+4 2.525256E-2 5.040244E-6
2.330400E+4 3.535357E-2 5.166830E-6
2.370400E+4 4.545453E-2 5.278525E-6
2.410400E+4 5.555554E-2 5.390219E-6
2.450400E+4 6.565656E-2 5.516806E-6
2.490400E+4 7.575757E-2 5.621054E-6
2.530400E+4 8.585858E-2 5.725302E-6
2.570400E+4 9.595960E-2 5.822104E-6
2.610400E+4 1.060606E-1 5.926352E-6
2.650400E+4 1.161616E-1 6.023154E-6
2.690400E+4 1.262626E-1 6.119956E-6
2.730400E+4 1.363636E-1 6.209311E-6
2.770400E+4 1.464647E-1 6.291220E-6
2.810400E+4 1.565657E-1 6.373130E-6
2.850400E+4 1.666667E-1 6.447593E-6
2.890400E+4 1.767677E-1 6.507163E-6
2.930400E+4 1.868687E-1 6.559287E-6
2.970400E+4 1.969697E-1 6.603965E-6
3.010400E+4 2.070707E-1 6.626303E-6
3.050400E+4 2.171718E-1 6.641196E-6
3.090400E+4 2.272728E-1 6.641196E-6
3.130400E+4 2.373738E-1 6.626303E-6
3.170400E+4 2.474748E-1 6.603965E-6
3.210400E+4 2.575758E-1 6.566733E-6
3.250400E+4 2.676768E-1 6.529502E-6
3.290400E+4 2.777778E-1 6.484824E-6
3.330400E+4 2.878788E-1 6.440146E-6
3.370400E+4 2.979798E-1 6.388022E-6
3.410400E+4 3.080808E-1 6.335898E-6
3.450400E+4 3.181818E-1 6.283774E-6
3.490400E+4 3.282828E-1 6.239096E-6
3.530400E+4 3.383839E-1 6.186972E-6
3.570400E+4 3.484849E-1 6.134848E-6
3.610400E+4 3.585859E-1 6.075278E-6
3.650400E+4 3.686869E-1 6.015707E-6
3.690400E+4 3.787879E-1 5.956137E-6
3.730400E+4 3.888889E-1 5.896567E-6
3.770400E+4 3.989899E-1 5.836996E-6
3.810400E+4 4.090909E-1 5.777426E-6
3.850400E+4 4.191920E-1 5.717856E-6
3.890400E+4 4.292930E-1 5.658286E-6
3.930400E+4 4.393940E-1 5.606161E-6
3.970400E+4 4.494950E-1 5.554038E-6
4.010400E+4 4.595960E-1 5.501914E-6
4.050400E+4 4.696970E-1 5.457236E-6
4.090400E+4 4.797980E-1 5.427451E-6
4.130400E+4 4.898990E-1 5.397666E-6
4.170400E+4 5.000000E-1 5.390219E-6
4.210400E+4 5.000000E-1 5.040244E-6
4.250400E+4 4.898990E-1 4.422202E-6
4.290400E+4 4.797980E-1 3.908408E-6
4.330400E+4 4.696970E-1 3.476523E-6
4.370400E+4 4.595959E-1 3.081870E-6
4.410400E+4 4.494949E-1 2.761679E-6
4.450400E+4 4.393939E-1 2.456381E-6
4.490400E+4 4.292929E-1 2.173422E-6
4.530400E+4 4.191919E-1 1.912802E-6
4.570400E+4 4.090909E-1 1.659629E-6
4.610400E+4 3.989899E-1 1.436240E-6
4.650400E+4 3.888889E-1 1.227744E-6
4.690400E+4 3.787879E-1 1.034140E-6
4.740400E+4 3.686869E-1 9.403769E-7
4.780400E+4 3.585859E-1 7.020956E-7
4.820400E+4 3.484849E-1 5.323203E-7
4.860400E+4 3.383839E-1 3.729697E-7
4.900400E+4 3.282828E-1 2.255332E-7
4.970500E+4 3.181818E-1 2.791464E-7
5.020500E+4 3.080808E-1 1.386856E-7
5.060500E+4 2.979798E-1 -9.066004E-8
5.110400E+4 2.878788E-1 -1.586953E-7
5.150400E+4 2.777778E-1 -3.761270E-7
5.190400E+4 2.676768E-1 -5.332437E-7
5.230400E+4 2.575758E-1 -6.866372E-7
5.270400E+4 2.474747E-1 -8.363076E-7
5.310400E+4 2.373737E-1 -9.867226E-7
5.350400E+4 2.272727E-1 -1.140116E-6
5.390400E+4 2.171717E-1 -1.290531E-6
5.440400E+4 2.070707E-1 -1.348672E-6
5.480400E+4 1.969697E-1 -1.542276E-6
5.520400E+4 1.868687E-1 -1.706094E-6
5.560400E+4 1.767677E-1 -1.862466E-6
5.600400E+4 1.666667E-1 -2.033731E-6
5.640400E+4 1.565656E-1 -2.212442E-6
5.680400E+4 1.464646E-1 -2.383706E-6
5.720400E+4 1.363636E-1 -2.554971E-6
5.760400E+4 1.262626E-1 -2.726236E-6
5.800400E+4 1.161616E-1 -2.897501E-6
5.840400E+4 1.060606E-1 -3.068765E-6
5.880400E+4 9.595960E-2 -3.232583E-6
5.920400E+4 8.585858E-2 -3.396402E-6
5.960400E+4 7.575757E-2 -3.560220E-6
6.000400E+4 6.565656E-2 -3.716592E-6
6.040400E+4 5.555554E-2 -3.872964E-6
6.080400E+4 4.545453E-2 -4.014444E-6
6.120400E+4 3.535352E-2 -4.155923E-6
6.160400E+4 2.525250E-2 -4.289956E-6
6.200400E+4 1.515149E-2 -4.423990E-6
6.240400E+4 5.050506E-3 -4.550577E-6
6.280400E+4 -5.050506E-3 -4.654824E-6
6.320400E+4 -1.515155E-2 -4.759072E-6
6.360400E+4 -2.525256E-2 -4.863321E-6
6.400400E+4 -3.535357E-2 -4.952676E-6
6.440400E+4 -4.545453E-2 -5.042031E-6
6.480400E+4 -5.555554E-2 -5.116494E-6
6.520400E+4 -6.565656E-2 -5.183511E-6
6.560400E+4 -7.575757E-2 -5.257973E-6
6.600400E+4 -8.585858E-2 -5.339883E-6
6.640400E+4 -9.595960E-2 -5.414346E-6
6.680400E+4 -1.060606E-1 -5.496255E-6
6.720400E+4 -1.161616E-1 -5.570718E-6
6.760400E+4 -1.262626E-1 -5.637734E-6
6.800400E+4 -1.363636E-1 -5.704751E-6
6.840400E+4 -1.464647E-1 -5.756875E-6
6.880400E+4 -1.565657E-1 -5.816446E-6
6.920400E+4 -1.666667E-1 -5.868570E-6
6.960400E+4 -1.767677E-1 -5.898355E-6
7.000400E+4 -1.868687E-1 -5.920694E-6
7.040400E+4 -1.969697E-1 -5.935586E-6
7.080400E+4 -2.070707E-1 -5.928140E-6
7.120400E+4 -2.171718E-1 -5.928140E-6
7.160400E+4 -2.272728E-1 -5.913248E-6
7.200400E+4 -2.373738E-1 -5.898355E-6
7.240400E+4 -2.474748E-1 -5.883463E-6
7.280400E+4 -2.575758E-1 -5.861123E-6
7.320400E+4 -2.676768E-1 -5.846231E-6
7.360400E+4 -2.777778E-1 -5.823892E-6
7.400400E+4 -2.878788E-1 -5.801553E-6
7.440400E+4 -2.979798E-1 -5.779214E-6
7.480400E+4 -3.080808E-1 -5.756875E-6
7.520400E+4 -3.181818E-1 -5.741982E-6
7.560400E+4 -3.282828E-1 -5.719644E-6
7.600400E+4 -3.383839E-1 -5.689859E-6
7.640400E+4 -3.484849E-1 -5.667519E-6
7.680400E+4 -3.585859E-1 -5.637734E-6
7.720400E+4 -3.686869E-1 -5.607949E-6
7.760400E+4 -3.787879E-1 -5.570718E-6
7.800400E+4 -3.888889E-1 -5.533487E-6
7.840400E+4 -3.989899E-1 -5.503702E-6
7.880400E+4 -4.090909E-1 -5.466470E-6
7.920400E+4 -4.191920E-1 -5.429239E-6
7.960400E+4 -4.292930E-1 -5.392007E-6
8.000400E+4 -4.393940E-1 -5.362222E-6
8.040400E+4 -4.494950E-1 -5.332437E-6
8.080400E+4 -4.595960E-1 -5.302652E-6
8.120400E+4 -4.696970E-1 -5.280313E-6
8.160400E+4 -4.797980E-1 -5.265420E-6
8.200400E+4 -4.898990E-1 -5.250528E-6
8.240400E+4 -5.000000E-1 -5.250528E-6
