9.020000E+2 -5.000000E-1 -1.326333E-5
1.302000E+3 -4.898990E-1 -1.162515E-5
1.702000E+3 -4.797980E-1 -9.986966E-6
2.102000E+3 -4.696970E-1 -8.721096E-6
2.602000E+3 -4.595959E-1 -7.387613E-6
3.002000E+3 -4.494949E-1 -6.687661E-6
3.402000E+3 -4.393939E-1 -5.957925E-6
3.802000E+3 -4.292929E-1 -5.332437E-6
4.202000E+3 -4.191919E-1 -4.826089E-6
4.602000E+3 -4.090909E-1 -4.349527E-6
5.002000E+3 -3.989899E-1 -3.917642E-6
5.402000E+3 -3.888889E-1 -3.537881E-6
5.802000E+3 -3.787879E-1 -3.187906E-6
6.202000E+3 -3.686869E-1 -2.867715E-6
6.602000E+3 -3.585859E-1 -2.569864E-6
7.002000E+3 -3.484849E-1 -2.294351E-6
7.402000E+3 -3.383839E-1 -2.033731E-6
7.802000E+3 -3.282828E-1 -1.780557E-6
8.202000E+3 -3.181818E-1 -1.557168E-6
8.602000E+3 -3.080808E-1 -1.341226E-6
9.002000E+3 -2.979798E-1 -1.140176E-6
9.402000E+3 -2.878788E-1 -9.391263E-7
9.902000E+3 -2.777778E-1 -8.318398E-7
1.030200E+4 -2.676768E-1 -5.779214E-7
1.070200E+4 -2.575758E-1 -3.887857E-7
1.110200E+4 -2.474747E-1 -2.011392E-7
1.160200E+4 -2.373737E-1 -1.153073E-7
1.200200E+4 -2.272727E-1 1.328031E-7
1.250200E+4 -2.171717E-1 2.396811E-7
1.290200E+4 -2.070707E-1 4.734946E-7
1.330200E+4 -1.969697E-1 6.626303E-7
1.370200E+4 -1.868687E-1 8.502768E-7
1.410200E+4 -1.767677E-1 1.034945E-6
1.450200E+4 -1.666667E-1 1.218124E-6
1.490200E+4 -1.565656E-1 1.402047E-6
1.540200E+4 -1.464646E-1 1.518149E-6
1.580200E+4 -1.363636E-1 1.748984E-6
1.620200E+4 -1.262626E-1 1.935141E-6
1.660200E+4 -1.161616E-1 2.113852E-6
1.700200E+4 -1.060606E-1 2.314902E-6
1.740200E+4 -9.595960E-2 2.486167E-6
1.780200E+4 -8.585858E-2 2.672324E-6
1.820200E+4 -7.575757E-2 2.836142E-6
1.860200E+4 -6.565656E-2 2.985068E-6
1.900200E+4 -5.555554E-2 3.163779E-6
1.940200E+4 -4.545453E-2 3.327597E-6
1.980200E+4 -3.535352E-2 3.483969E-6
2.020200E+4 -2.525250E-2 3.640341E-6
2.060200E+4 -1.515149E-2 3.789267E-6
2.100200E+4 -5.050506E-3 3.923300E-6
2.140200E+4 5.050506E-3 4.049887E-6
2.180200E+4 1.515155E-2 4.176474E-6
2.220200E+4 2.525256E-2 4.295615E-6
2.260200E+4 3.535357E-2 4.392416E-6
2.300200E+4 4.545453E-2 4.496665E-6
2.340200E+4 5.555554E-2 4.593466E-6
2.380200E+4 6.565656E-2 4.682822E-6
2.420200E+4 7.575757E-2 4.772177E-6
2.460200E+4 8.585858E-2 4.854086E-6
2.500200E+4 9.595960E-2 4.928549E-6
2.540200E+4 1.060606E-1 5.003013E-6
2.580200E+4 1.161616E-1 5.077475E-6
2.620200E+4 1.262626E-1 5.137045E-6
2.660200E+4 1.363636E-1 5.196615E-6
2.700200E+4 1.464647E-1 5.248740E-6
2.740200E+4 1.565657E-1 5.285971E-6
2.780200E+4 1.666667E-1 5.315756E-6
2.820200E+4 1.767677E-1 5.338095E-6
2.860200E+4 1.868687E-1 5.352988E-6
2.900200E+4 1.969697E-1 5.360434E-6
2.940200E+4 2.070707E-1 5.360434E-6
2.980200E+4 2.171718E-1 5.352988E-6
3.020200E+4 2.272728E-1 5.338095E-6
3.060200E+4 2.373738E-1 5.338095E-6
3.100200E+4 2.474748E-1 5.323202E-6
3.140200E+4 2.575758E-1 5.308310E-6
3.180200E+4 2.676768E-1 5.293417E-6
3.220200E+4 2.777778E-1 5.278525E-6
3.260200E+4 2.878788E-1 5.271078E-6
3.300200E+4 2.979798E-1 5.256186E-6
3.340200E+4 3.080808E-1 5.241293E-6
3.380200E+4 3.181818E-1 5.226401E-6
3.420200E+4 3.282828E-1 5.204062E-6
3.460200E+4 3.383839E-1 5.181723E-6
3.500200E+4 3.484849E-1 5.159384E-6
3.540200E+4 3.585859E-1 5.137045E-6
3.580200E+4 3.686869E-1 5.107260E-6
3.620200E+4 3.787879E-1 5.077475E-6
3.660200E+4 3.888889E-1 5.047690E-6
3.700200E+4 3.989899E-1 5.017905E-6
3.740200E+4 4.090909E-1 4.995566E-6
3.780200E+4 4.191920E-1 4.973227E-6
3.820200E+4 4.292930E-1 4.950888E-6
3.860200E+4 4.393940E-1 4.935996E-6
3.900200E+4 4.494950E-1 4.935996E-6
3.940200E+4 4.595960E-1 4.928549E-6
3.980200E+4 4.696970E-1 4.928549E-6
4.020200E+4 4.797980E-1 4.943442E-6
4.060200E+4 4.898990E-1 4.965781E-6
4.100200E+4 5.000000E-1 4.995566E-6
4.140200E+4 5.000000E-1 4.690268E-6
4.180200E+4 4.898990E-1 4.109457E-6
4.220200E+4 4.797980E-1 3.618002E-6
4.260200E+4 4.696970E-1 3.193564E-6
4.300200E+4 4.595959E-1 2.836142E-6
4.340200E+4 4.494949E-1 2.523398E-6
4.380200E+4 4.393939E-1 2.218100E-6
4.420200E+4 4.292929E-1 1.942587E-6
4.460200E+4 4.191919E-1 1.681967E-6
4.500200E+4 4.090909E-1 1.443686E-6
4.540200E+4 3.989899E-1 1.220297E-6
4.580200E+4 3.888889E-1 1.026694E-6
4.630200E+4 3.787879E-1 9.202719E-7
4.670200E+4 3.686869E-1 6.827353E-7
4.710200E+4 3.585859E-1 5.055136E-7
4.750200E+4 3.484849E-1 3.469077E-7
4.790200E+4 3.383839E-1 2.002158E-7
4.860300E+4 3.282828E-1 2.635092E-7
4.910300E+4 3.181818E-1 1.241654E-7
4.950300E+4 3.080808E-1 -1.010104E-7
5.000200E+4 2.979798E-1 -1.594400E-7
5.040200E+4 2.878788E-1 -3.709146E-7
5.080200E+4 2.777778E-1 -5.168619E-7
5.120200E+4 2.676768E-1 -6.620645E-7
5.160200E+4 2.575758E-1 -8.005654E-7
5.200200E+4 2.474747E-1 -9.383218E-7
5.240200E+4 2.373737E-1 -1.078312E-6
5.280200E+4 2.272727E-1 -1.222025E-6
5.320200E+4 2.171717E-1 -1.362760E-6
5.370200E+4 2.070707E-1 -1.400796E-6
5.410200E+4 1.969697E-1 -1.594400E-6
5.450200E+4 1.868687E-1 -1.750772E-6
5.490200E+4 1.767677E-1 -1.899698E-6
5.530200E+4 1.666667E-1 -2.070962E-6
5.570200E+4 1.565656E-1 -2.234781E-6
5.610200E+4 1.464646E-1 -2.398599E-6
5.650200E+4 1.363636E-1 -2.562417E-6
5.690200E+4 1.262626E-1 -2.726236E-6
5.730200E+4 1.161616E-1 -2.890054E-6
5.770200E+4 1.060606E-1 -3.061319E-6
5.810200E+4 9.595960E-2 -3.225137E-6
5.850200E+4 8.585858E-2 -3.374063E-6
5.890200E+4 7.575757E-2 -3.545327E-6
5.930200E+4 6.565656E-2 -3.701700E-6
5.970200E+4 5.555554E-2 -3.850625E-6
6.010200E+4 4.545453E-2 -3.992105E-6
6.050200E+4 3.535352E-2 -4.133584E-6
6.090200E+4 2.525250E-2 -4.260171E-6
6.130200E+4 1.515149E-2 -4.394204E-6
6.170200E+4 5.050506E-3 -4.513345E-6
6.210200E+4 -5.050506E-3 -4.617593E-6
6.250200E+4 -1.515155E-2 -4.714395E-6
6.290200E+4 -2.525256E-2 -4.811197E-6
6.330200E+4 -3.535357E-2 -4.900552E-6
6.370200E+4 -4.545453E-2 -4.975015E-6
6.410200E+4 -5.555554E-2 -5.042031E-6
6.450200E+4 -6.565656E-2 -5.109048E-6
6.490200E+4 -7.575757E-2 -5.153726E-6
6.530200E+4 -8.585858E-2 -5.213296E-6
6.570200E+4 -9.595960E-2 -5.265420E-6
6.610200E+4 -1.060606E-1 -5.310098E-6
6.650200E+4 -1.161616E-1 -5.369668E-6
6.690200E+4 -1.262626E-1 -5.414346E-6
6.730200E+4 -1.363636E-1 -5.451577E-6
6.770200E+4 -1.464647E-1 -5.488809E-6
6.810200E+4 -1.565657E-1 -5.511148E-6
6.850200E+4 -1.666667E-1 -5.533487E-6
6.890200E+4 -1.767677E-1 -5.548379E-6
6.930200E+4 -1.868687E-1 -5.548379E-6
6.970200E+4 -1.969697E-1 -5.555825E-6
7.010200E+4 -2.070707E-1 -5.555825E-6
7.050200E+4 -2.171718E-1 -5.548379E-6
7.090200E+4 -2.272728E-1 -5.548379E-6
7.130200E+4 -2.373738E-1 -5.548379E-6
7.170200E+4 -2.474748E-1 -5.540933E-6
7.210200E+4 -2.575758E-1 -5.540933E-6
7.250200E+4 -2.676768E-1 -5.533487E-6
7.290200E+4 -2.777778E-1 -5.540933E-6
7.330200E+4 -2.878788E-1 -5.533487E-6
7.370200E+4 -2.979798E-1 -5.526040E-6
7.410200E+4 -3.080808E-1 -5.518594E-6
7.450200E+4 -3.181818E-1 -5.511148E-6
7.490200E+4 -3.282828E-1 -5.503702E-6
7.530200E+4 -3.383839E-1 -5.481362E-6
7.570200E+4 -3.484849E-1 -5.466470E-6
7.610200E+4 -3.585859E-1 -5.444131E-6
7.650200E+4 -3.686869E-1 -5.421792E-6
7.690200E+4 -3.787879E-1 -5.399454E-6
7.730200E+4 -3.888889E-1 -5.369668E-6
7.770200E+4 -3.989899E-1 -5.347330E-6
7.810200E+4 -4.090909E-1 -5.317544E-6
7.850200E+4 -4.191920E-1 -5.295205E-6
7.890200E+4 -4.292930E-1 -5.272866E-6
7.930200E+4 -4.393940E-1 -5.250528E-6
7.970200E+4 -4.494950E-1 -5.243081E-6
8.010200E+4 -4.595960E-1 -5.228188E-6
8.050200E+4 -4.696970E-1 -5.220743E-6
8.090200E+4 -4.797980E-1 -5.213296E-6
8.130200E+4 -4.898990E-1 -5.220743E-6
8.170200E+4 -5.000000E-1 -5.228188E-6
