9.020000E+2 -5.000000E-1 -9.093411E-6
1.402000E+3 -4.898990E-1 -7.424844E-6
1.802000E+3 -4.797980E-1 -6.419595E-6
2.202000E+3 -4.696970E-1 -5.436685E-6
2.602000E+3 -4.595959E-1 -4.677163E-6
3.002000E+3 -4.494949E-1 -4.006997E-6
3.402000E+3 -4.393939E-1 -3.426187E-6
3.802000E+3 -4.292929E-1 -2.934732E-6
4.202000E+3 -4.191919E-1 -2.510293E-6
4.602000E+3 -4.090909E-1 -2.123086E-6
5.002000E+3 -3.989899E-1 -1.758218E-6
5.402000E+3 -3.888889E-1 -1.452920E-6
5.802000E+3 -3.787879E-1 -1.177408E-6
6.202000E+3 -3.686869E-1 -9.242337E-7
6.702000E+3 -3.585859E-1 -8.087563E-7
7.102000E+3 -3.484849E-1 -5.071817E-7
7.502000E+3 -3.383839E-1 -2.927285E-7
7.902000E+3 -3.282828E-1 -9.391263E-8
8.302000E+3 -3.181818E-1 9.596774E-8
8.702000E+3 -3.080808E-1 2.754233E-7
9.102000E+3 -2.979798E-1 4.444540E-7
9.502000E+3 -2.878788E-1 6.172079E-7
9.902000E+3 -2.777778E-1 7.862388E-7
1.030200E+4 -2.676768E-1 9.642051E-7
1.070200E+4 -2.575758E-1 1.137704E-6
1.110200E+4 -2.474747E-1 1.316414E-6
1.160200E+4 -2.373737E-1 1.376670E-6
1.200200E+4 -2.272727E-1 1.629843E-6
1.240200E+4 -2.171717E-1 1.845786E-6
1.280200E+4 -2.070707E-1 2.039389E-6
1.320200E+4 -1.969697E-1 2.247885E-6
1.360200E+4 -1.868687E-1 2.456381E-6
1.400200E+4 -1.767677E-1 2.664877E-6
1.440200E+4 -1.666667E-1 2.851035E-6
1.480200E+4 -1.565656E-1 3.066977E-6
1.520200E+4 -1.464646E-1 3.297812E-6
1.560200E+4 -1.363636E-1 3.528647E-6
1.600200E+4 -1.262626E-1 3.766928E-6
1.640200E+4 -1.161616E-1 4.012656E-6
1.680200E+4 -1.060606E-1 4.265830E-6
1.720200E+4 -9.595960E-2 4.511557E-6
1.760200E+4 -8.585858E-2 4.764731E-6
1.800200E+4 -7.575757E-2 5.017905E-6
1.840200E+4 -6.565656E-2 5.278525E-6
1.880200E+4 -5.555554E-2 5.554038E-6
1.920200E+4 -4.545453E-2 5.799765E-6
1.960200E+4 -3.535352E-2 6.045493E-6
2.000200E+4 -2.525250E-2 6.283774E-6
2.040200E+4 -1.515149E-2 6.522055E-6
2.080200E+4 -5.050506E-3 6.752890E-6
2.120200E+4 5.050506E-3 6.968833E-6
2.160200E+4 1.515155E-2 7.192221E-6
2.200200E+4 2.525256E-2 7.393271E-6
2.240200E+4 3.535357E-2 7.594321E-6
2.280200E+4 4.545453E-2 7.780479E-6
2.320200E+4 5.555554E-2 7.974082E-6
2.360200E+4 6.565656E-2 8.160239E-6
2.400200E+4 7.575757E-2 8.338950E-6
2.440200E+4 8.585858E-2 8.517661E-6
2.480200E+4 9.595960E-2 8.696372E-6
2.520200E+4 1.060606E-1 8.875083E-6
2.560200E+4 1.161616E-1 9.061240E-6
2.600200E+4 1.262626E-1 9.254843E-6
2.640200E+4 1.363636E-1 9.441001E-6
2.680200E+4 1.464647E-1 9.619712E-6
2.720200E+4 1.565657E-1 9.805869E-6
2.760200E+4 1.666667E-1 9.984579E-6
2.800200E+4 1.767677E-1 1.014840E-5
2.840200E+4 1.868687E-1 1.030477E-5
2.880200E+4 1.969697E-1 1.046114E-5
2.920200E+4 2.070707E-1 1.058773E-5
2.960200E+4 2.171718E-1 1.070687E-5
3.000200E+4 2.272728E-1 1.080367E-5
3.040200E+4 2.373738E-1 1.087814E-5
3.080200E+4 2.474748E-1 1.091537E-5
3.120200E+4 2.575758E-1 1.093026E-5
3.160200E+4 2.676768E-1 1.090047E-5
3.200200E+4 2.777778E-1 1.084090E-5
3.240200E+4 2.878788E-1 1.074410E-5
3.280200E+4 2.979798E-1 1.061007E-5
3.320200E+4 3.080808E-1 1.046114E-5
3.360200E+4 3.181818E-1 1.028243E-5
3.400200E+4 3.282828E-1 1.009627E-5
3.440200E+4 3.383839E-1 9.887778E-6
3.480200E+4 3.484849E-1 9.679282E-6
3.520200E+4 3.585859E-1 9.463340E-6
3.560200E+4 3.686869E-1 9.254843E-6
3.600200E+4 3.787879E-1 9.031455E-6
3.640200E+4 3.888889E-1 8.830405E-6
3.680200E+4 3.989899E-1 8.636802E-6
3.720200E+4 4.090909E-1 8.458091E-6
3.760200E+4 4.191920E-1 8.294272E-6
3.800200E+4 4.292930E-1 8.145346E-6
3.840200E+4 4.393940E-1 8.003867E-6
3.880200E+4 4.494950E-1 7.884726E-6
3.920200E+4 4.595960E-1 7.780479E-6
3.960200E+4 4.696970E-1 7.691123E-6
4.000200E+4 4.797980E-1 7.609214E-6
4.040200E+4 4.898990E-1 7.557089E-6
4.080200E+4 5.000000E-1 7.504965E-6
4.120200E+4 5.000000E-1 6.998618E-6
4.160200E+4 4.898990E-1 6.142294E-6
4.200200E+4 4.797980E-1 5.412558E-6
4.240200E+4 4.696970E-1 4.816855E-6
4.280200E+4 4.595959E-1 4.303061E-6
4.320200E+4 4.494949E-1 3.833945E-6
4.360200E+4 4.393939E-1 3.416953E-6
4.400200E+4 4.292929E-1 3.037192E-6
4.440200E+4 4.191919E-1 2.731894E-6
4.480200E+4 4.090909E-1 2.419150E-6
4.520200E+4 3.989899E-1 2.128745E-6
4.560200E+4 3.888889E-1 1.860678E-6
4.600200E+4 3.787879E-1 1.600058E-6
4.640200E+4 3.686869E-1 1.369223E-6
4.680200E+4 3.585859E-1 1.138388E-6
4.730200E+4 3.484849E-1 1.071432E-6
4.770200E+4 3.383839E-1 7.720908E-7
4.810200E+4 3.282828E-1 5.658285E-7
4.850200E+4 3.181818E-1 3.662680E-7
4.890200E+4 3.080808E-1 1.853232E-7
4.960300E+4 2.979798E-1 2.940390E-7
5.010300E+4 2.878788E-1 1.151554E-7
5.080400E+4 2.777778E-1 5.052158E-8
5.130300E+4 2.676768E-1 -1.795450E-7
5.170300E+4 2.575758E-1 -4.967569E-7
5.210300E+4 2.474747E-1 -7.283364E-7
5.250300E+4 2.373737E-1 -9.494912E-7
5.290300E+4 2.272727E-1 -1.172135E-6
5.330300E+4 2.171717E-1 -1.385099E-6
5.380300E+4 2.070707E-1 -1.460367E-6
5.420300E+4 1.969697E-1 -1.743325E-6
5.460300E+4 1.868687E-1 -1.974161E-6
5.500300E+4 1.767677E-1 -2.219888E-6
5.540300E+4 1.666667E-1 -2.458169E-6
5.580300E+4 1.565656E-1 -2.703897E-6
5.620300E+4 1.464646E-1 -2.949624E-6
5.660300E+4 1.363636E-1 -3.195352E-6
5.700300E+4 1.262626E-1 -3.448526E-6
5.740300E+4 1.161616E-1 -3.701700E-6
5.780300E+4 1.060606E-1 -3.962320E-6
5.820300E+4 9.595960E-2 -4.208047E-6
5.860300E+4 8.585858E-2 -4.468667E-6
5.900300E+4 7.575757E-2 -4.721841E-6
5.940300E+4 6.565656E-2 -4.975015E-6
5.980300E+4 5.555554E-2 -5.205850E-6
6.020300E+4 4.545453E-2 -5.444131E-6
6.060300E+4 3.535352E-2 -5.674966E-6
6.100300E+4 2.525250E-2 -5.928140E-6
6.140300E+4 1.515149E-2 -6.158975E-6
6.180300E+4 5.050506E-3 -6.382364E-6
6.220300E+4 -5.050506E-3 -6.598306E-6
6.260300E+4 -1.515155E-2 -6.799356E-6
6.300300E+4 -2.525256E-2 -7.007852E-6
6.340300E+4 -3.535357E-2 -7.201455E-6
6.380300E+4 -4.545453E-2 -7.402505E-6
6.420300E+4 -5.555554E-2 -7.588662E-6
6.460300E+4 -6.565656E-2 -7.782265E-6
6.500300E+4 -7.575757E-2 -7.975869E-6
6.540300E+4 -8.585858E-2 -8.162026E-6
6.580300E+4 -9.595960E-2 -8.363076E-6
6.620300E+4 -1.060606E-1 -8.556680E-6
6.660300E+4 -1.161616E-1 -8.757729E-6
6.700300E+4 -1.262626E-1 -8.958779E-6
6.740300E+4 -1.363636E-1 -9.159829E-6
6.780300E+4 -1.464647E-1 -9.353433E-6
6.820300E+4 -1.565657E-1 -9.561929E-6
6.860300E+4 -1.666667E-1 -9.762978E-6
6.900300E+4 -1.767677E-1 -9.941689E-6
6.940300E+4 -1.868687E-1 -1.012040E-5
6.980300E+4 -1.969697E-1 -1.028422E-5
7.020300E+4 -2.070707E-1 -1.044059E-5
7.060300E+4 -2.171718E-1 -1.057462E-5
7.100300E+4 -2.272728E-1 -1.070121E-5
7.140300E+4 -2.373738E-1 -1.080546E-5
7.180300E+4 -2.474748E-1 -1.087992E-5
7.220300E+4 -2.575758E-1 -1.092460E-5
7.260300E+4 -2.676768E-1 -1.095438E-5
7.300300E+4 -2.777778E-1 -1.095438E-5
7.340300E+4 -2.878788E-1 -1.092460E-5
7.380300E+4 -2.979798E-1 -1.087248E-5
7.420300E+4 -3.080808E-1 -1.077567E-5
7.460300E+4 -3.181818E-1 -1.066398E-5
7.500300E+4 -3.282828E-1 -1.052250E-5
7.540300E+4 -3.383839E-1 -1.035868E-5
7.580300E+4 -3.484849E-1 -1.017252E-5
7.620300E+4 -3.585859E-1 -9.971474E-6
7.660300E+4 -3.686869E-1 -9.762978E-6
7.700300E+4 -3.787879E-1 -9.517251E-6
7.740300E+4 -3.888889E-1 -9.293862E-6
7.780300E+4 -3.989899E-1 -9.055581E-6
7.820300E+4 -4.090909E-1 -8.824746E-6
7.860300E+4 -4.191920E-1 -8.586465E-6
7.900300E+4 -4.292930E-1 -8.355630E-6
7.940300E+4 -4.393940E-1 -8.124795E-6
7.980300E+4 -4.494950E-1 -7.916298E-6
8.020300E+4 -4.595960E-1 -7.715249E-6
8.060300E+4 -4.696970E-1 -7.536538E-6
8.100300E+4 -4.797980E-1 -7.372720E-6
8.140300E+4 -4.898990E-1 -7.223794E-6
8.180300E+4 -5.000000E-1 -7.104654E-6
