9.020000E+2 -5.000000E-1 -1.572061E-5
1.302000E+3 -4.898990E-1 -1.385904E-5
1.702000E+3 -4.797980E-1 -1.199746E-5
2.102000E+3 -4.696970E-1 -1.043374E-5
2.502000E+3 -4.595959E-1 -9.093411E-6
3.002000E+3 -4.494949E-1 -7.678018E-6
3.402000E+3 -4.393939E-1 -6.918497E-6
3.802000E+3 -4.292929E-1 -6.136636E-6
4.202000E+3 -4.191919E-1 -5.466470E-6
4.602000E+3 -4.090909E-1 -4.915445E-6
5.002000E+3 -3.989899E-1 -4.401651E-6
5.402000E+3 -3.888889E-1 -3.939981E-6
5.802000E+3 -3.787879E-1 -3.522989E-6
6.202000E+3 -3.686869E-1 -3.158121E-6
6.602000E+3 -3.585859E-1 -2.815591E-6
7.002000E+3 -3.484849E-1 -2.502847E-6
7.402000E+3 -3.383839E-1 -2.212442E-6
7.802000E+3 -3.282828E-1 -1.929483E-6
8.202000E+3 -3.181818E-1 -1.676309E-6
8.602000E+3 -3.080808E-1 -1.438028E-6
9.002000E+3 -2.979798E-1 -1.214639E-6
9.402000E+3 -2.878788E-1 -9.986966E-7
9.901000E+3 -2.777778E-1 -8.757730E-7
1.030100E+4 -2.676768E-1 -6.062173E-7
1.070100E+4 -2.575758E-1 -3.992105E-7
1.110100E+4 -2.474747E-1 -1.974161E-7
1.160100E+4 -2.373737E-1 -1.033932E-7
1.230200E+4 -2.272727E-1 -1.366543E-8
1.280200E+4 -2.171717E-1 1.964926E-7
1.320200E+4 -2.070707E-1 4.667929E-7
1.360200E+4 -1.969697E-1 6.879477E-7
1.400200E+4 -1.868687E-1 9.016562E-7
1.440200E+4 -1.767677E-1 1.109408E-6
1.480200E+4 -1.666667E-1 1.314181E-6
1.530200E+4 -1.565656E-1 1.443686E-6
1.570200E+4 -1.464646E-1 1.689414E-6
1.610200E+4 -1.363636E-1 1.905356E-6
1.650200E+4 -1.262626E-1 2.106406E-6
1.690200E+4 -1.161616E-1 2.314902E-6
1.730200E+4 -1.060606E-1 2.523398E-6
1.770200E+4 -9.595960E-2 2.724448E-6
1.810200E+4 -8.585858E-2 2.895712E-6
1.850200E+4 -7.575757E-2 3.089316E-6
1.890200E+4 -6.565656E-2 3.282920E-6
1.930200E+4 -5.555554E-2 3.483969E-6
1.970200E+4 -4.545453E-2 3.670126E-6
2.010200E+4 -3.535352E-2 3.848837E-6
2.050200E+4 -2.525250E-2 4.020102E-6
2.090200E+4 -1.515149E-2 4.198813E-6
2.130200E+4 -5.050506E-3 4.355185E-6
2.170200E+4 5.050506E-3 4.496665E-6
2.210200E+4 1.515155E-2 4.645590E-6
2.250200E+4 2.525256E-2 4.779623E-6
2.290200E+4 3.535357E-2 4.906211E-6
2.330200E+4 4.545453E-2 5.025351E-6
2.370200E+4 5.555554E-2 5.144492E-6
2.410200E+4 6.565656E-2 5.263632E-6
2.450200E+4 7.575757E-2 5.367880E-6
2.490200E+4 8.585858E-2 5.479575E-6
2.530200E+4 9.595960E-2 5.598716E-6
2.570200E+4 1.060606E-1 5.695517E-6
2.610200E+4 1.161616E-1 5.807211E-6
2.650200E+4 1.262626E-1 5.896567E-6
2.690200E+4 1.363636E-1 5.985922E-6
2.730200E+4 1.464647E-1 6.075278E-6
2.770200E+4 1.565657E-1 6.164633E-6
2.810200E+4 1.666667E-1 6.224204E-6
2.850200E+4 1.767677E-1 6.283774E-6
2.890200E+4 1.868687E-1 6.321005E-6
2.930200E+4 1.969697E-1 6.358237E-6
2.970200E+4 2.070707E-1 6.373130E-6
3.010200E+4 2.171718E-1 6.380576E-6
3.050200E+4 2.272728E-1 6.373130E-6
3.090200E+4 2.373738E-1 6.358237E-6
3.130200E+4 2.474748E-1 6.335898E-6
3.170200E+4 2.575758E-1 6.298666E-6
3.210200E+4 2.676768E-1 6.268881E-6
3.250200E+4 2.777778E-1 6.246542E-6
3.290200E+4 2.878788E-1 6.209311E-6
3.330200E+4 2.979798E-1 6.179526E-6
3.370200E+4 3.080808E-1 6.149741E-6
3.410200E+4 3.181818E-1 6.127402E-6
3.450200E+4 3.282828E-1 6.105063E-6
3.490200E+4 3.383839E-1 6.075278E-6
3.530200E+4 3.484849E-1 6.052939E-6
3.570200E+4 3.585859E-1 6.030600E-6
3.610200E+4 3.686869E-1 6.008262E-6
3.650200E+4 3.787879E-1 5.985922E-6
3.690200E+4 3.888889E-1 5.963584E-6
3.730200E+4 3.989899E-1 5.941245E-6
3.770200E+4 4.090909E-1 5.918906E-6
3.810200E+4 4.191920E-1 5.904013E-6
3.850200E+4 4.292930E-1 5.889121E-6
3.890200E+4 4.393940E-1 5.874228E-6
3.930200E+4 4.494950E-1 5.874228E-6
3.970200E+4 4.595960E-1 5.866782E-6
4.010200E+4 4.696970E-1 5.866782E-6
4.050200E+4 4.797980E-1 5.881674E-6
4.090200E+4 4.898990E-1 5.904013E-6
4.130200E+4 5.000000E-1 5.918906E-6
4.170200E+4 5.000000E-1 5.576376E-6
4.210200E+4 4.898990E-1 4.898764E-6
4.250200E+4 4.797980E-1 4.355185E-6
4.290200E+4 4.696970E-1 3.886069E-6
4.330200E+4 4.595959E-1 3.469077E-6
4.370200E+4 4.494949E-1 3.089316E-6
4.410200E+4 4.393939E-1 2.776572E-6
4.450200E+4 4.292929E-1 2.478720E-6
4.490200E+4 4.191919E-1 2.195761E-6
4.530200E+4 4.090909E-1 1.935141E-6
4.570200E+4 3.989899E-1 1.674521E-6
4.610200E+4 3.888889E-1 1.443686E-6
4.650200E+4 3.787879E-1 1.235190E-6
4.690200E+4 3.686869E-1 1.041587E-6
4.740200E+4 3.585859E-1 9.530357E-7
4.780200E+4 3.484849E-1 7.043295E-7
4.820200E+4 3.383839E-1 5.256186E-7
4.860200E+4 3.282828E-1 3.573325E-7
4.900200E+4 3.181818E-1 1.994711E-7
4.970300E+4 3.080808E-1 2.761679E-7
5.020300E+4 2.979798E-1 1.293778E-7
5.060300E+4 2.878788E-1 -1.191793E-7
5.110200E+4 2.777778E-1 -1.936929E-7
5.150200E+4 2.676768E-1 -4.312295E-7
5.190200E+4 2.575758E-1 -5.972818E-7
5.230200E+4 2.474747E-1 -7.603555E-7
5.270200E+4 2.373737E-1 -9.204507E-7
5.310200E+4 2.272727E-1 -1.085014E-6
5.350200E+4 2.171717E-1 -1.245109E-6
5.390200E+4 2.070707E-1 -1.405949E-6
5.440200E+4 1.969697E-1 -1.460367E-6
5.480200E+4 1.868687E-1 -1.683755E-6
5.520200E+4 1.767677E-1 -1.847574E-6
5.560200E+4 1.666667E-1 -2.033731E-6
5.600200E+4 1.565656E-1 -2.219888E-6
5.640200E+4 1.464646E-1 -2.398599E-6
5.680200E+4 1.363636E-1 -2.584756E-6
5.720200E+4 1.262626E-1 -2.763467E-6
5.760200E+4 1.161616E-1 -2.942178E-6
5.800200E+4 1.060606E-1 -3.128335E-6
5.840200E+4 9.595960E-2 -3.299600E-6
5.880200E+4 8.585858E-2 -3.478311E-6
5.920200E+4 7.575757E-2 -3.657022E-6
5.960200E+4 6.565656E-2 -3.828286E-6
6.000200E+4 5.555554E-2 -4.006997E-6
6.040200E+4 4.545453E-2 -4.170816E-6
6.080200E+4 3.535352E-2 -4.334634E-6
6.120200E+4 2.525250E-2 -4.498453E-6
6.160200E+4 1.515149E-2 -4.662271E-6
6.200200E+4 5.050506E-3 -4.818643E-6
6.240200E+4 -5.050506E-3 -4.960123E-6
6.280200E+4 -1.515155E-2 -5.094156E-6
6.320200E+4 -2.525256E-2 -5.220743E-6
6.360200E+4 -3.535357E-2 -5.347330E-6
6.400200E+4 -4.545453E-2 -5.488809E-6
6.440200E+4 -5.555554E-2 -5.622842E-6
6.480200E+4 -6.565656E-2 -5.756875E-6
6.520200E+4 -7.575757E-2 -5.905801E-6
6.560200E+4 -8.585858E-2 -6.039834E-6
6.600200E+4 -9.595960E-2 -6.173867E-6
6.640200E+4 -1.060606E-1 -6.315347E-6
6.680200E+4 -1.161616E-1 -6.449380E-6
6.720200E+4 -1.262626E-1 -6.583413E-6
6.760200E+4 -1.363636E-1 -6.710000E-6
6.800200E+4 -1.464647E-1 -6.829141E-6
6.840200E+4 -1.565657E-1 -6.948282E-6
6.880200E+4 -1.666667E-1 -7.059976E-6
6.920200E+4 -1.767677E-1 -7.149331E-6
6.960200E+4 -1.868687E-1 -7.231240E-6
7.000200E+4 -1.969697E-1 -7.305703E-6
7.040200E+4 -2.070707E-1 -7.350381E-6
7.080200E+4 -2.171718E-1 -7.380166E-6
7.120200E+4 -2.272728E-1 -7.380166E-6
7.160200E+4 -2.373738E-1 -7.380166E-6
7.200200E+4 -2.474748E-1 -7.342935E-6
7.240200E+4 -2.575758E-1 -7.290811E-6
7.280200E+4 -2.676768E-1 -7.231240E-6
7.320200E+4 -2.777778E-1 -7.164224E-6
7.360200E+4 -2.878788E-1 -7.097207E-6
7.400200E+4 -2.979798E-1 -7.015298E-6
7.440200E+4 -3.080808E-1 -6.940835E-6
7.480200E+4 -3.181818E-1 -6.858926E-6
7.520200E+4 -3.282828E-1 -6.784463E-6
7.560200E+4 -3.383839E-1 -6.702554E-6
7.600200E+4 -3.484849E-1 -6.620645E-6
7.640200E+4 -3.585859E-1 -6.546182E-6
7.680200E+4 -3.686869E-1 -6.464273E-6
7.720200E+4 -3.787879E-1 -6.374917E-6
7.760200E+4 -3.888889E-1 -6.300454E-6
7.800200E+4 -3.989899E-1 -6.218545E-6
7.840200E+4 -4.090909E-1 -6.144082E-6
7.880200E+4 -4.191920E-1 -6.077065E-6
7.920200E+4 -4.292930E-1 -6.010049E-6
7.960200E+4 -4.393940E-1 -5.943033E-6
8.000200E+4 -4.494950E-1 -5.890908E-6
8.040200E+4 -4.595960E-1 -5.846231E-6
8.080200E+4 -4.696970E-1 -5.794107E-6
8.120200E+4 -4.797980E-1 -5.764321E-6
8.160200E+4 -4.898990E-1 -5.749429E-6
8.200200E+4 -5.000000E-1 -5.741982E-6
