9.020000E+2 -5.000000E-1 -9.242337E-6
1.402000E+3 -4.898990E-1 -7.506753E-6
1.802000E+3 -4.797980E-1 -6.501504E-6
2.202000E+3 -4.696970E-1 -5.503702E-6
2.602000E+3 -4.595959E-1 -4.736734E-6
3.002000E+3 -4.494949E-1 -4.059121E-6
3.402000E+3 -4.393939E-1 -3.478311E-6
3.802000E+3 -4.292929E-1 -2.979410E-6
4.202000E+3 -4.191919E-1 -2.547525E-6
4.602000E+3 -4.090909E-1 -2.152872E-6
5.002000E+3 -3.989899E-1 -1.788003E-6
5.402000E+3 -3.888889E-1 -1.482705E-6
5.802000E+3 -3.787879E-1 -1.207193E-6
6.202000E+3 -3.686869E-1 -9.540188E-7
6.702000E+3 -3.585859E-1 -8.318398E-7
7.102000E+3 -3.484849E-1 -5.265420E-7
7.502000E+3 -3.383839E-1 -3.128335E-7
7.902000E+3 -3.282828E-1 -1.117837E-7
8.402000E+3 -3.181818E-1 -6.705532E-8
9.103000E+3 -3.080808E-1 -3.295132E-8
9.603000E+3 -2.979798E-1 1.741538E-7
1.000300E+4 -2.878788E-1 4.675375E-7
1.040300E+4 -2.777778E-1 6.834799E-7
1.080300E+4 -2.676768E-1 8.904868E-7
1.120300E+4 -2.575758E-1 1.090047E-6
1.160300E+4 -2.474747E-1 1.286629E-6
1.210300E+4 -2.373737E-1 1.361777E-6
1.250300E+4 -2.272727E-1 1.629843E-6
1.290300E+4 -2.171717E-1 1.853232E-6
1.330300E+4 -2.070707E-1 2.061728E-6
1.370300E+4 -1.969697E-1 2.270224E-6
1.410300E+4 -1.868687E-1 2.486167E-6
1.450300E+4 -1.767677E-1 2.702109E-6
1.490300E+4 -1.666667E-1 2.895712E-6
1.530300E+4 -1.565656E-1 3.119101E-6
1.570300E+4 -1.464646E-1 3.364828E-6
1.610300E+4 -1.363636E-1 3.603110E-6
1.650300E+4 -1.262626E-1 3.841391E-6
1.690300E+4 -1.161616E-1 4.094565E-6
1.730300E+4 -1.060606E-1 4.355185E-6
1.770300E+4 -9.595960E-2 4.600913E-6
1.810300E+4 -8.585858E-2 4.861533E-6
1.850300E+4 -7.575757E-2 5.114707E-6
1.890300E+4 -6.565656E-2 5.382773E-6
1.930300E+4 -5.555554E-2 5.658286E-6
1.970300E+4 -4.545453E-2 5.904013E-6
2.010300E+4 -3.535352E-2 6.157187E-6
2.050300E+4 -2.525250E-2 6.395468E-6
2.090300E+4 -1.515149E-2 6.633750E-6
2.130300E+4 -5.050506E-3 6.864585E-6
2.170300E+4 5.050506E-3 7.087973E-6
2.210300E+4 1.515155E-2 7.303915E-6
2.250300E+4 2.525256E-2 7.519858E-6
2.290300E+4 3.535357E-2 7.720908E-6
2.330300E+4 4.545453E-2 7.921958E-6
2.370300E+4 5.555554E-2 8.115561E-6
2.410300E+4 6.565656E-2 8.309165E-6
2.450300E+4 7.575757E-2 8.495323E-6
2.490300E+4 8.585858E-2 8.688926E-6
2.530300E+4 9.595960E-2 8.882529E-6
2.570300E+4 1.060606E-1 9.083579E-6
2.610300E+4 1.161616E-1 9.306968E-6
2.650300E+4 1.262626E-1 9.508018E-6
2.690300E+4 1.363636E-1 9.709067E-6
2.730300E+4 1.464647E-1 9.917563E-6
2.770300E+4 1.565657E-1 1.012606E-5
2.810300E+4 1.666667E-1 1.032711E-5
2.850300E+4 1.767677E-1 1.052816E-5
2.890300E+4 1.868687E-1 1.071432E-5
2.930300E+4 1.969697E-1 1.090792E-5
2.970300E+4 2.070707E-1 1.107919E-5
3.010300E+4 2.171718E-1 1.123556E-5
3.050300E+4 2.272728E-1 1.138448E-5
3.090300E+4 2.373738E-1 1.151107E-5
3.130300E+4 2.474748E-1 1.160042E-5
3.170300E+4 2.575758E-1 1.167489E-5
3.210300E+4 2.676768E-1 1.171212E-5
3.250300E+4 2.777778E-1 1.171212E-5
3.290300E+4 2.878788E-1 1.167489E-5
3.330300E+4 2.979798E-1 1.158553E-5
3.370300E+4 3.080808E-1 1.146639E-5
3.410300E+4 3.181818E-1 1.130257E-5
3.450300E+4 3.282828E-1 1.111642E-5
3.490300E+4 3.383839E-1 1.090047E-5
3.530300E+4 3.484849E-1 1.065475E-5
3.570300E+4 3.585859E-1 1.040902E-5
3.610300E+4 3.686869E-1 1.015584E-5
3.650300E+4 3.787879E-1 9.902671E-6
3.690300E+4 3.888889E-1 9.649497E-6
3.730300E+4 3.989899E-1 9.403770E-6
3.770300E+4 4.090909E-1 9.158042E-6
3.810300E+4 4.191920E-1 8.934653E-6
3.850300E+4 4.292930E-1 8.726157E-6
3.890300E+4 4.393940E-1 8.547446E-6
3.930300E+4 4.494950E-1 8.383628E-6
3.970300E+4 4.595960E-1 8.234702E-6
4.010300E+4 4.696970E-1 8.108115E-6
4.050300E+4 4.797980E-1 7.996421E-6
4.090300E+4 4.898990E-1 7.907065E-6
4.130300E+4 5.000000E-1 7.825157E-6
4.170300E+4 5.000000E-1 7.303915E-6
4.210300E+4 4.898990E-1 6.410361E-6
4.250300E+4 4.797980E-1 5.688071E-6
4.290300E+4 4.696970E-1 5.070029E-6
4.330300E+4 4.595959E-1 4.533896E-6
4.370300E+4 4.494949E-1 4.064780E-6
4.410300E+4 4.393939E-1 3.640341E-6
4.450300E+4 4.292929E-1 3.253134E-6
4.490300E+4 4.191919E-1 2.895712E-6
4.530300E+4 4.090909E-1 2.612753E-6
4.570300E+4 3.989899E-1 2.314902E-6
4.610300E+4 3.888889E-1 2.039389E-6
4.650300E+4 3.787879E-1 1.786215E-6
4.690300E+4 3.686869E-1 1.525595E-6
4.730300E+4 3.585859E-1 1.294760E-6
4.770300E+4 3.484849E-1 1.086264E-6
4.820300E+4 3.383839E-1 1.014095E-6
4.860300E+4 3.282828E-1 7.140097E-7
4.900300E+4 3.181818E-1 5.003013E-7
4.940300E+4 3.080808E-1 3.037192E-7
4.980300E+4 2.979798E-1 1.145835E-7
5.030300E+4 2.878788E-1 8.470005E-8
5.100400E+4 2.777778E-1 5.551059E-8
5.150300E+4 2.676768E-1 -1.609292E-7
5.190300E+4 2.575758E-1 -4.751626E-7
5.230300E+4 2.474747E-1 -7.052529E-7
5.270300E+4 2.373737E-1 -9.271523E-7
5.310300E+4 2.272727E-1 -1.152775E-6
5.350300E+4 2.171717E-1 -1.370207E-6
5.400300E+4 2.070707E-1 -1.452920E-6
5.440300E+4 1.969697E-1 -1.743325E-6
5.480300E+4 1.868687E-1 -1.974161E-6
5.520300E+4 1.767677E-1 -2.227334E-6
5.560300E+4 1.666667E-1 -2.473062E-6
5.600300E+4 1.565656E-1 -2.726236E-6
5.640300E+4 1.464646E-1 -2.979410E-6
5.680300E+4 1.363636E-1 -3.232583E-6
5.720300E+4 1.262626E-1 -3.485757E-6
5.760300E+4 1.161616E-1 -3.746377E-6
5.800300E+4 1.060606E-1 -4.006997E-6
5.840300E+4 9.595960E-2 -4.267617E-6
5.880300E+4 8.585858E-2 -4.528238E-6
5.920300E+4 7.575757E-2 -4.781411E-6
5.960300E+4 6.565656E-2 -5.034586E-6
6.000300E+4 5.555554E-2 -5.257973E-6
6.040300E+4 4.545453E-2 -5.503702E-6
6.080300E+4 3.535352E-2 -5.741982E-6
6.120300E+4 2.525250E-2 -5.995157E-6
6.160300E+4 1.515149E-2 -6.225991E-6
6.200300E+4 5.050506E-3 -6.456826E-6
6.240300E+4 -5.050506E-3 -6.672768E-6
6.280300E+4 -1.515155E-2 -6.881265E-6
6.320300E+4 -2.525256E-2 -7.089761E-6
6.360300E+4 -3.535357E-2 -7.290811E-6
6.400300E+4 -4.545453E-2 -7.491860E-6
6.440300E+4 -5.555554E-2 -7.692910E-6
6.480300E+4 -6.565656E-2 -7.901406E-6
6.520300E+4 -7.575757E-2 -8.102455E-6
6.560300E+4 -8.585858E-2 -8.318398E-6
6.600300E+4 -9.595960E-2 -8.519448E-6
6.640300E+4 -1.060606E-1 -8.735390E-6
6.680300E+4 -1.161616E-1 -8.951332E-6
6.720300E+4 -1.262626E-1 -9.174722E-6
6.760300E+4 -1.363636E-1 -9.390664E-6
6.800300E+4 -1.464647E-1 -9.614053E-6
6.840300E+4 -1.565657E-1 -9.837441E-6
6.880300E+4 -1.666667E-1 -1.005338E-5
6.920300E+4 -1.767677E-1 -1.026188E-5
6.960300E+4 -1.868687E-1 -1.046293E-5
7.000300E+4 -1.969697E-1 -1.065653E-5
7.040300E+4 -2.070707E-1 -1.083524E-5
7.080300E+4 -2.171718E-1 -1.099906E-5
7.120300E+4 -2.272728E-1 -1.115543E-5
7.160300E+4 -2.373738E-1 -1.129691E-5
7.200300E+4 -2.474748E-1 -1.140861E-5
7.240300E+4 -2.575758E-1 -1.149796E-5
7.280300E+4 -2.676768E-1 -1.156498E-5
7.320300E+4 -2.777778E-1 -1.160966E-5
7.360300E+4 -2.878788E-1 -1.161710E-5
7.400300E+4 -2.979798E-1 -1.159477E-5
7.440300E+4 -3.080808E-1 -1.153519E-5
7.480300E+4 -3.181818E-1 -1.144584E-5
7.520300E+4 -3.282828E-1 -1.133414E-5
7.560300E+4 -3.383839E-1 -1.118522E-5
7.600300E+4 -3.484849E-1 -1.100651E-5
7.640300E+4 -3.585859E-1 -1.080546E-5
7.680300E+4 -3.686869E-1 -1.058952E-5
7.720300E+4 -3.787879E-1 -1.035123E-5
7.760300E+4 -3.888889E-1 -1.009061E-5
7.800300E+4 -3.989899E-1 -9.829995E-6
7.840300E+4 -4.090909E-1 -9.561929E-6
7.880300E+4 -4.191920E-1 -9.278970E-6
7.920300E+4 -4.292930E-1 -9.010903E-6
7.960300E+4 -4.393940E-1 -8.750283E-6
8.000300E+4 -4.494950E-1 -8.504555E-6
8.040300E+4 -4.595960E-1 -8.258828E-6
8.080300E+4 -4.696970E-1 -8.027992E-6
8.120300E+4 -4.797980E-1 -7.826943E-6
8.160300E+4 -4.898990E-1 -7.640786E-6
8.200300E+4 -5.000000E-1 -7.476968E-6
