9.020000E+2 -5.000000E-1 -1.929483E-5
1.302000E+3 -4.898990E-1 -1.720987E-5
1.702000E+3 -4.797980E-1 -1.482705E-5
2.102000E+3 -4.696970E-1 -1.296548E-5
2.502000E+3 -4.595959E-1 -1.125284E-5
2.902000E+3 -4.494949E-1 -9.838041E-6
3.302000E+3 -4.393939E-1 -8.646633E-6
3.802000E+3 -4.292929E-1 -7.328043E-6
4.202000E+3 -4.191919E-1 -6.561074E-6
4.602000E+3 -4.090909E-1 -5.764321E-6
5.002000E+3 -3.989899E-1 -5.109048E-6
5.402000E+3 -3.888889E-1 -4.520792E-6
5.802000E+3 -3.787879E-1 -3.977212E-6
6.202000E+3 -3.686869E-1 -3.500650E-6
6.602000E+3 -3.585859E-1 -3.061319E-6
7.002000E+3 -3.484849E-1 -2.674112E-6
7.402000E+3 -3.383839E-1 -2.309243E-6
7.802000E+3 -3.282828E-1 -1.966714E-6
8.202000E+3 -3.181818E-1 -1.653970E-6
8.602000E+3 -3.080808E-1 -1.371011E-6
9.002000E+3 -2.979798E-1 -1.102945E-6
9.502000E+3 -2.878788E-1 -9.524697E-7
9.902000E+3 -2.777778E-1 -6.255777E-7
1.030200E+4 -2.676768E-1 -3.709146E-7
1.070200E+4 -2.575758E-1 -1.296548E-7
1.110200E+4 -2.474747E-1 1.041587E-7
1.150200E+4 -2.373737E-1 3.327597E-7
1.190200E+4 -2.272727E-1 5.665732E-7
1.230200E+4 -2.171717E-1 7.921958E-7
1.270200E+4 -2.070707E-1 1.019308E-6
1.310200E+4 -1.969697E-1 1.245675E-6
1.360200E+4 -1.868687E-1 1.361777E-6
1.400200E+4 -1.767677E-1 1.652182E-6
1.440200E+4 -1.666667E-1 1.897910E-6
1.480200E+4 -1.565656E-1 2.136191E-6
1.520200E+4 -1.464646E-1 2.381918E-6
1.560200E+4 -1.363636E-1 2.612753E-6
1.600200E+4 -1.262626E-1 2.843588E-6
1.640200E+4 -1.161616E-1 3.066977E-6
1.680200E+4 -1.060606E-1 3.327597E-6
1.720200E+4 -9.595960E-2 3.573325E-6
1.760200E+4 -8.585858E-2 3.819052E-6
1.800200E+4 -7.575757E-2 4.057334E-6
1.840200E+4 -6.565656E-2 4.310507E-6
1.880200E+4 -5.555554E-2 4.548789E-6
1.920200E+4 -4.545453E-2 4.787070E-6
1.960200E+4 -3.535352E-2 5.017905E-6
2.000200E+4 -2.525250E-2 5.241293E-6
2.040200E+4 -1.515149E-2 5.457236E-6
2.080200E+4 -5.050506E-3 5.680624E-6
2.120200E+4 5.050506E-3 5.874228E-6
2.160200E+4 1.515155E-2 6.060385E-6
2.200200E+4 2.525256E-2 6.246542E-6
2.240200E+4 3.535357E-2 6.402915E-6
2.280200E+4 4.545453E-2 6.559287E-6
2.320200E+4 5.555554E-2 6.708212E-6
2.360200E+4 6.565656E-2 6.849692E-6
2.400200E+4 7.575757E-2 6.983725E-6
2.440200E+4 8.585858E-2 7.117758E-6
2.480200E+4 9.595960E-2 7.236899E-6
2.520200E+4 1.060606E-1 7.356039E-6
2.560200E+4 1.161616E-1 7.475180E-6
2.600200E+4 1.262626E-1 7.579428E-6
2.640200E+4 1.363636E-1 7.668784E-6
2.680200E+4 1.464647E-1 7.758139E-6
2.720200E+4 1.565657E-1 7.832602E-6
2.760200E+4 1.666667E-1 7.884726E-6
2.800200E+4 1.767677E-1 7.936851E-6
2.840200E+4 1.868687E-1 7.959189E-6
2.880200E+4 1.969697E-1 7.974082E-6
2.920200E+4 2.070707E-1 7.966636E-6
2.960200E+4 2.171718E-1 7.936851E-6
3.000200E+4 2.272728E-1 7.899619E-6
3.040200E+4 2.373738E-1 7.854942E-6
3.080200E+4 2.474748E-1 7.795371E-6
3.120200E+4 2.575758E-1 7.728354E-6
3.160200E+4 2.676768E-1 7.668784E-6
3.200200E+4 2.777778E-1 7.594321E-6
3.240200E+4 2.878788E-1 7.512412E-6
3.280200E+4 2.979798E-1 7.437949E-6
3.320200E+4 3.080808E-1 7.348593E-6
3.360200E+4 3.181818E-1 7.266684E-6
3.400200E+4 3.282828E-1 7.184775E-6
3.440200E+4 3.383839E-1 7.102866E-6
3.480200E+4 3.484849E-1 7.013511E-6
3.520200E+4 3.585859E-1 6.931601E-6
3.560200E+4 3.686869E-1 6.857138E-6
3.600200E+4 3.787879E-1 6.790122E-6
3.640200E+4 3.888889E-1 6.730551E-6
3.680200E+4 3.989899E-1 6.670981E-6
3.720200E+4 4.090909E-1 6.626303E-6
3.760200E+4 4.191920E-1 6.589072E-6
3.800200E+4 4.292930E-1 6.559287E-6
3.840200E+4 4.393940E-1 6.544394E-6
3.880200E+4 4.494950E-1 6.536948E-6
3.920200E+4 4.595960E-1 6.536948E-6
3.960200E+4 4.696970E-1 6.551840E-6
4.000200E+4 4.797980E-1 6.574179E-6
4.040200E+4 4.898990E-1 6.611410E-6
4.080200E+4 5.000000E-1 6.656088E-6
4.120200E+4 5.000000E-1 6.239096E-6
4.160200E+4 4.898990E-1 5.412558E-6
4.200200E+4 4.797980E-1 4.749838E-6
4.240200E+4 4.696970E-1 4.191367E-6
4.280200E+4 4.595959E-1 3.692465E-6
4.320200E+4 4.494949E-1 3.245688E-6
4.360200E+4 4.393939E-1 2.858481E-6
4.400200E+4 4.292929E-1 2.508505E-6
4.440200E+4 4.191919E-1 2.180869E-6
4.480200E+4 4.090909E-1 1.875571E-6
4.520200E+4 3.989899E-1 1.585166E-6
4.560200E+4 3.888889E-1 1.324546E-6
4.600200E+4 3.787879E-1 1.086264E-6
4.650200E+4 3.686869E-1 9.954795E-7
4.690200E+4 3.585859E-1 6.857138E-7
4.730200E+4 3.484849E-1 4.772177E-7
4.770200E+4 3.383839E-1 2.865927E-7
4.810200E+4 3.282828E-1 1.108603E-7
4.860200E+4 3.181818E-1 1.085282E-7
4.930300E+4 3.080808E-1 1.280375E-7
5.000400E+4 2.979798E-1 7.874301E-8
5.050300E+4 2.878788E-1 -1.244424E-7
5.090300E+4 2.777778E-1 -4.297403E-7
5.130300E+4 2.676768E-1 -6.434487E-7
5.170300E+4 2.575758E-1 -8.363076E-7
5.210300E+4 2.474747E-1 -1.022465E-6
5.250300E+4 2.373737E-1 -1.203410E-6
5.290300E+4 2.272727E-1 -1.387333E-6
5.340300E+4 2.171717E-1 -1.415689E-6
5.380300E+4 2.070707E-1 -1.668863E-6
5.420300E+4 1.969697E-1 -1.862466E-6
5.460300E+4 1.868687E-1 -2.085855E-6
5.500300E+4 1.767677E-1 -2.286905E-6
5.540300E+4 1.666667E-1 -2.487955E-6
5.580300E+4 1.565656E-1 -2.703897E-6
5.620300E+4 1.464646E-1 -2.919839E-6
5.660300E+4 1.363636E-1 -3.150674E-6
5.700300E+4 1.262626E-1 -3.374063E-6
5.740300E+4 1.161616E-1 -3.612344E-6
5.780300E+4 1.060606E-1 -3.850625E-6
5.820300E+4 9.595960E-2 -4.088907E-6
5.860300E+4 8.585858E-2 -4.327188E-6
5.900300E+4 7.575757E-2 -4.572915E-6
5.940300E+4 6.565656E-2 -4.803750E-6
5.980300E+4 5.555554E-2 -5.049478E-6
6.020300E+4 4.545453E-2 -5.250528E-6
6.060300E+4 3.535352E-2 -5.481362E-6
6.100300E+4 2.525250E-2 -5.704751E-6
6.140300E+4 1.515149E-2 -5.943033E-6
6.180300E+4 5.050506E-3 -6.151528E-6
6.220300E+4 -5.050506E-3 -6.360025E-6
6.260300E+4 -1.515155E-2 -6.553628E-6
6.300300E+4 -2.525256E-2 -6.747232E-6
6.340300E+4 -3.535357E-2 -6.925943E-6
6.380300E+4 -4.545453E-2 -7.089761E-6
6.420300E+4 -5.555554E-2 -7.246133E-6
6.460300E+4 -6.565656E-2 -7.409952E-6
6.500300E+4 -7.575757E-2 -7.558877E-6
6.540300E+4 -8.585858E-2 -7.707803E-6
6.580300E+4 -9.595960E-2 -7.849282E-6
6.620300E+4 -1.060606E-1 -7.990761E-6
6.660300E+4 -1.161616E-1 -8.132241E-6
6.700300E+4 -1.262626E-1 -8.266275E-6
6.740300E+4 -1.363636E-1 -8.400308E-6
6.780300E+4 -1.464647E-1 -8.519448E-6
6.820300E+4 -1.565657E-1 -8.646035E-6
6.860300E+4 -1.666667E-1 -8.750283E-6
6.900300E+4 -1.767677E-1 -8.854531E-6
6.940300E+4 -1.868687E-1 -8.936440E-6
6.980300E+4 -1.969697E-1 -9.010903E-6
7.020300E+4 -2.070707E-1 -9.063026E-6
7.060300E+4 -2.171718E-1 -9.100258E-6
7.100300E+4 -2.272728E-1 -9.115151E-6
7.140300E+4 -2.373738E-1 -9.115151E-6
7.180300E+4 -2.474748E-1 -9.092812E-6
7.220300E+4 -2.575758E-1 -9.048134E-6
7.260300E+4 -2.676768E-1 -8.988564E-6
7.300300E+4 -2.777778E-1 -8.921547E-6
7.340300E+4 -2.878788E-1 -8.824746E-6
7.380300E+4 -2.979798E-1 -8.720498E-6
7.420300E+4 -3.080808E-1 -8.608804E-6
7.460300E+4 -3.181818E-1 -8.489663E-6
7.500300E+4 -3.282828E-1 -8.363076E-6
7.540300E+4 -3.383839E-1 -8.221597E-6
7.580300E+4 -3.484849E-1 -8.072670E-6
7.620300E+4 -3.585859E-1 -7.931191E-6
7.660300E+4 -3.686869E-1 -7.789712E-6
7.700300E+4 -3.787879E-1 -7.633340E-6
7.740300E+4 -3.888889E-1 -7.484415E-6
7.780300E+4 -3.989899E-1 -7.335489E-6
7.820300E+4 -4.090909E-1 -7.194009E-6
7.860300E+4 -4.191920E-1 -7.059976E-6
7.900300E+4 -4.292930E-1 -6.933389E-6
7.940300E+4 -4.393940E-1 -6.821695E-6
7.980300E+4 -4.494950E-1 -6.724893E-6
8.020300E+4 -4.595960E-1 -6.642983E-6
8.060300E+4 -4.696970E-1 -6.575967E-6
8.100300E+4 -4.797980E-1 -6.523843E-6
8.140300E+4 -4.898990E-1 -6.501504E-6
8.180300E+4 -5.000000E-1 -6.494058E-6
