1.103000E+3 -5.000000E-1 -7.246133E-6
1.503000E+3 -4.898990E-1 -6.345132E-6
1.903000E+3 -4.797980E-1 -5.421792E-6
2.303000E+3 -4.696970E-1 -4.714395E-6
2.703000E+3 -4.595959E-1 -4.081460E-6
3.103000E+3 -4.494949E-1 -3.545327E-6
3.503000E+3 -4.393939E-1 -3.068765E-6
3.903000E+3 -4.292929E-1 -2.659219E-6
4.303000E+3 -4.191919E-1 -2.286905E-6
4.703000E+3 -4.090909E-1 -1.951822E-6
5.103000E+3 -3.989899E-1 -1.653970E-6
5.503000E+3 -3.888889E-1 -1.385904E-6
5.903000E+3 -3.787879E-1 -1.147622E-6
6.303000E+3 -3.686869E-1 -9.242337E-7
6.803000E+3 -3.585859E-1 -7.998208E-7
7.203000E+3 -3.484849E-1 -5.548379E-7
7.603000E+3 -3.383839E-1 -3.731485E-7
8.003000E+3 -3.282828E-1 -2.026285E-7
8.704000E+3 -3.181818E-1 -2.346475E-7
9.204000E+3 -3.080808E-1 -8.775599E-8
9.905000E+3 -2.979798E-1 -3.257900E-8
1.040500E+4 -2.878788E-1 1.272421E-7
1.080500E+4 -2.777778E-1 3.565879E-7
1.120500E+4 -2.676768E-1 5.300864E-7
1.160500E+4 -2.575758E-1 6.886924E-7
1.200500E+4 -2.474747E-1 8.398520E-7
1.240500E+4 -2.373737E-1 9.872886E-7
1.280500E+4 -2.272727E-1 1.134725E-6
1.320500E+4 -2.171717E-1 1.277694E-6
1.370500E+4 -2.070707E-1 1.339438E-6
1.410500E+4 -1.969697E-1 1.525595E-6
1.450500E+4 -1.868687E-1 1.681967E-6
1.490500E+4 -1.767677E-1 1.853232E-6
1.530500E+4 -1.666667E-1 2.009604E-6
1.570500E+4 -1.565656E-1 2.165976E-6
1.610500E+4 -1.464646E-1 2.337241E-6
1.650500E+4 -1.363636E-1 2.493613E-6
1.690500E+4 -1.262626E-1 2.657431E-6
1.730500E+4 -1.161616E-1 2.813803E-6
1.770500E+4 -1.060606E-1 2.962729E-6
1.810500E+4 -9.595960E-2 3.133994E-6
1.850500E+4 -8.585858E-2 3.297812E-6
1.890500E+4 -7.575757E-2 3.469077E-6
1.930500E+4 -6.565656E-2 3.632895E-6
1.970500E+4 -5.555554E-2 3.804160E-6
2.010500E+4 -4.545453E-2 3.967978E-6
2.050500E+4 -3.535352E-2 4.131796E-6
2.090500E+4 -2.525250E-2 4.295615E-6
2.130500E+4 -1.515149E-2 4.444541E-6
2.170500E+4 -5.050506E-3 4.600913E-6
2.210500E+4 5.050506E-3 4.757284E-6
2.250500E+4 1.515155E-2 4.906211E-6
2.290500E+4 2.525256E-2 5.062583E-6
2.330500E+4 3.535357E-2 5.211508E-6
2.370500E+4 4.545453E-2 5.360434E-6
2.410500E+4 5.555554E-2 5.516806E-6
2.450500E+4 6.565656E-2 5.665732E-6
2.490500E+4 7.575757E-2 5.807211E-6
2.530500E+4 8.585858E-2 5.956137E-6
2.570500E+4 9.595960E-2 6.105063E-6
2.610500E+4 1.060606E-1 6.261435E-6
2.650500E+4 1.161616E-1 6.410361E-6
2.690500E+4 1.262626E-1 6.566733E-6
2.730500E+4 1.363636E-1 6.723105E-6
2.770500E+4 1.464647E-1 6.872031E-6
2.810500E+4 1.565657E-1 7.028403E-6
2.850500E+4 1.666667E-1 7.177328E-6
2.890500E+4 1.767677E-1 7.326254E-6
2.930500E+4 1.868687E-1 7.460288E-6
2.970500E+4 1.969697E-1 7.594321E-6
3.010500E+4 2.070707E-1 7.720908E-6
3.050500E+4 2.171718E-1 7.825157E-6
3.090500E+4 2.272728E-1 7.921958E-6
3.130500E+4 2.373738E-1 8.011314E-6
3.170500E+4 2.474748E-1 8.070884E-6
3.210500E+4 2.575758E-1 8.115561E-6
3.250500E+4 2.676768E-1 8.130454E-6
3.290500E+4 2.777778E-1 8.123008E-6
3.330500E+4 2.878788E-1 8.100669E-6
3.370500E+4 2.979798E-1 8.048545E-6
3.410500E+4 3.080808E-1 7.974082E-6
3.450500E+4 3.181818E-1 7.884726E-6
3.490500E+4 3.282828E-1 7.802817E-6
3.530500E+4 3.383839E-1 7.698569E-6
3.570500E+4 3.484849E-1 7.586874E-6
3.610500E+4 3.585859E-1 7.475180E-6
3.650500E+4 3.686869E-1 7.363486E-6
3.690500E+4 3.787879E-1 7.244345E-6
3.730500E+4 3.888889E-1 7.132651E-6
3.770500E+4 3.989899E-1 7.013511E-6
3.810500E+4 4.090909E-1 6.901816E-6
3.850500E+4 4.191920E-1 6.790122E-6
3.890500E+4 4.292930E-1 6.678427E-6
3.930500E+4 4.393940E-1 6.574179E-6
3.970500E+4 4.494950E-1 6.477378E-6
4.010500E+4 4.595960E-1 6.388022E-6
4.050500E+4 4.696970E-1 6.306113E-6
4.090500E+4 4.797980E-1 6.231650E-6
4.130500E+4 4.898990E-1 6.157187E-6
4.170500E+4 5.000000E-1 6.097617E-6
4.210500E+4 5.000000E-1 5.710410E-6
4.250500E+4 4.898990E-1 5.040244E-6
4.290500E+4 4.797980E-1 4.511557E-6
4.330500E+4 4.696970E-1 4.057334E-6
4.370500E+4 4.595959E-1 3.662680E-6
4.410500E+4 4.494949E-1 3.305258E-6
4.450500E+4 4.393939E-1 2.977622E-6
4.490500E+4 4.292929E-1 2.717002E-6
4.530500E+4 4.191919E-1 2.448935E-6
4.570500E+4 4.090909E-1 2.203208E-6
4.610500E+4 3.989899E-1 1.972373E-6
4.650500E+4 3.888889E-1 1.756430E-6
4.690500E+4 3.787879E-1 1.540488E-6
4.730500E+4 3.686869E-1 1.354331E-6
4.770500E+4 3.585859E-1 1.168174E-6
4.810500E+4 3.484849E-1 9.969089E-7
4.860500E+4 3.383839E-1 9.232505E-7
4.900500E+4 3.282828E-1 6.961386E-7
4.940500E+4 3.181818E-1 5.278525E-7
4.980500E+4 3.080808E-1 3.722251E-7
5.020500E+4 2.979798E-1 2.232993E-7
5.090600E+4 2.878788E-1 2.664877E-7
5.140600E+4 2.777778E-1 1.135916E-7
5.180600E+4 2.676768E-1 -1.258810E-7
5.230500E+4 2.575758E-1 -2.197549E-7
5.270500E+4 2.474747E-1 -4.416543E-7
5.310500E+4 2.373737E-1 -6.091958E-7
5.350500E+4 2.272727E-1 -7.797158E-7
5.390500E+4 2.171717E-1 -9.450234E-7
5.430500E+4 2.070707E-1 -1.113310E-6
5.470500E+4 1.969697E-1 -1.280106E-6
5.520500E+4 1.868687E-1 -1.371011E-6
5.560500E+4 1.767677E-1 -1.572061E-6
5.600500E+4 1.666667E-1 -1.750772E-6
5.640500E+4 1.565656E-1 -1.929483E-6
5.680500E+4 1.464646E-1 -2.137979E-6
5.720500E+4 1.363636E-1 -2.309243E-6
5.760500E+4 1.262626E-1 -2.502847E-6
5.800500E+4 1.161616E-1 -2.696451E-6
5.840500E+4 1.060606E-1 -2.882608E-6
5.880500E+4 9.595960E-2 -3.076211E-6
5.920500E+4 8.585858E-2 -3.254922E-6
5.960500E+4 7.575757E-2 -3.448526E-6
6.000500E+4 6.565656E-2 -3.634683E-6
6.040500E+4 5.555554E-2 -3.820840E-6
6.080500E+4 4.545453E-2 -4.006997E-6
6.120500E+4 3.535352E-2 -4.185708E-6
6.160500E+4 2.525250E-2 -4.356973E-6
6.200500E+4 1.515149E-2 -4.528238E-6
6.240500E+4 5.050506E-3 -4.699502E-6
6.280500E+4 -5.050506E-3 -4.848428E-6
6.320500E+4 -1.515155E-2 -4.997354E-6
6.360500E+4 -2.525256E-2 -5.131387E-6
6.400500E+4 -3.535357E-2 -5.243081E-6
6.440500E+4 -4.545453E-2 -5.384561E-6
6.480500E+4 -5.555554E-2 -5.511148E-6
6.520500E+4 -6.565656E-2 -5.645181E-6
6.560500E+4 -7.575757E-2 -5.771768E-6
6.600500E+4 -8.585858E-2 -5.913248E-6
6.640500E+4 -9.595960E-2 -6.039834E-6
6.680500E+4 -1.060606E-1 -6.173867E-6
6.720500E+4 -1.161616E-1 -6.307901E-6
6.760500E+4 -1.262626E-1 -6.441934E-6
6.800500E+4 -1.363636E-1 -6.575967E-6
6.840500E+4 -1.464647E-1 -6.710000E-6
6.880500E+4 -1.565657E-1 -6.844034E-6
6.920500E+4 -1.666667E-1 -6.970620E-6
6.960500E+4 -1.767677E-1 -7.089761E-6
7.000500E+4 -1.868687E-1 -7.208901E-6
7.040500E+4 -1.969697E-1 -7.320596E-6
7.080500E+4 -2.070707E-1 -7.424844E-6
7.120500E+4 -2.171718E-1 -7.506753E-6
7.160500E+4 -2.272728E-1 -7.581216E-6
7.200500E+4 -2.373738E-1 -7.648232E-6
7.240500E+4 -2.474748E-1 -7.685463E-6
7.280500E+4 -2.575758E-1 -7.707803E-6
7.320500E+4 -2.676768E-1 -7.707803E-6
7.360500E+4 -2.777778E-1 -7.685463E-6
7.400500E+4 -2.878788E-1 -7.640786E-6
7.440500E+4 -2.979798E-1 -7.581216E-6
7.480500E+4 -3.080808E-1 -7.499307E-6
7.520500E+4 -3.181818E-1 -7.402505E-6
7.560500E+4 -3.282828E-1 -7.298258E-6
7.600500E+4 -3.383839E-1 -7.186563E-6
7.640500E+4 -3.484849E-1 -7.074869E-6
7.680500E+4 -3.585859E-1 -6.963174E-6
7.720500E+4 -3.686869E-1 -6.858926E-6
7.760500E+4 -3.787879E-1 -6.747232E-6
7.800500E+4 -3.888889E-1 -6.642983E-6
7.840500E+4 -3.989899E-1 -6.546182E-6
7.880500E+4 -4.090909E-1 -6.449380E-6
7.920500E+4 -4.191920E-1 -6.360025E-6
7.960500E+4 -4.292930E-1 -6.270669E-6
8.000500E+4 -4.393940E-1 -6.181314E-6
8.040500E+4 -4.494950E-1 -6.114297E-6
8.080500E+4 -4.595960E-1 -6.039834E-6
8.120500E+4 -4.696970E-1 -5.980264E-6
8.160500E+4 -4.797980E-1 -5.928140E-6
8.200500E+4 -4.898990E-1 -5.876016E-6
8.240500E+4 -5.000000E-1 -5.831338E-6
