9.020000E+2 -5.000000E-1 -8.870023E-6
1.402000E+3 -4.898990E-1 -7.223794E-6
1.802000E+3 -4.797980E-1 -6.240884E-6
2.202000E+3 -4.696970E-1 -5.287759E-6
2.602000E+3 -4.595959E-1 -4.550577E-6
3.002000E+3 -4.494949E-1 -3.895303E-6
3.402000E+3 -4.393939E-1 -3.329385E-6
3.802000E+3 -4.292929E-1 -2.852822E-6
4.202000E+3 -4.191919E-1 -2.420938E-6
4.602000E+3 -4.090909E-1 -2.041177E-6
5.002000E+3 -3.989899E-1 -1.691202E-6
5.402000E+3 -3.888889E-1 -1.378457E-6
5.802000E+3 -3.787879E-1 -1.110391E-6
6.202000E+3 -3.686869E-1 -8.572171E-7
6.702000E+3 -3.585859E-1 -7.476968E-7
7.102000E+3 -3.484849E-1 -4.483560E-7
7.502000E+3 -3.383839E-1 -2.361368E-7
8.203000E+3 -3.282828E-1 -3.068765E-7
8.703000E+3 -3.181818E-1 -1.167221E-7
9.404000E+3 -3.080808E-1 -5.424770E-8
9.904000E+3 -2.979798E-1 1.570273E-7
1.030400E+4 -2.878788E-1 4.541342E-7
1.070400E+4 -2.777778E-1 6.670981E-7
1.110400E+4 -2.676768E-1 8.674033E-7
1.150400E+4 -2.575758E-1 1.056539E-6
1.190400E+4 -2.474747E-1 1.242696E-6
1.240400E+4 -2.373737E-1 1.302207E-6
1.280400E+4 -2.272727E-1 1.562827E-6
1.320400E+4 -2.171717E-1 1.771323E-6
1.360400E+4 -2.070707E-1 1.972373E-6
1.400400E+4 -1.969697E-1 2.173422E-6
1.440400E+4 -1.868687E-1 2.381918E-6
1.480400E+4 -1.767677E-1 2.582968E-6
1.520400E+4 -1.666667E-1 2.776572E-6
1.560400E+4 -1.565656E-1 2.962729E-6
1.600400E+4 -1.464646E-1 3.186118E-6
1.640400E+4 -1.363636E-1 3.409506E-6
1.680400E+4 -1.262626E-1 3.640341E-6
1.720400E+4 -1.161616E-1 3.871176E-6
1.760400E+4 -1.060606E-1 4.116904E-6
1.800400E+4 -9.595960E-2 4.362631E-6
1.840400E+4 -8.585858E-2 4.600913E-6
1.880400E+4 -7.575757E-2 4.846640E-6
1.920400E+4 -6.565656E-2 5.099814E-6
1.960400E+4 -5.555554E-2 5.352988E-6
2.000400E+4 -4.545453E-2 5.613608E-6
2.040400E+4 -3.535352E-2 5.851889E-6
2.080400E+4 -2.525250E-2 6.090170E-6
2.120400E+4 -1.515149E-2 6.321005E-6
2.160400E+4 -5.050506E-3 6.544394E-6
2.200400E+4 5.050506E-3 6.760336E-6
2.240400E+4 1.515155E-2 6.968833E-6
2.280400E+4 2.525256E-2 7.177328E-6
2.320400E+4 3.535357E-2 7.363486E-6
2.360400E+4 4.545453E-2 7.534751E-6
2.400400E+4 5.555554E-2 7.706016E-6
2.440400E+4 6.565656E-2 7.869834E-6
2.480400E+4 7.575757E-2 8.026206E-6
2.520400E+4 8.585858E-2 8.167685E-6
2.560400E+4 9.595960E-2 8.309165E-6
2.600400E+4 1.060606E-1 8.450645E-6
2.640400E+4 1.161616E-1 8.592124E-6
2.680400E+4 1.262626E-1 8.718711E-6
2.720400E+4 1.363636E-1 8.845298E-6
2.760400E+4 1.464647E-1 8.971885E-6
2.800400E+4 1.565657E-1 9.083579E-6
2.840400E+4 1.666667E-1 9.187827E-6
2.880400E+4 1.767677E-1 9.292075E-6
2.920400E+4 1.868687E-1 9.366538E-6
2.960400E+4 1.969697E-1 9.426108E-6
3.000400E+4 2.070707E-1 9.463340E-6
3.040400E+4 2.171718E-1 9.470786E-6
3.080400E+4 2.272728E-1 9.463340E-6
3.120400E+4 2.373738E-1 9.433555E-6
3.160400E+4 2.474748E-1 9.373985E-6
3.200400E+4 2.575758E-1 9.292075E-6
3.240400E+4 2.676768E-1 9.172934E-6
3.280400E+4 2.777778E-1 9.068686E-6
3.320400E+4 2.878788E-1 8.949545E-6
3.360400E+4 2.979798E-1 8.815513E-6
3.400400E+4 3.080808E-1 8.681479E-6
3.440400E+4 3.181818E-1 8.547446E-6
3.480400E+4 3.282828E-1 8.405967E-6
3.520400E+4 3.383839E-1 8.264487E-6
3.560400E+4 3.484849E-1 8.130454E-6
3.600400E+4 3.585859E-1 7.996421E-6
3.640400E+4 3.686869E-1 7.869834E-6
3.680400E+4 3.787879E-1 7.743247E-6
3.720400E+4 3.888889E-1 7.624106E-6
3.760400E+4 3.989899E-1 7.512412E-6
3.800400E+4 4.090909E-1 7.423057E-6
3.840400E+4 4.191920E-1 7.333701E-6
3.880400E+4 4.292930E-1 7.251791E-6
3.920400E+4 4.393940E-1 7.184775E-6
3.960400E+4 4.494950E-1 7.132651E-6
4.000400E+4 4.595960E-1 7.095419E-6
4.040400E+4 4.696970E-1 7.050742E-6
4.080400E+4 4.797980E-1 7.035849E-6
4.120400E+4 4.898990E-1 7.028403E-6
4.160400E+4 5.000000E-1 7.028403E-6
4.200400E+4 5.000000E-1 6.574179E-6
4.240400E+4 4.898990E-1 5.740195E-6
4.280400E+4 4.797980E-1 5.047690E-6
4.320400E+4 4.696970E-1 4.466880E-6
4.360400E+4 4.595959E-1 3.967978E-6
4.400400E+4 4.494949E-1 3.521201E-6
4.440400E+4 4.393939E-1 3.104208E-6
4.480400E+4 4.292929E-1 2.769125E-6
4.520400E+4 4.191919E-1 2.448935E-6
4.560400E+4 4.090909E-1 2.136191E-6
4.600400E+4 3.989899E-1 1.853232E-6
4.640400E+4 3.888889E-1 1.577719E-6
4.680400E+4 3.787879E-1 1.339438E-6
4.720400E+4 3.686869E-1 1.108603E-6
4.770400E+4 3.585859E-1 1.028243E-6
4.810400E+4 3.484849E-1 7.296469E-7
4.850400E+4 3.383839E-1 5.233847E-7
4.890400E+4 3.282828E-1 3.342490E-7
4.930400E+4 3.181818E-1 1.533042E-7
5.000500E+4 3.080808E-1 2.843588E-7
5.050500E+4 2.979798E-1 1.184317E-7
5.120600E+4 2.878788E-1 7.531771E-8
5.170500E+4 2.777778E-1 -1.318887E-7
5.210500E+4 2.676768E-1 -4.468667E-7
5.250500E+4 2.575758E-1 -6.635537E-7
5.290500E+4 2.474747E-1 -8.683267E-7
5.330500E+4 2.373737E-1 -1.067887E-6
5.370500E+4 2.272727E-1 -1.268192E-6
5.420500E+4 2.171717E-1 -1.311441E-6
5.460500E+4 2.070707E-1 -1.579507E-6
5.500500E+4 1.969697E-1 -1.788003E-6
5.540500E+4 1.868687E-1 -2.003946E-6
5.580500E+4 1.767677E-1 -2.227334E-6
5.620500E+4 1.666667E-1 -2.443277E-6
5.660500E+4 1.565656E-1 -2.666665E-6
5.700500E+4 1.464646E-1 -2.904947E-6
5.740500E+4 1.363636E-1 -3.135782E-6
5.780500E+4 1.262626E-1 -3.366617E-6
5.820500E+4 1.161616E-1 -3.612344E-6
5.860500E+4 1.060606E-1 -3.858072E-6
5.900500E+4 9.595960E-2 -4.111246E-6
5.940500E+4 8.585858E-2 -4.349527E-6
5.980500E+4 7.575757E-2 -4.602700E-6
6.020500E+4 6.565656E-2 -4.840982E-6
6.060500E+4 5.555554E-2 -5.086709E-6
6.100500E+4 4.545453E-2 -5.287759E-6
6.140500E+4 3.535352E-2 -5.526040E-6
6.180500E+4 2.525250E-2 -5.756875E-6
6.220500E+4 1.515149E-2 -5.995157E-6
6.260500E+4 5.050506E-3 -6.203652E-6
6.300500E+4 -5.050506E-3 -6.419595E-6
6.340500E+4 -1.515155E-2 -6.620645E-6
6.380500E+4 -2.525256E-2 -6.814249E-6
6.420500E+4 -3.535357E-2 -7.000406E-6
6.460500E+4 -4.545453E-2 -7.171670E-6
6.500500E+4 -5.555554E-2 -7.342935E-6
6.540500E+4 -6.565656E-2 -7.514200E-6
6.580500E+4 -7.575757E-2 -7.678018E-6
6.620500E+4 -8.585858E-2 -7.834389E-6
6.660500E+4 -9.595960E-2 -7.998207E-6
6.700500E+4 -1.060606E-1 -8.154580E-6
6.740500E+4 -1.161616E-1 -8.318398E-6
6.780500E+4 -1.262626E-1 -8.467324E-6
6.820500E+4 -1.363636E-1 -8.623696E-6
6.860500E+4 -1.464647E-1 -8.765175E-6
6.900500E+4 -1.565657E-1 -8.921547E-6
6.940500E+4 -1.666667E-1 -9.048134E-6
6.980500E+4 -1.767677E-1 -9.174722E-6
7.020500E+4 -1.868687E-1 -9.286416E-6
7.060500E+4 -1.969697E-1 -9.390664E-6
7.100500E+4 -2.070707E-1 -9.472573E-6
7.140500E+4 -2.171718E-1 -9.539590E-6
7.180500E+4 -2.272728E-1 -9.591714E-6
7.220500E+4 -2.373738E-1 -9.621499E-6
7.260500E+4 -2.474748E-1 -9.614053E-6
7.300500E+4 -2.575758E-1 -9.591714E-6
7.340500E+4 -2.676768E-1 -9.532144E-6
7.380500E+4 -2.777778E-1 -9.465127E-6
7.420500E+4 -2.878788E-1 -9.383218E-6
7.460500E+4 -2.979798E-1 -9.278970E-6
7.500500E+4 -3.080808E-1 -9.152383E-6
7.540500E+4 -3.181818E-1 -9.018349E-6
7.580500E+4 -3.282828E-1 -8.876869E-6
7.620500E+4 -3.383839E-1 -8.727944E-6
7.660500E+4 -3.484849E-1 -8.564126E-6
7.700500E+4 -3.585859E-1 -8.400308E-6
7.740500E+4 -3.686869E-1 -8.236490E-6
7.780500E+4 -3.787879E-1 -8.057777E-6
7.820500E+4 -3.888889E-1 -7.879067E-6
7.860500E+4 -3.989899E-1 -7.707803E-6
7.900500E+4 -4.090909E-1 -7.543985E-6
7.940500E+4 -4.191920E-1 -7.380166E-6
7.980500E+4 -4.292930E-1 -7.216348E-6
8.020500E+4 -4.393940E-1 -7.074869E-6
8.060500E+4 -4.494950E-1 -6.948282E-6
8.100500E+4 -4.595960E-1 -6.829141E-6
8.140500E+4 -4.696970E-1 -6.724893E-6
8.180500E+4 -4.797980E-1 -6.642983E-6
8.220500E+4 -4.898990E-1 -6.583413E-6
8.260500E+4 -5.000000E-1 -6.531289E-6
