9.020000E+2 -5.000000E-1 -8.944486E-6
1.402000E+3 -4.898990E-1 -7.179116E-6
1.802000E+3 -4.797980E-1 -6.196206E-6
2.202000E+3 -4.696970E-1 -5.235635E-6
2.602000E+3 -4.595959E-1 -4.491006E-6
3.002000E+3 -4.494949E-1 -3.835733E-6
3.402000E+3 -4.393939E-1 -3.269815E-6
3.802000E+3 -4.292929E-1 -2.793252E-6
4.202000E+3 -4.191919E-1 -2.368814E-6
4.602000E+3 -4.090909E-1 -1.974161E-6
5.002000E+3 -3.989899E-1 -1.639077E-6
5.402000E+3 -3.888889E-1 -1.333780E-6
5.802000E+3 -3.787879E-1 -1.065713E-6
6.302000E+3 -3.686869E-1 -9.360879E-7
6.702000E+3 -3.585859E-1 -6.203653E-7
7.102000E+3 -3.484849E-1 -3.984658E-7
7.502000E+3 -3.383839E-1 -1.944375E-7
8.202000E+3 -3.282828E-1 -2.741128E-7
8.702000E+3 -3.181818E-1 -8.693690E-8
9.403000E+3 -3.080808E-1 -2.312221E-8
9.903000E+3 -2.979798E-1 1.950034E-7
1.030300E+4 -2.878788E-1 4.883872E-7
1.070300E+4 -2.777778E-1 7.013510E-7
1.110300E+4 -2.676768E-1 9.038901E-7
1.150300E+4 -2.575758E-1 1.096749E-6
1.190300E+4 -2.474747E-1 1.286629E-6
1.240300E+4 -2.373737E-1 1.354331E-6
1.280300E+4 -2.272727E-1 1.614951E-6
1.320300E+4 -2.171717E-1 1.830893E-6
1.360300E+4 -2.070707E-1 2.031943E-6
1.400300E+4 -1.969697E-1 2.232993E-6
1.440300E+4 -1.868687E-1 2.441489E-6
1.480300E+4 -1.767677E-1 2.649985E-6
1.520300E+4 -1.666667E-1 2.843588E-6
1.560300E+4 -1.565656E-1 3.044638E-6
1.600300E+4 -1.464646E-1 3.275473E-6
1.640300E+4 -1.363636E-1 3.506308E-6
1.680300E+4 -1.262626E-1 3.744589E-6
1.720300E+4 -1.161616E-1 3.982871E-6
1.760300E+4 -1.060606E-1 4.236045E-6
1.800300E+4 -9.595960E-2 4.474326E-6
1.840300E+4 -8.585858E-2 4.727499E-6
1.880300E+4 -7.575757E-2 4.980673E-6
1.920300E+4 -6.565656E-2 5.233847E-6
1.960300E+4 -5.555554E-2 5.501914E-6
2.000300E+4 -4.545453E-2 5.755087E-6
2.040300E+4 -3.535352E-2 6.000815E-6
2.080300E+4 -2.525250E-2 6.239096E-6
2.120300E+4 -1.515149E-2 6.477378E-6
2.160300E+4 -5.050506E-3 6.700766E-6
2.200300E+4 5.050506E-3 6.924155E-6
2.240300E+4 1.515155E-2 7.140097E-6
2.280300E+4 2.525256E-2 7.341147E-6
2.320300E+4 3.535357E-2 7.534751E-6
2.360300E+4 4.545453E-2 7.720908E-6
2.400300E+4 5.555554E-2 7.899619E-6
2.440300E+4 6.565656E-2 8.078330E-6
2.480300E+4 7.575757E-2 8.249594E-6
2.520300E+4 8.585858E-2 8.413414E-6
2.560300E+4 9.595960E-2 8.577231E-6
2.600300E+4 1.060606E-1 8.741050E-6
2.640300E+4 1.161616E-1 8.912314E-6
2.680300E+4 1.262626E-1 9.076133E-6
2.720300E+4 1.363636E-1 9.239950E-6
2.760300E+4 1.464647E-1 9.403770E-6
2.800300E+4 1.565657E-1 9.560142E-6
2.840300E+4 1.666667E-1 9.709067E-6
2.880300E+4 1.767677E-1 9.843100E-6
2.920300E+4 1.868687E-1 9.969687E-6
2.960300E+4 1.969697E-1 1.008138E-5
3.000300E+4 2.070707E-1 1.017818E-5
3.040300E+4 2.171718E-1 1.024520E-5
3.080300E+4 2.272728E-1 1.029732E-5
3.120300E+4 2.373738E-1 1.032711E-5
3.160300E+4 2.474748E-1 1.031222E-5
3.200300E+4 2.575758E-1 1.027498E-5
3.240300E+4 2.676768E-1 1.020052E-5
3.280300E+4 2.777778E-1 1.010372E-5
3.320300E+4 2.878788E-1 9.984579E-6
3.360300E+4 2.979798E-1 9.843100E-6
3.400300E+4 3.080808E-1 9.679282E-6
3.440300E+4 3.181818E-1 9.515464E-6
3.480300E+4 3.282828E-1 9.336753E-6
3.520300E+4 3.383839E-1 9.143149E-6
3.560300E+4 3.484849E-1 8.956992E-6
3.600300E+4 3.585859E-1 8.770835E-6
3.640300E+4 3.686869E-1 8.599571E-6
3.680300E+4 3.787879E-1 8.428306E-6
3.720300E+4 3.888889E-1 8.264487E-6
3.760300E+4 3.989899E-1 8.115561E-6
3.800300E+4 4.090909E-1 7.974082E-6
3.840300E+4 4.191920E-1 7.840049E-6
3.880300E+4 4.292930E-1 7.720908E-6
3.920300E+4 4.393940E-1 7.616659E-6
3.960300E+4 4.494950E-1 7.534751E-6
4.000300E+4 4.595960E-1 7.452842E-6
4.040300E+4 4.696970E-1 7.393271E-6
4.080300E+4 4.797980E-1 7.341147E-6
4.120300E+4 4.898990E-1 7.303915E-6
4.160300E+4 5.000000E-1 7.274130E-6
4.200300E+4 5.000000E-1 6.790122E-6
4.240300E+4 4.898990E-1 5.941245E-6
4.280300E+4 4.797980E-1 5.241293E-6
4.320300E+4 4.696970E-1 4.653037E-6
4.360300E+4 4.595959E-1 4.139243E-6
4.400300E+4 4.494949E-1 3.685019E-6
4.440300E+4 4.393939E-1 3.268027E-6
4.480300E+4 4.292929E-1 2.903159E-6
4.520300E+4 4.191919E-1 2.597861E-6
4.560300E+4 4.090909E-1 2.292563E-6
4.600300E+4 3.989899E-1 1.994712E-6
4.640300E+4 3.888889E-1 1.734091E-6
4.680300E+4 3.787879E-1 1.480918E-6
4.720300E+4 3.686869E-1 1.242636E-6
4.760300E+4 3.585859E-1 1.026694E-6
4.810300E+4 3.484849E-1 9.619712E-7
4.850300E+4 3.383839E-1 6.656088E-7
4.890300E+4 3.282828E-1 4.623251E-7
4.930300E+4 3.181818E-1 2.731894E-7
5.000400E+4 3.080808E-1 3.863730E-7
5.070500E+4 2.979798E-1 3.215903E-7
5.120500E+4 2.878788E-1 1.151554E-7
5.190600E+4 2.777778E-1 3.145907E-8
5.240500E+4 2.676768E-1 -2.108194E-7
5.280500E+4 2.575758E-1 -5.235635E-7
5.320500E+4 2.474747E-1 -7.573770E-7
5.360500E+4 2.373737E-1 -9.777871E-7
5.400500E+4 2.272727E-1 -1.196708E-6
5.440500E+4 2.171717E-1 -1.406693E-6
5.490500E+4 2.070707E-1 -1.475259E-6
5.530500E+4 1.969697E-1 -1.750772E-6
5.570500E+4 1.868687E-1 -1.981607E-6
5.610500E+4 1.767677E-1 -2.219888E-6
5.650500E+4 1.666667E-1 -2.450723E-6
5.690500E+4 1.565656E-1 -2.689004E-6
5.730500E+4 1.464646E-1 -2.927285E-6
5.770500E+4 1.363636E-1 -3.173013E-6
5.810500E+4 1.262626E-1 -3.418741E-6
5.850500E+4 1.161616E-1 -3.671914E-6
5.890500E+4 1.060606E-1 -3.925089E-6
5.930500E+4 9.595960E-2 -4.170816E-6
5.970500E+4 8.585858E-2 -4.431436E-6
6.010500E+4 7.575757E-2 -4.677163E-6
6.050500E+4 6.565656E-2 -4.922891E-6
6.090500E+4 5.555554E-2 -5.153726E-6
6.130500E+4 4.545453E-2 -5.384561E-6
6.170500E+4 3.535352E-2 -5.622842E-6
6.210500E+4 2.525250E-2 -5.868570E-6
6.250500E+4 1.515149E-2 -6.099405E-6
6.290500E+4 5.050506E-3 -6.315347E-6
6.330500E+4 -5.050506E-3 -6.531289E-6
6.370500E+4 -1.515155E-2 -6.732339E-6
6.410500E+4 -2.525256E-2 -6.933389E-6
6.450500E+4 -3.535357E-2 -7.119546E-6
6.490500E+4 -4.545453E-2 -7.305703E-6
6.530500E+4 -5.555554E-2 -7.491860E-6
6.570500E+4 -6.565656E-2 -7.670571E-6
6.610500E+4 -7.575757E-2 -7.849282E-6
6.650500E+4 -8.585858E-2 -8.027992E-6
6.690500E+4 -9.595960E-2 -8.206704E-6
6.730500E+4 -1.060606E-1 -8.392861E-6
6.770500E+4 -1.161616E-1 -8.579018E-6
6.810500E+4 -1.262626E-1 -8.757729E-6
6.850500E+4 -1.363636E-1 -8.928994E-6
6.890500E+4 -1.464647E-1 -9.100258E-6
6.930500E+4 -1.565657E-1 -9.286416E-6
6.970500E+4 -1.666667E-1 -9.442788E-6
7.010500E+4 -1.767677E-1 -9.621499E-6
7.050500E+4 -1.868687E-1 -9.762978E-6
7.090500E+4 -1.969697E-1 -9.904458E-6
7.130500E+4 -2.070707E-1 -1.002360E-5
7.170500E+4 -2.171718E-1 -1.012785E-5
7.210500E+4 -2.272728E-1 -1.021720E-5
7.250500E+4 -2.373738E-1 -1.028422E-5
7.290500E+4 -2.474748E-1 -1.032145E-5
7.330500E+4 -2.575758E-1 -1.033634E-5
7.370500E+4 -2.676768E-1 -1.032145E-5
7.410500E+4 -2.777778E-1 -1.029166E-5
7.450500E+4 -2.878788E-1 -1.022465E-5
7.490500E+4 -2.979798E-1 -1.012785E-5
7.530500E+4 -3.080808E-1 -1.001615E-5
7.570500E+4 -3.181818E-1 -9.882118E-6
7.610500E+4 -3.282828E-1 -9.740639E-6
7.650500E+4 -3.383839E-1 -9.561929E-6
7.690500E+4 -3.484849E-1 -9.375772E-6
7.730500E+4 -3.585859E-1 -9.182168E-6
7.770500E+4 -3.686869E-1 -8.996010E-6
7.810500E+4 -3.787879E-1 -8.794961E-6
7.850500E+4 -3.888889E-1 -8.586465E-6
7.890500E+4 -3.989899E-1 -8.377969E-6
7.930500E+4 -4.090909E-1 -8.176919E-6
7.970500E+4 -4.191920E-1 -7.968422E-6
8.010500E+4 -4.292930E-1 -7.774819E-6
8.050500E+4 -4.393940E-1 -7.588662E-6
8.090500E+4 -4.494950E-1 -7.417398E-6
8.130500E+4 -4.595960E-1 -7.253579E-6
8.170500E+4 -4.696970E-1 -7.112100E-6
8.210500E+4 -4.797980E-1 -6.985513E-6
8.250500E+4 -4.898990E-1 -6.881265E-6
8.290500E+4 -5.000000E-1 -6.791910E-6
