9.020000E+2 -5.000000E-1 -2.934732E-5
1.302000E+3 -4.898990E-1 -2.763467E-5
1.702000E+3 -4.797980E-1 -2.569864E-5
2.102000E+3 -4.696970E-1 -2.376260E-5
2.502000E+3 -4.595959E-1 -2.190103E-5
2.902000E+3 -4.494949E-1 -2.003946E-5
3.302000E+3 -4.393939E-1 -1.832681E-5
3.702000E+3 -4.292929E-1 -1.676309E-5
4.102000E+3 -4.191919E-1 -1.519937E-5
4.502000E+3 -4.090909E-1 -1.378457E-5
4.902000E+3 -3.989899E-1 -1.244424E-5
5.302000E+3 -3.888889E-1 -1.117837E-5
5.702000E+3 -3.787879E-1 -9.986966E-6
6.102000E+3 -3.686869E-1 -8.944486E-6
6.602000E+3 -3.585859E-1 -7.797158E-6
7.002000E+3 -3.484849E-1 -7.045083E-6
7.402000E+3 -3.383839E-1 -6.255777E-6
7.802000E+3 -3.282828E-1 -5.526040E-6
8.202000E+3 -3.181818E-1 -4.907999E-6
8.602000E+3 -3.080808E-1 -4.304849E-6
9.002000E+3 -2.979798E-1 -3.761270E-6
9.402000E+3 -2.878788E-1 -3.254922E-6
9.802000E+3 -2.777778E-1 -2.778360E-6
1.020200E+4 -2.676768E-1 -2.331582E-6
1.060200E+4 -2.575758E-1 -1.907144E-6
1.100200E+4 -2.474747E-1 -1.512490E-6
1.140200E+4 -2.373737E-1 -1.140176E-6
1.190200E+4 -2.272727E-1 -8.549233E-7
1.230200E+4 -2.171717E-1 -4.572915E-7
1.270200E+4 -2.070707E-1 -1.140176E-7
1.310200E+4 -1.969697E-1 2.180869E-7
1.350200E+4 -1.868687E-1 5.412558E-7
1.390200E+4 -1.767677E-1 8.562339E-7
1.430200E+4 -1.666667E-1 1.166744E-6
1.480200E+4 -1.565656E-1 1.391562E-6
1.520200E+4 -1.464646E-1 1.748984E-6
1.560200E+4 -1.363636E-1 2.046835E-6
1.600200E+4 -1.262626E-1 2.344687E-6
1.640200E+4 -1.161616E-1 2.627646E-6
1.680200E+4 -1.060606E-1 2.888266E-6
1.720200E+4 -9.595960E-2 3.171225E-6
1.760200E+4 -8.585858E-2 3.454184E-6
1.800200E+4 -7.575757E-2 3.729697E-6
1.840200E+4 -6.565656E-2 3.997763E-6
1.880200E+4 -5.555554E-2 4.265830E-6
1.920200E+4 -4.545453E-2 4.511557E-6
1.960200E+4 -3.535352E-2 4.757284E-6
2.000200E+4 -2.525250E-2 4.995566E-6
2.040200E+4 -1.515149E-2 5.241293E-6
2.080200E+4 -5.050506E-3 5.464682E-6
2.120200E+4 5.050506E-3 5.695517E-6
2.160200E+4 1.515155E-2 5.911460E-6
2.200200E+4 2.525256E-2 6.127402E-6
2.240200E+4 3.535357E-2 6.328451E-6
2.280200E+4 4.545453E-2 6.529502E-6
2.320200E+4 5.555554E-2 6.737997E-6
2.360200E+4 6.565656E-2 6.946494E-6
2.400200E+4 7.575757E-2 7.147543E-6
2.440200E+4 8.585858E-2 7.356039E-6
2.480200E+4 9.595960E-2 7.557089E-6
2.520200E+4 1.060606E-1 7.765586E-6
2.560200E+4 1.161616E-1 7.974082E-6
2.600200E+4 1.262626E-1 8.175131E-6
2.640200E+4 1.363636E-1 8.368736E-6
2.680200E+4 1.464647E-1 8.562339E-6
2.720200E+4 1.565657E-1 8.748496E-6
2.760200E+4 1.666667E-1 8.919760E-6
2.800200E+4 1.767677E-1 9.083579E-6
2.840200E+4 1.868687E-1 9.232505E-6
2.880200E+4 1.969697E-1 9.366538E-6
2.920200E+4 2.070707E-1 9.463340E-6
2.960200E+4 2.171718E-1 9.537803E-6
3.000200E+4 2.272728E-1 9.582480E-6
3.040200E+4 2.373738E-1 9.604820E-6
3.080200E+4 2.474748E-1 9.582480E-6
3.120200E+4 2.575758E-1 9.530357E-6
3.160200E+4 2.676768E-1 9.441001E-6
3.200200E+4 2.777778E-1 9.344199E-6
3.240200E+4 2.878788E-1 9.187827E-6
3.280200E+4 2.979798E-1 9.038901E-6
3.320200E+4 3.080808E-1 8.875083E-6
3.360200E+4 3.181818E-1 8.703818E-6
3.400200E+4 3.282828E-1 8.532554E-6
3.440200E+4 3.383839E-1 8.353843E-6
3.480200E+4 3.484849E-1 8.175131E-6
3.520200E+4 3.585859E-1 7.996421E-6
3.560200E+4 3.686869E-1 7.825157E-6
3.600200E+4 3.787879E-1 7.661338E-6
3.640200E+4 3.888889E-1 7.497519E-6
3.680200E+4 3.989899E-1 7.348593E-6
3.720200E+4 4.090909E-1 7.214560E-6
3.760200E+4 4.191920E-1 7.095419E-6
3.800200E+4 4.292930E-1 6.983725E-6
3.840200E+4 4.393940E-1 6.879477E-6
3.880200E+4 4.494950E-1 6.805014E-6
3.920200E+4 4.595960E-1 6.737997E-6
3.960200E+4 4.696970E-1 6.678427E-6
4.000200E+4 4.797980E-1 6.633750E-6
4.040200E+4 4.898990E-1 6.611410E-6
4.080200E+4 5.000000E-1 6.596518E-6
4.120200E+4 5.000000E-1 6.134848E-6
4.160200E+4 4.898990E-1 5.278525E-6
4.200200E+4 4.797980E-1 4.593466E-6
4.240200E+4 4.696970E-1 4.020102E-6
4.280200E+4 4.595959E-1 3.528647E-6
4.320200E+4 4.494949E-1 3.081870E-6
4.360200E+4 4.393939E-1 2.717002E-6
4.400200E+4 4.292929E-1 2.367026E-6
4.440200E+4 4.191919E-1 2.046835E-6
4.480200E+4 4.090909E-1 1.748984E-6
4.520200E+4 3.989899E-1 1.466025E-6
4.560200E+4 3.888889E-1 1.212851E-6
4.600200E+4 3.787879E-1 9.820162E-7
4.650200E+4 3.686869E-1 9.038901E-7
4.690200E+4 3.585859E-1 6.008261E-7
4.730200E+4 3.484849E-1 3.982871E-7
4.770200E+4 3.383839E-1 2.165976E-7
4.840300E+4 3.282828E-1 3.394614E-7
4.910400E+4 3.181818E-1 2.873374E-7
4.960400E+4 3.080808E-1 9.505039E-8
5.010400E+4 2.979798E-1 -8.646634E-8
5.050400E+4 2.878788E-1 -3.865518E-7
5.090400E+4 2.777778E-1 -5.898355E-7
5.130400E+4 2.676768E-1 -7.856729E-7
5.170400E+4 2.575758E-1 -9.703408E-7
5.210400E+4 2.474747E-1 -1.150541E-6
5.250400E+4 2.373737E-1 -1.329997E-6
5.300400E+4 2.272727E-1 -1.363565E-6
5.340400E+4 2.171717E-1 -1.616739E-6
5.380400E+4 2.070707E-1 -1.817788E-6
5.420400E+4 1.969697E-1 -2.018838E-6
5.460400E+4 1.868687E-1 -2.242227E-6
5.500400E+4 1.767677E-1 -2.443277E-6
5.540400E+4 1.666667E-1 -2.659219E-6
5.580400E+4 1.565656E-1 -2.882608E-6
5.620400E+4 1.464646E-1 -3.113443E-6
5.660400E+4 1.363636E-1 -3.344278E-6
5.700400E+4 1.262626E-1 -3.590005E-6
5.740400E+4 1.161616E-1 -3.828286E-6
5.780400E+4 1.060606E-1 -4.081460E-6
5.820400E+4 9.595960E-2 -4.319741E-6
5.860400E+4 8.585858E-2 -4.572915E-6
5.900400E+4 7.575757E-2 -4.818643E-6
5.940400E+4 6.565656E-2 -5.056924E-6
5.980400E+4 5.555554E-2 -5.272866E-6
6.020400E+4 4.545453E-2 -5.518594E-6
6.060400E+4 3.535352E-2 -5.756875E-6
6.100400E+4 2.525250E-2 -6.002603E-6
6.140400E+4 1.515149E-2 -6.233437E-6
6.180400E+4 5.050506E-3 -6.456826E-6
6.220400E+4 -5.050506E-3 -6.665323E-6
6.260400E+4 -1.515155E-2 -6.866372E-6
6.300400E+4 -2.525256E-2 -7.067422E-6
6.340400E+4 -3.535357E-2 -7.261026E-6
6.380400E+4 -4.545453E-2 -7.447183E-6
6.420400E+4 -5.555554E-2 -7.633340E-6
6.460400E+4 -6.565656E-2 -7.812050E-6
6.500400E+4 -7.575757E-2 -7.990761E-6
6.540400E+4 -8.585858E-2 -8.169472E-6
6.580400E+4 -9.595960E-2 -8.355630E-6
6.620400E+4 -1.060606E-1 -8.526895E-6
6.660400E+4 -1.161616E-1 -8.720498E-6
6.700400E+4 -1.262626E-1 -8.899209E-6
6.740400E+4 -1.363636E-1 -9.077919E-6
6.780400E+4 -1.464647E-1 -9.256631E-6
6.820400E+4 -1.565657E-1 -9.442788E-6
6.860400E+4 -1.666667E-1 -9.628945E-6
6.900400E+4 -1.767677E-1 -9.792763E-6
6.940400E+4 -1.868687E-1 -9.941689E-6
6.980400E+4 -1.969697E-1 -1.009806E-5
7.020400E+4 -2.070707E-1 -1.023209E-5
7.060400E+4 -2.171718E-1 -1.034379E-5
7.100400E+4 -2.272728E-1 -1.044059E-5
7.140400E+4 -2.373738E-1 -1.052250E-5
7.180400E+4 -2.474748E-1 -1.058207E-5
7.220400E+4 -2.575758E-1 -1.061186E-5
7.260400E+4 -2.676768E-1 -1.061930E-5
7.300400E+4 -2.777778E-1 -1.059696E-5
7.340400E+4 -2.878788E-1 -1.054484E-5
7.380400E+4 -2.979798E-1 -1.047038E-5
7.420400E+4 -3.080808E-1 -1.037357E-5
7.460400E+4 -3.181818E-1 -1.024699E-5
7.500400E+4 -3.282828E-1 -1.010551E-5
7.540400E+4 -3.383839E-1 -9.941689E-6
7.580400E+4 -3.484849E-1 -9.762978E-6
7.620400E+4 -3.585859E-1 -9.569375E-6
7.660400E+4 -3.686869E-1 -9.360879E-6
7.700400E+4 -3.787879E-1 -9.159829E-6
7.740400E+4 -3.888889E-1 -8.943886E-6
7.780400E+4 -3.989899E-1 -8.727944E-6
7.820400E+4 -4.090909E-1 -8.519448E-6
7.860400E+4 -4.191920E-1 -8.310953E-6
7.900400E+4 -4.292930E-1 -8.102455E-6
7.940400E+4 -4.393940E-1 -7.901406E-6
7.980400E+4 -4.494950E-1 -7.722695E-6
8.020400E+4 -4.595960E-1 -7.551431E-6
8.060400E+4 -4.696970E-1 -7.387613E-6
8.100400E+4 -4.797980E-1 -7.246133E-6
8.140400E+4 -4.898990E-1 -7.134439E-6
8.180400E+4 -5.000000E-1 -7.037637E-6
