1.103000E+3 -5.000000E-1 -6.724893E-6
1.503000E+3 -4.898990E-1 -5.883463E-6
1.903000E+3 -4.797980E-1 -5.079263E-6
2.303000E+3 -4.696970E-1 -4.431436E-6
2.703000E+3 -4.595959E-1 -3.880411E-6
3.103000E+3 -4.494949E-1 -3.418741E-6
3.503000E+3 -4.393939E-1 -3.016641E-6
3.903000E+3 -4.292929E-1 -2.674112E-6
4.303000E+3 -4.191919E-1 -2.361368E-6
4.703000E+3 -4.090909E-1 -2.078409E-6
5.103000E+3 -3.989899E-1 -1.810342E-6
5.503000E+3 -3.888889E-1 -1.586953E-6
5.903000E+3 -3.787879E-1 -1.371011E-6
6.303000E+3 -3.686869E-1 -1.177408E-6
6.703000E+3 -3.585859E-1 -9.912503E-7
7.203000E+3 -3.484849E-1 -9.025795E-7
7.603000E+3 -3.383839E-1 -6.844033E-7
8.003000E+3 -3.282828E-1 -5.190957E-7
8.403000E+3 -3.181818E-1 -3.627237E-7
8.803000E+3 -3.080808E-1 -2.145425E-7
9.503000E+3 -2.979798E-1 -2.376260E-7
1.000300E+4 -2.878788E-1 -8.931972E-8
1.040300E+4 -2.777778E-1 1.331754E-7
1.090300E+4 -2.676768E-1 2.262778E-7
1.130300E+4 -2.575758E-1 4.288169E-7
1.170300E+4 -2.474747E-1 5.874228E-7
1.210300E+4 -2.373737E-1 7.408163E-7
1.250300E+4 -2.272727E-1 8.956992E-7
1.290300E+4 -2.171717E-1 1.048348E-6
1.330300E+4 -2.070707E-1 1.200252E-6
1.370300E+4 -1.969697E-1 1.355880E-6
1.420300E+4 -1.868687E-1 1.458579E-6
1.460300E+4 -1.767677E-1 1.637290E-6
1.500300E+4 -1.666667E-1 1.823447E-6
1.540300E+4 -1.565656E-1 1.987265E-6
1.580300E+4 -1.464646E-1 2.158530E-6
1.620300E+4 -1.363636E-1 2.329794E-6
1.660300E+4 -1.262626E-1 2.501059E-6
1.700300E+4 -1.161616E-1 2.679770E-6
1.740300E+4 -1.060606E-1 2.843588E-6
1.780300E+4 -9.595960E-2 2.992514E-6
1.820300E+4 -8.585858E-2 3.171225E-6
1.860300E+4 -7.575757E-2 3.342490E-6
1.900300E+4 -6.565656E-2 3.513754E-6
1.940300E+4 -5.555554E-2 3.685019E-6
1.980300E+4 -4.545453E-2 3.848837E-6
2.020300E+4 -3.535352E-2 4.012656E-6
2.060300E+4 -2.525250E-2 4.161582E-6
2.100300E+4 -1.515149E-2 4.317953E-6
2.140300E+4 -5.050506E-3 4.466880E-6
2.180300E+4 5.050506E-3 4.600913E-6
2.220300E+4 1.515155E-2 4.742392E-6
2.260300E+4 2.525256E-2 4.876425E-6
2.300300E+4 3.535357E-2 5.003013E-6
2.340300E+4 4.545453E-2 5.137045E-6
2.380300E+4 5.555554E-2 5.263632E-6
2.420300E+4 6.565656E-2 5.397666E-6
2.460300E+4 7.575757E-2 5.546591E-6
2.500300E+4 8.585858E-2 5.680624E-6
2.540300E+4 9.595960E-2 5.814658E-6
2.580300E+4 1.060606E-1 5.948691E-6
2.620300E+4 1.161616E-1 6.097617E-6
2.660300E+4 1.262626E-1 6.239096E-6
2.700300E+4 1.363636E-1 6.373130E-6
2.740300E+4 1.464647E-1 6.514609E-6
2.780300E+4 1.565657E-1 6.656088E-6
2.820300E+4 1.666667E-1 6.797567E-6
2.860300E+4 1.767677E-1 6.931601E-6
2.900300E+4 1.868687E-1 7.065634E-6
2.940300E+4 1.969697E-1 7.199668E-6
2.980300E+4 2.070707E-1 7.311362E-6
3.020300E+4 2.171718E-1 7.423057E-6
3.060300E+4 2.272728E-1 7.527304E-6
3.100300E+4 2.373738E-1 7.624106E-6
3.140300E+4 2.474748E-1 7.706016E-6
3.180300E+4 2.575758E-1 7.765586E-6
3.220300E+4 2.676768E-1 7.825157E-6
3.260300E+4 2.777778E-1 7.862388E-6
3.300300E+4 2.878788E-1 7.877280E-6
3.340300E+4 2.979798E-1 7.884726E-6
3.380300E+4 3.080808E-1 7.869834E-6
3.420300E+4 3.181818E-1 7.832602E-6
3.460300E+4 3.282828E-1 7.795371E-6
3.500300E+4 3.383839E-1 7.735801E-6
3.540300E+4 3.484849E-1 7.661338E-6
3.580300E+4 3.585859E-1 7.579428E-6
3.620300E+4 3.686869E-1 7.497519E-6
3.660300E+4 3.787879E-1 7.400717E-6
3.700300E+4 3.888889E-1 7.303915E-6
3.740300E+4 3.989899E-1 7.199668E-6
3.780300E+4 4.090909E-1 7.102866E-6
3.820300E+4 4.191920E-1 6.983725E-6
3.860300E+4 4.292930E-1 6.872031E-6
3.900300E+4 4.393940E-1 6.760336E-6
3.940300E+4 4.494950E-1 6.648642E-6
3.980300E+4 4.595960E-1 6.536948E-6
4.020300E+4 4.696970E-1 6.425253E-6
4.060300E+4 4.797980E-1 6.321005E-6
4.100300E+4 4.898990E-1 6.224204E-6
4.140300E+4 5.000000E-1 6.127402E-6
4.180300E+4 5.000000E-1 5.725302E-6
4.220300E+4 4.898990E-1 5.077475E-6
4.260300E+4 4.797980E-1 4.541342E-6
4.300300E+4 4.696970E-1 4.072226E-6
4.340300E+4 4.595959E-1 3.670126E-6
4.380300E+4 4.494949E-1 3.297812E-6
4.420300E+4 4.393939E-1 2.955283E-6
4.460300E+4 4.292929E-1 2.694662E-6
4.500300E+4 4.191919E-1 2.411704E-6
4.540300E+4 4.090909E-1 2.151083E-6
4.580300E+4 3.989899E-1 1.912802E-6
4.620300E+4 3.888889E-1 1.681967E-6
4.660300E+4 3.787879E-1 1.473471E-6
4.700300E+4 3.686869E-1 1.272422E-6
4.740300E+4 3.585859E-1 1.086264E-6
4.790300E+4 3.484849E-1 9.805868E-7
4.830300E+4 3.383839E-1 7.579428E-7
4.870300E+4 3.282828E-1 5.859335E-7
4.910300E+4 3.181818E-1 4.198813E-7
4.950300E+4 3.080808E-1 2.657431E-7
4.990300E+4 2.979798E-1 1.108603E-7
5.040300E+4 2.878788E-1 4.910678E-8
5.150600E+4 2.777778E-1 1.036136E-7
5.200600E+4 2.676768E-1 -8.646634E-8
5.240600E+4 2.575758E-1 -3.217691E-7
5.280600E+4 2.474747E-1 -5.086710E-7
5.320600E+4 2.373737E-1 -6.851480E-7
5.360600E+4 2.272727E-1 -8.608804E-7
5.400600E+4 2.171717E-1 -1.032890E-6
5.440600E+4 2.070707E-1 -1.201176E-6
5.480600E+4 1.969697E-1 -1.368717E-6
5.530600E+4 1.868687E-1 -1.467813E-6
5.570600E+4 1.767677E-1 -1.668863E-6
5.610600E+4 1.666667E-1 -1.832681E-6
5.650600E+4 1.565656E-1 -2.003946E-6
5.690600E+4 1.464646E-1 -2.197549E-6
5.730600E+4 1.363636E-1 -2.376260E-6
5.770600E+4 1.262626E-1 -2.547525E-6
5.810600E+4 1.161616E-1 -2.718790E-6
5.850600E+4 1.060606E-1 -2.890054E-6
5.890600E+4 9.595960E-2 -3.053873E-6
5.930600E+4 8.585858E-2 -3.217691E-6
5.970600E+4 7.575757E-2 -3.374063E-6
6.010600E+4 6.565656E-2 -3.530435E-6
6.050600E+4 5.555554E-2 -3.686807E-6
6.090600E+4 4.545453E-2 -3.835733E-6
6.130600E+4 3.535352E-2 -3.977212E-6
6.170600E+4 2.525250E-2 -4.111246E-6
6.210600E+4 1.515149E-2 -4.245278E-6
6.250600E+4 5.050506E-3 -4.379312E-6
6.290600E+4 -5.050506E-3 -4.505899E-6
6.330600E+4 -1.515155E-2 -4.625039E-6
6.370600E+4 -2.525256E-2 -4.744180E-6
6.410600E+4 -3.535357E-2 -4.863321E-6
6.450600E+4 -4.545453E-2 -4.982461E-6
6.490600E+4 -5.555554E-2 -5.094156E-6
6.530600E+4 -6.565656E-2 -5.198403E-6
6.570600E+4 -7.575757E-2 -5.310098E-6
6.610600E+4 -8.585858E-2 -5.444131E-6
6.650600E+4 -9.595960E-2 -5.570718E-6
6.690600E+4 -1.060606E-1 -5.704751E-6
6.730600E+4 -1.161616E-1 -5.853677E-6
6.770600E+4 -1.262626E-1 -5.987710E-6
6.810600E+4 -1.363636E-1 -6.121743E-6
6.850600E+4 -1.464647E-1 -6.263223E-6
6.890600E+4 -1.565657E-1 -6.404703E-6
6.930600E+4 -1.666667E-1 -6.531289E-6
6.970600E+4 -1.767677E-1 -6.657876E-6
7.010600E+4 -1.868687E-1 -6.777017E-6
7.050600E+4 -1.969697E-1 -6.888712E-6
7.090600E+4 -2.070707E-1 -6.992959E-6
7.130600E+4 -2.171718E-1 -7.082314E-6
7.170600E+4 -2.272728E-1 -7.149331E-6
7.210600E+4 -2.373738E-1 -7.208901E-6
7.250600E+4 -2.474748E-1 -7.246133E-6
7.290600E+4 -2.575758E-1 -7.261026E-6
7.330600E+4 -2.676768E-1 -7.253579E-6
7.370600E+4 -2.777778E-1 -7.231240E-6
7.410600E+4 -2.878788E-1 -7.179116E-6
7.450600E+4 -2.979798E-1 -7.112100E-6
7.490600E+4 -3.080808E-1 -7.045083E-6
7.530600E+4 -3.181818E-1 -6.963174E-6
7.570600E+4 -3.282828E-1 -6.881265E-6
7.610600E+4 -3.383839E-1 -6.799356E-6
7.650600E+4 -3.484849E-1 -6.710000E-6
7.690600E+4 -3.585859E-1 -6.628091E-6
7.730600E+4 -3.686869E-1 -6.553628E-6
7.770600E+4 -3.787879E-1 -6.479166E-6
7.810600E+4 -3.888889E-1 -6.397256E-6
7.850600E+4 -3.989899E-1 -6.322794E-6
7.890600E+4 -4.090909E-1 -6.240884E-6
7.930600E+4 -4.191920E-1 -6.173867E-6
7.970600E+4 -4.292930E-1 -6.099405E-6
8.010600E+4 -4.393940E-1 -6.032388E-6
8.050600E+4 -4.494950E-1 -5.965371E-6
8.090600E+4 -4.595960E-1 -5.905801E-6
8.130600E+4 -4.696970E-1 -5.838785E-6
8.170600E+4 -4.797980E-1 -5.771768E-6
8.210600E+4 -4.898990E-1 -5.719644E-6
8.250600E+4 -5.000000E-1 -5.674966E-6
