9.020000E+2 -5.000000E-1 -2.614541E-5
1.302000E+3 -4.898990E-1 -2.242227E-5
1.702000E+3 -4.797980E-1 -1.840127E-5
2.102000E+3 -4.696970E-1 -1.549722E-5
2.502000E+3 -4.595959E-1 -1.318887E-5
2.902000E+3 -4.494949E-1 -1.140176E-5
3.302000E+3 -4.393939E-1 -9.912503E-6
3.702000E+3 -4.292929E-1 -8.721096E-6
4.202000E+3 -4.191919E-1 -7.484415E-6
4.602000E+3 -4.090909E-1 -6.628091E-6
5.002000E+3 -3.989899E-1 -5.816446E-6
5.402000E+3 -3.888889E-1 -5.138833E-6
5.802000E+3 -3.787879E-1 -4.535684E-6
6.202000E+3 -3.686869E-1 -3.977212E-6
6.602000E+3 -3.585859E-1 -3.463418E-6
7.002000E+3 -3.484849E-1 -3.009195E-6
7.402000E+3 -3.383839E-1 -2.584756E-6
7.802000E+3 -3.282828E-1 -2.190103E-6
8.202000E+3 -3.181818E-1 -1.802896E-6
8.602000E+3 -3.080808E-1 -1.445474E-6
9.002000E+3 -2.979798E-1 -1.125283E-6
9.502000E+3 -2.878788E-1 -9.904458E-7
9.902000E+3 -2.777778E-1 -5.392007E-7
1.030200E+4 -2.676768E-1 -2.123086E-7
1.070200E+4 -2.575758E-1 9.894626E-8
1.110200E+4 -2.474747E-1 4.012656E-7
1.150200E+4 -2.373737E-1 7.020956E-7
1.190200E+4 -2.272727E-1 1.007394E-6
1.230200E+4 -2.171717E-1 1.305245E-6
1.280200E+4 -2.070707E-1 1.406455E-6
1.320200E+4 -1.969697E-1 1.830893E-6
1.360200E+4 -1.868687E-1 2.158530E-6
1.400200E+4 -1.767677E-1 2.478720E-6
1.440200E+4 -1.666667E-1 2.784018E-6
1.480200E+4 -1.565656E-1 3.089316E-6
1.520200E+4 -1.464646E-1 3.424399E-6
1.560200E+4 -1.363636E-1 3.744589E-6
1.600200E+4 -1.262626E-1 4.079672E-6
1.640200E+4 -1.161616E-1 4.399863E-6
1.680200E+4 -1.060606E-1 4.734946E-6
1.720200E+4 -9.595960E-2 5.055136E-6
1.760200E+4 -8.585858E-2 5.367880E-6
1.800200E+4 -7.575757E-2 5.695517E-6
1.840200E+4 -6.565656E-2 5.985922E-6
1.880200E+4 -5.555554E-2 6.268881E-6
1.920200E+4 -4.545453E-2 6.536948E-6
1.960200E+4 -3.535352E-2 6.790122E-6
2.000200E+4 -2.525250E-2 7.035849E-6
2.040200E+4 -1.515149E-2 7.274130E-6
2.080200E+4 -5.050506E-3 7.482627E-6
2.120200E+4 5.050506E-3 7.683677E-6
2.160200E+4 1.515155E-2 7.869834E-6
2.200200E+4 2.525256E-2 8.063437E-6
2.240200E+4 3.535357E-2 8.234702E-6
2.280200E+4 4.545453E-2 8.405967E-6
2.320200E+4 5.555554E-2 8.569786E-6
2.360200E+4 6.565656E-2 8.741050E-6
2.400200E+4 7.575757E-2 8.904868E-6
2.440200E+4 8.585858E-2 9.061240E-6
2.480200E+4 9.595960E-2 9.217612E-6
2.520200E+4 1.060606E-1 9.373985E-6
2.560200E+4 1.161616E-1 9.515464E-6
2.600200E+4 1.262626E-1 9.634605E-6
2.640200E+4 1.363636E-1 9.738852E-6
2.680200E+4 1.464647E-1 9.820762E-6
2.720200E+4 1.565657E-1 9.895224E-6
2.760200E+4 1.666667E-1 9.932456E-6
2.800200E+4 1.767677E-1 9.932456E-6
2.840200E+4 1.868687E-1 9.917563E-6
2.880200E+4 1.969697E-1 9.887778E-6
2.920200E+4 2.070707E-1 9.820762E-6
2.960200E+4 2.171718E-1 9.746299E-6
3.000200E+4 2.272728E-1 9.857993E-6
3.040200E+4 2.373738E-1 9.738852E-6
3.080200E+4 2.474748E-1 9.627158E-6
3.120200E+4 2.575758E-1 9.522910E-6
3.160200E+4 2.676768E-1 9.403770E-6
3.200200E+4 2.777778E-1 9.277182E-6
3.240200E+4 2.878788E-1 9.143149E-6
3.280200E+4 2.979798E-1 9.024008E-6
3.320200E+4 3.080808E-1 8.919760E-6
3.360200E+4 3.181818E-1 8.785728E-6
3.400200E+4 3.282828E-1 8.674033E-6
3.440200E+4 3.383839E-1 8.554893E-6
3.480200E+4 3.484849E-1 8.480430E-6
3.520200E+4 3.585859E-1 8.405967E-6
3.560200E+4 3.686869E-1 8.271933E-6
3.600200E+4 3.787879E-1 8.160239E-6
3.640200E+4 3.888889E-1 8.070884E-6
3.680200E+4 3.989899E-1 8.212363E-6
3.720200E+4 4.090909E-1 7.981528E-6
3.760200E+4 4.191920E-1 7.847495E-6
3.800200E+4 4.292930E-1 7.765586E-6
3.840200E+4 4.393940E-1 7.720908E-6
3.880200E+4 4.494950E-1 7.683677E-6
3.920200E+4 4.595960E-1 7.661338E-6
3.960200E+4 4.696970E-1 7.661338E-6
4.000200E+4 4.797980E-1 7.661338E-6
4.040200E+4 4.898990E-1 7.691123E-6
4.080200E+4 5.000000E-1 7.735801E-6
4.120200E+4 5.000000E-1 7.199668E-6
4.160200E+4 4.898990E-1 6.186972E-6
4.200200E+4 4.797980E-1 5.367880E-6
4.240200E+4 4.696970E-1 4.690268E-6
4.280200E+4 4.595959E-1 4.116904E-6
4.320200E+4 4.494949E-1 3.603110E-6
4.360200E+4 4.393939E-1 3.126547E-6
4.400200E+4 4.292929E-1 2.739340E-6
4.440200E+4 4.191919E-1 2.374472E-6
4.480200E+4 4.090909E-1 2.024497E-6
4.520200E+4 3.989899E-1 1.696860E-6
4.560200E+4 3.888889E-1 1.399009E-6
4.600200E+4 3.787879E-1 1.123496E-6
4.650200E+4 3.686869E-1 1.063241E-6
4.690200E+4 3.585859E-1 6.663535E-7
4.730200E+4 3.484849E-1 4.161582E-7
4.770200E+4 3.383839E-1 1.875571E-7
4.840300E+4 3.282828E-1 3.513754E-7
4.890300E+4 3.181818E-1 1.147086E-7
4.940300E+4 3.080808E-1 -1.259317E-7
4.980300E+4 2.979798E-1 -5.153726E-7
5.020300E+4 2.878788E-1 -7.782265E-7
5.060300E+4 2.777778E-1 -1.033634E-6
5.100300E+4 2.676768E-1 -1.287553E-6
5.150300E+4 2.575758E-1 -1.326333E-6
5.190300E+4 2.474747E-1 -1.691202E-6
5.230300E+4 2.373737E-1 -1.959268E-6
5.270300E+4 2.272727E-1 -2.242227E-6
5.310300E+4 2.171717E-1 -2.517740E-6
5.350300E+4 2.070707E-1 -2.785806E-6
5.390300E+4 1.969697E-1 -3.053873E-6
5.430300E+4 1.868687E-1 -3.321939E-6
5.470300E+4 1.767677E-1 -3.604898E-6
5.510300E+4 1.666667E-1 -3.887857E-6
5.550300E+4 1.565656E-1 -4.178262E-6
5.590300E+4 1.464646E-1 -4.491006E-6
5.630300E+4 1.363636E-1 -4.796304E-6
5.670300E+4 1.262626E-1 -5.094156E-6
5.710300E+4 1.161616E-1 -5.384561E-6
5.750300E+4 1.060606E-1 -5.712197E-6
5.790300E+4 9.595960E-2 -6.039834E-6
5.830300E+4 8.585858E-2 -6.345132E-6
5.870300E+4 7.575757E-2 -6.642983E-6
5.910300E+4 6.565656E-2 -6.940835E-6
5.950300E+4 5.555554E-2 -7.223794E-6
5.990300E+4 4.545453E-2 -7.491860E-6
6.030300E+4 3.535352E-2 -7.745034E-6
6.070300E+4 2.525250E-2 -7.990761E-6
6.110300E+4 1.515149E-2 -8.214151E-6
6.150300E+4 5.050506E-3 -8.422647E-6
6.190300E+4 -5.050506E-3 -8.601357E-6
6.230300E+4 -1.515155E-2 -8.772622E-6
6.270300E+4 -2.525256E-2 -8.936440E-6
6.310300E+4 -3.535357E-2 -9.085366E-6
6.350300E+4 -4.545453E-2 -9.249185E-6
6.390300E+4 -5.555554E-2 -9.405557E-6
6.430300E+4 -6.565656E-2 -9.599160E-6
6.470300E+4 -7.575757E-2 -9.762978E-6
6.510300E+4 -8.585858E-2 -9.934243E-6
6.550300E+4 -9.595960E-2 -1.011295E-5
6.590300E+4 -1.060606E-1 -1.028422E-5
6.630300E+4 -1.161616E-1 -1.045548E-5
6.670300E+4 -1.262626E-1 -1.060441E-5
6.710300E+4 -1.363636E-1 -1.074589E-5
6.750300E+4 -1.464647E-1 -1.087248E-5
6.790300E+4 -1.565657E-1 -1.097672E-5
6.830300E+4 -1.666667E-1 -1.104374E-5
6.870300E+4 -1.767677E-1 -1.108842E-5
6.910300E+4 -1.868687E-1 -1.108842E-5
6.950300E+4 -1.969697E-1 -1.105119E-5
6.990300E+4 -2.070707E-1 -1.097672E-5
7.030300E+4 -2.171718E-1 -1.087248E-5
7.070300E+4 -2.272728E-1 -1.074589E-5
7.110300E+4 -2.373738E-1 -1.061186E-5
7.150300E+4 -2.474748E-1 -1.047038E-5
7.190300E+4 -2.575758E-1 -1.032890E-5
7.230300E+4 -2.676768E-1 -1.018742E-5
7.270300E+4 -2.777778E-1 -1.005338E-5
7.310300E+4 -2.878788E-1 -9.919350E-6
7.350300E+4 -2.979798E-1 -9.785317E-6
7.390300E+4 -3.080808E-1 -9.651284E-6
7.430300E+4 -3.181818E-1 -9.502359E-6
7.470300E+4 -3.282828E-1 -9.375772E-6
7.510300E+4 -3.383839E-1 -9.241739E-6
7.550300E+4 -3.484849E-1 -9.115151E-6
7.590300E+4 -3.585859E-1 -8.996010E-6
7.630300E+4 -3.686869E-1 -8.884316E-6
7.670300E+4 -3.787879E-1 -8.772622E-6
7.710300E+4 -3.888889E-1 -8.668374E-6
7.750300E+4 -3.989899E-1 -8.571572E-6
7.790300E+4 -4.090909E-1 -8.489663E-6
7.830300E+4 -4.191920E-1 -8.415200E-6
7.870300E+4 -4.292930E-1 -8.348184E-6
7.910300E+4 -4.393940E-1 -8.288613E-6
7.950300E+4 -4.494950E-1 -8.258828E-6
7.990300E+4 -4.595960E-1 -8.229043E-6
8.030300E+4 -4.696970E-1 -8.229043E-6
8.070300E+4 -4.797980E-1 -8.236490E-6
8.110300E+4 -4.898990E-1 -8.273721E-6
8.150300E+4 -5.000000E-1 -8.325845E-6
