9.020000E+2 -5.000000E-1 -9.167874E-6
1.402000E+3 -4.898990E-1 -7.424844E-6
1.802000E+3 -4.797980E-1 -6.427041E-6
2.202000E+3 -4.696970E-1 -5.444131E-6
2.602000E+3 -4.595959E-1 -4.677163E-6
3.002000E+3 -4.494949E-1 -4.006997E-6
3.402000E+3 -4.393939E-1 -3.426187E-6
3.802000E+3 -4.292929E-1 -2.934732E-6
4.202000E+3 -4.191919E-1 -2.502847E-6
4.602000E+3 -4.090909E-1 -2.115640E-6
5.002000E+3 -3.989899E-1 -1.758218E-6
5.402000E+3 -3.888889E-1 -1.445474E-6
5.802000E+3 -3.787879E-1 -1.177408E-6
6.202000E+3 -3.686869E-1 -9.242337E-7
6.702000E+3 -3.585859E-1 -8.072670E-7
7.102000E+3 -3.484849E-1 -5.064371E-7
7.502000E+3 -3.383839E-1 -2.904947E-7
7.902000E+3 -3.282828E-1 -9.093412E-8
8.302000E+3 -3.181818E-1 1.004355E-7
8.702000E+3 -3.080808E-1 2.798911E-7
9.102000E+3 -2.979798E-1 4.519003E-7
9.502000E+3 -2.878788E-1 6.268882E-7
9.902000E+3 -2.777778E-1 7.996421E-7
1.030200E+4 -2.676768E-1 9.790976E-7
1.070200E+4 -2.575758E-1 1.156319E-6
1.110200E+4 -2.474747E-1 1.338753E-6
1.160200E+4 -2.373737E-1 1.399009E-6
1.200200E+4 -2.272727E-1 1.659629E-6
1.240200E+4 -2.171717E-1 1.875571E-6
1.280200E+4 -2.070707E-1 2.076621E-6
1.320200E+4 -1.969697E-1 2.277671E-6
1.360200E+4 -1.868687E-1 2.493613E-6
1.400200E+4 -1.767677E-1 2.709555E-6
1.440200E+4 -1.666667E-1 2.888266E-6
1.480200E+4 -1.565656E-1 3.111655E-6
1.520200E+4 -1.464646E-1 3.349936E-6
1.560200E+4 -1.363636E-1 3.588217E-6
1.600200E+4 -1.262626E-1 3.833945E-6
1.640200E+4 -1.161616E-1 4.072226E-6
1.680200E+4 -1.060606E-1 4.332846E-6
1.720200E+4 -9.595960E-2 4.586020E-6
1.760200E+4 -8.585858E-2 4.839194E-6
1.800200E+4 -7.575757E-2 5.092368E-6
1.840200E+4 -6.565656E-2 5.352988E-6
1.880200E+4 -5.555554E-2 5.628501E-6
1.920200E+4 -4.545453E-2 5.881674E-6
1.960200E+4 -3.535352E-2 6.127402E-6
2.000200E+4 -2.525250E-2 6.365683E-6
2.040200E+4 -1.515149E-2 6.611410E-6
2.080200E+4 -5.050506E-3 6.834799E-6
2.120200E+4 5.050506E-3 7.065634E-6
2.160200E+4 1.515155E-2 7.281576E-6
2.200200E+4 2.525256E-2 7.490073E-6
2.240200E+4 3.535357E-2 7.691123E-6
2.280200E+4 4.545453E-2 7.877280E-6
2.320200E+4 5.555554E-2 8.078330E-6
2.360200E+4 6.565656E-2 8.271933E-6
2.400200E+4 7.575757E-2 8.458091E-6
2.440200E+4 8.585858E-2 8.644248E-6
2.480200E+4 9.595960E-2 8.837851E-6
2.520200E+4 1.060606E-1 9.031455E-6
2.560200E+4 1.161616E-1 9.239950E-6
2.600200E+4 1.262626E-1 9.441001E-6
2.640200E+4 1.363636E-1 9.642051E-6
2.680200E+4 1.464647E-1 9.835654E-6
2.720200E+4 1.565657E-1 1.004415E-5
2.760200E+4 1.666667E-1 1.023031E-5
2.800200E+4 1.767677E-1 1.042391E-5
2.840200E+4 1.868687E-1 1.061007E-5
2.880200E+4 1.969697E-1 1.078878E-5
2.920200E+4 2.070707E-1 1.095260E-5
2.960200E+4 2.171718E-1 1.110152E-5
3.000200E+4 2.272728E-1 1.122811E-5
3.040200E+4 2.373738E-1 1.134725E-5
3.080200E+4 2.474748E-1 1.142916E-5
3.120200E+4 2.575758E-1 1.148128E-5
3.160200E+4 2.676768E-1 1.149618E-5
3.200200E+4 2.777778E-1 1.148128E-5
3.240200E+4 2.878788E-1 1.142171E-5
3.280200E+4 2.979798E-1 1.132491E-5
3.320200E+4 3.080808E-1 1.119088E-5
3.360200E+4 3.181818E-1 1.101961E-5
3.400200E+4 3.282828E-1 1.082601E-5
3.440200E+4 3.383839E-1 1.061007E-5
3.480200E+4 3.484849E-1 1.037923E-5
3.520200E+4 3.585859E-1 1.013351E-5
3.560200E+4 3.686869E-1 9.895224E-6
3.600200E+4 3.787879E-1 9.649497E-6
3.640200E+4 3.888889E-1 9.411216E-6
3.680200E+4 3.989899E-1 9.165488E-6
3.720200E+4 4.090909E-1 8.949545E-6
3.760200E+4 4.191920E-1 8.741050E-6
3.800200E+4 4.292930E-1 8.554893E-6
3.840200E+4 4.393940E-1 8.383628E-6
3.880200E+4 4.494950E-1 8.234702E-6
3.920200E+4 4.595960E-1 8.100669E-6
3.960200E+4 4.696970E-1 7.981528E-6
4.000200E+4 4.797980E-1 7.877280E-6
4.040200E+4 4.898990E-1 7.795371E-6
4.080200E+4 5.000000E-1 7.728354E-6
4.120200E+4 5.000000E-1 7.214560E-6
4.160200E+4 4.898990E-1 6.335898E-6
4.200200E+4 4.797980E-1 5.613608E-6
4.240200E+4 4.696970E-1 4.988120E-6
4.280200E+4 4.595959E-1 4.459433E-6
4.320200E+4 4.494949E-1 3.990317E-6
4.360200E+4 4.393939E-1 3.565879E-6
4.400200E+4 4.292929E-1 3.186118E-6
4.440200E+4 4.191919E-1 2.858481E-6
4.480200E+4 4.090909E-1 2.553183E-6
4.520200E+4 3.989899E-1 2.262778E-6
4.560200E+4 3.888889E-1 1.987265E-6
4.600200E+4 3.787879E-1 1.734091E-6
4.640200E+4 3.686869E-1 1.480918E-6
4.680200E+4 3.585859E-1 1.250083E-6
4.720200E+4 3.484849E-1 1.041587E-6
4.770200E+4 3.383839E-1 9.731406E-7
4.810200E+4 3.282828E-1 6.752890E-7
4.850200E+4 3.181818E-1 4.638144E-7
4.890200E+4 3.080808E-1 2.731894E-7
4.960300E+4 2.979798E-1 3.670127E-7
5.030400E+4 2.878788E-1 2.865927E-7
5.080400E+4 2.777778E-1 6.854160E-8
5.130400E+4 2.676768E-1 -1.490152E-7
5.170400E+4 2.575758E-1 -4.669717E-7
5.210400E+4 2.474747E-1 -7.007852E-7
5.250400E+4 2.373737E-1 -9.256631E-7
5.290400E+4 2.272727E-1 -1.152030E-6
5.330400E+4 2.171717E-1 -1.370207E-6
5.380400E+4 2.070707E-1 -1.452920E-6
5.420400E+4 1.969697E-1 -1.735879E-6
5.460400E+4 1.868687E-1 -1.974161E-6
5.500400E+4 1.767677E-1 -2.227334E-6
5.540400E+4 1.666667E-1 -2.473062E-6
5.580400E+4 1.565656E-1 -2.718790E-6
5.620400E+4 1.464646E-1 -2.971963E-6
5.660400E+4 1.363636E-1 -3.225137E-6
5.700400E+4 1.262626E-1 -3.478311E-6
5.740400E+4 1.161616E-1 -3.731485E-6
5.780400E+4 1.060606E-1 -3.992105E-6
5.820400E+4 9.595960E-2 -4.252725E-6
5.860400E+4 8.585858E-2 -4.520792E-6
5.900400E+4 7.575757E-2 -4.766519E-6
5.940400E+4 6.565656E-2 -5.019693E-6
5.980400E+4 5.555554E-2 -5.243081E-6
6.020400E+4 4.545453E-2 -5.488809E-6
6.060400E+4 3.535352E-2 -5.734536E-6
6.100400E+4 2.525250E-2 -5.980264E-6
6.140400E+4 1.515149E-2 -6.211099E-6
6.180400E+4 5.050506E-3 -6.441934E-6
6.220400E+4 -5.050506E-3 -6.657876E-6
6.260400E+4 -1.515155E-2 -6.866372E-6
6.300400E+4 -2.525256E-2 -7.074869E-6
6.340400E+4 -3.535357E-2 -7.275918E-6
6.380400E+4 -4.545453E-2 -7.469522E-6
6.420400E+4 -5.555554E-2 -7.670571E-6
6.460400E+4 -6.565656E-2 -7.871620E-6
6.500400E+4 -7.575757E-2 -8.072670E-6
6.540400E+4 -8.585858E-2 -8.281167E-6
6.580400E+4 -9.595960E-2 -8.482217E-6
6.620400E+4 -1.060606E-1 -8.683267E-6
6.660400E+4 -1.161616E-1 -8.906655E-6
6.700400E+4 -1.262626E-1 -9.115151E-6
6.740400E+4 -1.363636E-1 -9.331094E-6
6.780400E+4 -1.464647E-1 -9.539590E-6
6.820400E+4 -1.565657E-1 -9.770424E-6
6.860400E+4 -1.666667E-1 -9.971474E-6
6.900400E+4 -1.767677E-1 -1.017252E-5
6.940400E+4 -1.868687E-1 -1.037357E-5
6.980400E+4 -1.969697E-1 -1.055973E-5
7.020400E+4 -2.070707E-1 -1.073100E-5
7.060400E+4 -2.171718E-1 -1.088737E-5
7.100400E+4 -2.272728E-1 -1.102885E-5
7.140400E+4 -2.373738E-1 -1.116288E-5
7.180400E+4 -2.474748E-1 -1.126713E-5
7.220400E+4 -2.575758E-1 -1.134904E-5
7.260400E+4 -2.676768E-1 -1.140116E-5
7.300400E+4 -2.777778E-1 -1.143095E-5
7.340400E+4 -2.878788E-1 -1.143095E-5
7.380400E+4 -2.979798E-1 -1.140116E-5
7.420400E+4 -3.080808E-1 -1.133414E-5
7.460400E+4 -3.181818E-1 -1.123734E-5
7.500400E+4 -3.282828E-1 -1.111076E-5
7.540400E+4 -3.383839E-1 -1.095438E-5
7.580400E+4 -3.484849E-1 -1.077567E-5
7.620400E+4 -3.585859E-1 -1.057462E-5
7.660400E+4 -3.686869E-1 -1.035868E-5
7.700400E+4 -3.787879E-1 -1.012040E-5
7.740400E+4 -3.888889E-1 -9.867226E-6
7.780400E+4 -3.989899E-1 -9.614053E-6
7.820400E+4 -4.090909E-1 -9.345987E-6
7.860400E+4 -4.191920E-1 -9.077919E-6
7.900400E+4 -4.292930E-1 -8.824746E-6
7.940400E+4 -4.393940E-1 -8.579018E-6
7.980400E+4 -4.494950E-1 -8.340738E-6
8.020400E+4 -4.595960E-1 -8.102455E-6
8.060400E+4 -4.696970E-1 -7.886513E-6
8.100400E+4 -4.797980E-1 -7.692910E-6
8.140400E+4 -4.898990E-1 -7.521646E-6
8.180400E+4 -5.000000E-1 -7.365274E-6
