1.103000E+3 -5.000000E-1 -6.613198E-6
1.503000E+3 -4.898990E-1 -5.712197E-6
1.903000E+3 -4.797980E-1 -4.893106E-6
2.303000E+3 -4.696970E-1 -4.215493E-6
2.703000E+3 -4.595959E-1 -3.657022E-6
3.103000E+3 -4.494949E-1 -3.195352E-6
3.503000E+3 -4.393939E-1 -2.778360E-6
3.903000E+3 -4.292929E-1 -2.420938E-6
4.303000E+3 -4.191919E-1 -2.108194E-6
4.703000E+3 -4.090909E-1 -1.817788E-6
5.103000E+3 -3.989899E-1 -1.557168E-6
5.503000E+3 -3.888889E-1 -1.333780E-6
5.903000E+3 -3.787879E-1 -1.125283E-6
6.303000E+3 -3.686869E-1 -9.316800E-7
6.803000E+3 -3.585859E-1 -8.422646E-7
7.203000E+3 -3.484849E-1 -6.062173E-7
7.603000E+3 -3.383839E-1 -4.409097E-7
8.003000E+3 -3.282828E-1 -2.852823E-7
8.403000E+3 -3.181818E-1 -1.333780E-7
8.903000E+3 -3.080808E-1 -1.063717E-7
9.303000E+3 -2.979798E-1 1.100174E-7
9.803000E+3 -2.878788E-1 1.555380E-7
1.020300E+4 -2.777778E-1 3.632895E-7
1.060300E+4 -2.676768E-1 5.151938E-7
1.100300E+4 -2.575758E-1 6.603964E-7
1.140300E+4 -2.474747E-1 8.033653E-7
1.180300E+4 -2.373737E-1 9.463340E-7
1.220300E+4 -2.272727E-1 1.093026E-6
1.260300E+4 -2.171717E-1 1.237484E-6
1.300300E+4 -2.070707E-1 1.384176E-6
1.350300E+4 -1.969697E-1 1.451132E-6
1.390300E+4 -1.868687E-1 1.644736E-6
1.430300E+4 -1.767677E-1 1.823447E-6
1.470300E+4 -1.666667E-1 1.987265E-6
1.510300E+4 -1.565656E-1 2.151083E-6
1.550300E+4 -1.464646E-1 2.329794E-6
1.590300E+4 -1.363636E-1 2.501059E-6
1.630300E+4 -1.262626E-1 2.672324E-6
1.670300E+4 -1.161616E-1 2.836142E-6
1.710300E+4 -1.060606E-1 2.999961E-6
1.750300E+4 -9.595960E-2 3.178671E-6
1.790300E+4 -8.585858E-2 3.364828E-6
1.830300E+4 -7.575757E-2 3.543540E-6
1.870300E+4 -6.565656E-2 3.714804E-6
1.910300E+4 -5.555554E-2 3.893515E-6
1.950300E+4 -4.545453E-2 4.072226E-6
1.990300E+4 -3.535352E-2 4.243491E-6
2.030300E+4 -2.525250E-2 4.399863E-6
2.070300E+4 -1.515149E-2 4.556235E-6
2.110300E+4 -5.050506E-3 4.705160E-6
2.150300E+4 5.050506E-3 4.854086E-6
2.190300E+4 1.515155E-2 4.988120E-6
2.230300E+4 2.525256E-2 5.122153E-6
2.270300E+4 3.535357E-2 5.248740E-6
2.310300E+4 4.545453E-2 5.367880E-6
2.350300E+4 5.555554E-2 5.494467E-6
2.390300E+4 6.565656E-2 5.613608E-6
2.430300E+4 7.575757E-2 5.725302E-6
2.470300E+4 8.585858E-2 5.836996E-6
2.510300E+4 9.595960E-2 5.948691E-6
2.550300E+4 1.060606E-1 6.052939E-6
2.590300E+4 1.161616E-1 6.172079E-6
2.630300E+4 1.262626E-1 6.276327E-6
2.670300E+4 1.363636E-1 6.373130E-6
2.710300E+4 1.464647E-1 6.477378E-6
2.750300E+4 1.565657E-1 6.574179E-6
2.790300E+4 1.666667E-1 6.656088E-6
2.830300E+4 1.767677E-1 6.737997E-6
2.870300E+4 1.868687E-1 6.805014E-6
2.910300E+4 1.969697E-1 6.864585E-6
2.950300E+4 2.070707E-1 6.909262E-6
2.990300E+4 2.171718E-1 6.939048E-6
3.030300E+4 2.272728E-1 6.961386E-6
3.070300E+4 2.373738E-1 6.901816E-6
3.110300E+4 2.474748E-1 6.894370E-6
3.150300E+4 2.575758E-1 6.872031E-6
3.190300E+4 2.676768E-1 6.842246E-6
3.230300E+4 2.777778E-1 6.797567E-6
3.270300E+4 2.878788E-1 6.752890E-6
3.310300E+4 2.979798E-1 6.693320E-6
3.350300E+4 3.080808E-1 6.641196E-6
3.390300E+4 3.181818E-1 6.574179E-6
3.430300E+4 3.282828E-1 6.522055E-6
3.470300E+4 3.383839E-1 6.455039E-6
3.510300E+4 3.484849E-1 6.395468E-6
3.550300E+4 3.585859E-1 6.328451E-6
3.590300E+4 3.686869E-1 6.268881E-6
3.630300E+4 3.787879E-1 6.201864E-6
3.670300E+4 3.888889E-1 6.134848E-6
3.710300E+4 3.989899E-1 6.060385E-6
3.750300E+4 4.090909E-1 5.993369E-6
3.790300E+4 4.191920E-1 5.918906E-6
3.830300E+4 4.292930E-1 5.851889E-6
3.870300E+4 4.393940E-1 5.784873E-6
3.910300E+4 4.494950E-1 5.725302E-6
3.950300E+4 4.595960E-1 5.665732E-6
3.990300E+4 4.696970E-1 5.613608E-6
4.030300E+4 4.797980E-1 5.568930E-6
4.070300E+4 4.898990E-1 5.539145E-6
4.110300E+4 5.000000E-1 5.509360E-6
4.150300E+4 5.000000E-1 5.137045E-6
4.190300E+4 4.898990E-1 4.511557E-6
4.230300E+4 4.797980E-1 3.990317E-6
4.270300E+4 4.696970E-1 3.543540E-6
4.310300E+4 4.595959E-1 3.148886E-6
4.350300E+4 4.494949E-1 2.821250E-6
4.390300E+4 4.393939E-1 2.515952E-6
4.430300E+4 4.292929E-1 2.232993E-6
4.470300E+4 4.191919E-1 1.964926E-6
4.510300E+4 4.090909E-1 1.726645E-6
4.550300E+4 3.989899E-1 1.480918E-6
4.590300E+4 3.888889E-1 1.272422E-6
4.630300E+4 3.787879E-1 1.078818E-6
4.680300E+4 3.686869E-1 9.820761E-7
4.720300E+4 3.585859E-1 7.430502E-7
4.760300E+4 3.484849E-1 5.710410E-7
4.800300E+4 3.383839E-1 4.087119E-7
4.840300E+4 3.282828E-1 2.582968E-7
4.880300E+4 3.181818E-1 1.071372E-7
4.930300E+4 3.080808E-1 7.703036E-8
4.970300E+4 2.979798E-1 -1.357101E-7
5.020200E+4 2.878788E-1 -1.907144E-7
5.060200E+4 2.777778E-1 -3.999551E-7
5.100200E+4 2.676768E-1 -5.503701E-7
5.140200E+4 2.575758E-1 -7.000406E-7
5.180200E+4 2.474747E-1 -8.474770E-7
5.220200E+4 2.373737E-1 -9.964028E-7
5.260200E+4 2.272727E-1 -1.149796E-6
5.300200E+4 2.171717E-1 -1.300956E-6
5.350200E+4 2.070707E-1 -1.356118E-6
5.390200E+4 1.969697E-1 -1.549722E-6
5.430200E+4 1.868687E-1 -1.720987E-6
5.470200E+4 1.767677E-1 -1.884805E-6
5.510200E+4 1.666667E-1 -2.063516E-6
5.550200E+4 1.565656E-1 -2.227334E-6
5.590200E+4 1.464646E-1 -2.406045E-6
5.630200E+4 1.363636E-1 -2.577310E-6
5.670200E+4 1.262626E-1 -2.748575E-6
5.710200E+4 1.161616E-1 -2.919839E-6
5.750200E+4 1.060606E-1 -3.098550E-6
5.790200E+4 9.595960E-2 -3.262368E-6
5.830200E+4 8.585858E-2 -3.426187E-6
5.870200E+4 7.575757E-2 -3.597451E-6
5.910200E+4 6.565656E-2 -3.753824E-6
5.950200E+4 5.555554E-2 -3.902750E-6
5.990200E+4 4.545453E-2 -4.051675E-6
6.030200E+4 3.535352E-2 -4.193154E-6
6.070200E+4 2.525250E-2 -4.327188E-6
6.110200E+4 1.515149E-2 -4.461221E-6
6.150200E+4 5.050506E-3 -4.580362E-6
6.190200E+4 -5.050506E-3 -4.692056E-6
6.230200E+4 -1.515155E-2 -4.803750E-6
6.270200E+4 -2.525256E-2 -4.907999E-6
6.310200E+4 -3.535357E-2 -5.004800E-6
6.350200E+4 -4.545453E-2 -5.094156E-6
6.390200E+4 -5.555554E-2 -5.168618E-6
6.430200E+4 -6.565656E-2 -5.250528E-6
6.470200E+4 -7.575757E-2 -5.339883E-6
6.510200E+4 -8.585858E-2 -5.429239E-6
6.550200E+4 -9.595960E-2 -5.518594E-6
6.590200E+4 -1.060606E-1 -5.607949E-6
6.630200E+4 -1.161616E-1 -5.697305E-6
6.670200E+4 -1.262626E-1 -5.779214E-6
6.710200E+4 -1.363636E-1 -5.876016E-6
6.750200E+4 -1.464647E-1 -5.950479E-6
6.790200E+4 -1.565657E-1 -6.017495E-6
6.830200E+4 -1.666667E-1 -6.069620E-6
6.870200E+4 -1.767677E-1 -6.114297E-6
6.910200E+4 -1.868687E-1 -6.151528E-6
6.950200E+4 -1.969697E-1 -6.173867E-6
6.990200E+4 -2.070707E-1 -6.181314E-6
7.030200E+4 -2.171718E-1 -6.173867E-6
7.070200E+4 -2.272728E-1 -6.166421E-6
7.110200E+4 -2.373738E-1 -6.151528E-6
7.150200E+4 -2.474748E-1 -6.121743E-6
7.190200E+4 -2.575758E-1 -6.099405E-6
7.230200E+4 -2.676768E-1 -6.069620E-6
7.270200E+4 -2.777778E-1 -6.047280E-6
7.310200E+4 -2.878788E-1 -6.017495E-6
7.350200E+4 -2.979798E-1 -5.995157E-6
7.390200E+4 -3.080808E-1 -5.965371E-6
7.430200E+4 -3.181818E-1 -5.935586E-6
7.470200E+4 -3.282828E-1 -5.913248E-6
7.510200E+4 -3.383839E-1 -5.883463E-6
7.550200E+4 -3.484849E-1 -5.846231E-6
7.590200E+4 -3.585859E-1 -5.794107E-6
7.630200E+4 -3.686869E-1 -5.764321E-6
7.670200E+4 -3.787879E-1 -5.719644E-6
7.710200E+4 -3.888889E-1 -5.682412E-6
7.750200E+4 -3.989899E-1 -5.637734E-6
7.790200E+4 -4.090909E-1 -5.600503E-6
7.830200E+4 -4.191920E-1 -5.555825E-6
7.870200E+4 -4.292930E-1 -5.518594E-6
7.910200E+4 -4.393940E-1 -5.481362E-6
7.950200E+4 -4.494950E-1 -5.444131E-6
7.990200E+4 -4.595960E-1 -5.414346E-6
8.030200E+4 -4.696970E-1 -5.377115E-6
8.070200E+4 -4.797980E-1 -5.354776E-6
8.110200E+4 -4.898990E-1 -5.332437E-6
8.150200E+4 -5.000000E-1 -5.317544E-6
