1.103000E+3 -5.000000E-1 -6.955728E-6
1.503000E+3 -4.898990E-1 -6.039834E-6
1.903000E+3 -4.797980E-1 -5.153726E-6
2.303000E+3 -4.696970E-1 -4.468667E-6
2.703000E+3 -4.595959E-1 -3.887857E-6
3.103000E+3 -4.494949E-1 -3.396402E-6
3.503000E+3 -4.393939E-1 -2.979410E-6
3.903000E+3 -4.292929E-1 -2.607095E-6
4.303000E+3 -4.191919E-1 -2.279458E-6
4.703000E+3 -4.090909E-1 -1.974161E-6
5.103000E+3 -3.989899E-1 -1.706094E-6
5.503000E+3 -3.888889E-1 -1.467813E-6
5.903000E+3 -3.787879E-1 -1.259317E-6
6.303000E+3 -3.686869E-1 -1.058267E-6
6.703000E+3 -3.585859E-1 -8.646633E-7
7.203000E+3 -3.484849E-1 -7.864175E-7
7.603000E+3 -3.383839E-1 -5.518594E-7
8.003000E+3 -3.282828E-1 -3.872964E-7
8.403000E+3 -3.181818E-1 -2.286905E-7
9.104000E+3 -3.080808E-1 -2.733682E-7
9.604000E+3 -2.979798E-1 -1.209664E-7
1.000400E+4 -2.878788E-1 1.167191E-7
1.050400E+4 -2.777778E-1 1.964926E-7
1.090400E+4 -2.676768E-1 4.154135E-7
1.130400E+4 -2.575758E-1 5.762533E-7
1.170400E+4 -2.474747E-1 7.318808E-7
1.210400E+4 -2.373737E-1 8.837851E-7
1.250400E+4 -2.272727E-1 1.040157E-6
1.290400E+4 -2.171717E-1 1.192062E-6
1.330400E+4 -2.070707E-1 1.345455E-6
1.380400E+4 -1.969697E-1 1.421347E-6
1.420400E+4 -1.868687E-1 1.622397E-6
1.460400E+4 -1.767677E-1 1.801108E-6
1.500400E+4 -1.666667E-1 1.972373E-6
1.540400E+4 -1.565656E-1 2.143637E-6
1.580400E+4 -1.464646E-1 2.322348E-6
1.620400E+4 -1.363636E-1 2.493613E-6
1.660400E+4 -1.262626E-1 2.672324E-6
1.700400E+4 -1.161616E-1 2.836142E-6
1.740400E+4 -1.060606E-1 2.999961E-6
1.780400E+4 -9.595960E-2 3.186118E-6
1.820400E+4 -8.585858E-2 3.372275E-6
1.860400E+4 -7.575757E-2 3.550986E-6
1.900400E+4 -6.565656E-2 3.737143E-6
1.940400E+4 -5.555554E-2 3.908408E-6
1.980400E+4 -4.545453E-2 4.079672E-6
2.020400E+4 -3.535352E-2 4.250937E-6
2.060400E+4 -2.525250E-2 4.407309E-6
2.100400E+4 -1.515149E-2 4.571127E-6
2.140400E+4 -5.050506E-3 4.720053E-6
2.180400E+4 5.050506E-3 4.868979E-6
2.220400E+4 1.515155E-2 5.003013E-6
2.260400E+4 2.525256E-2 5.144492E-6
2.300400E+4 3.535357E-2 5.271078E-6
2.340400E+4 4.545453E-2 5.397666E-6
2.380400E+4 5.555554E-2 5.531699E-6
2.420400E+4 6.565656E-2 5.658286E-6
2.460400E+4 7.575757E-2 5.777426E-6
2.500400E+4 8.585858E-2 5.896567E-6
2.540400E+4 9.595960E-2 6.023154E-6
2.580400E+4 1.060606E-1 6.149741E-6
2.620400E+4 1.161616E-1 6.268881E-6
2.660400E+4 1.262626E-1 6.395468E-6
2.700400E+4 1.363636E-1 6.507163E-6
2.740400E+4 1.464647E-1 6.626303E-6
2.780400E+4 1.565657E-1 6.737997E-6
2.820400E+4 1.666667E-1 6.842246E-6
2.860400E+4 1.767677E-1 6.939048E-6
2.900400E+4 1.868687E-1 7.028403E-6
2.940400E+4 1.969697E-1 7.117758E-6
2.980400E+4 2.070707E-1 7.177328E-6
3.020400E+4 2.171718E-1 7.229453E-6
3.060400E+4 2.272728E-1 7.274130E-6
3.100400E+4 2.373738E-1 7.296469E-6
3.140400E+4 2.474748E-1 7.303915E-6
3.180400E+4 2.575758E-1 7.289023E-6
3.220400E+4 2.676768E-1 7.266684E-6
3.260400E+4 2.777778E-1 7.229453E-6
3.300400E+4 2.878788E-1 7.177328E-6
3.340400E+4 2.979798E-1 7.117758E-6
3.380400E+4 3.080808E-1 7.050742E-6
3.420400E+4 3.181818E-1 6.983725E-6
3.460400E+4 3.282828E-1 6.916709E-6
3.500400E+4 3.383839E-1 6.842246E-6
3.540400E+4 3.484849E-1 6.767782E-6
3.580400E+4 3.585859E-1 6.693320E-6
3.620400E+4 3.686869E-1 6.618857E-6
3.660400E+4 3.787879E-1 6.544394E-6
3.700400E+4 3.888889E-1 6.462485E-6
3.740400E+4 3.989899E-1 6.388022E-6
3.780400E+4 4.090909E-1 6.306113E-6
3.820400E+4 4.191920E-1 6.231650E-6
3.860400E+4 4.292930E-1 6.149741E-6
3.900400E+4 4.393940E-1 6.067832E-6
3.940400E+4 4.494950E-1 6.000815E-6
3.980400E+4 4.595960E-1 5.926352E-6
4.020400E+4 4.696970E-1 5.866782E-6
4.060400E+4 4.797980E-1 5.807211E-6
4.100400E+4 4.898990E-1 5.755087E-6
4.140400E+4 5.000000E-1 5.717856E-6
4.180400E+4 5.000000E-1 5.330649E-6
4.220400E+4 4.898990E-1 4.690268E-6
4.260400E+4 4.797980E-1 4.169028E-6
4.300400E+4 4.696970E-1 3.714804E-6
4.340400E+4 4.595959E-1 3.312705E-6
4.380400E+4 4.494949E-1 2.955283E-6
4.420400E+4 4.393939E-1 2.664877E-6
4.460400E+4 4.292929E-1 2.374472E-6
4.500400E+4 4.191919E-1 2.106406E-6
4.540400E+4 4.090909E-1 1.860678E-6
4.580400E+4 3.989899E-1 1.614951E-6
4.620400E+4 3.888889E-1 1.399009E-6
4.660400E+4 3.787879E-1 1.197959E-6
4.700400E+4 3.686869E-1 1.019248E-6
4.750400E+4 3.585859E-1 9.210166E-7
4.790400E+4 3.484849E-1 6.901816E-7
4.830400E+4 3.383839E-1 5.189170E-7
4.870400E+4 3.282828E-1 3.580771E-7
4.910400E+4 3.181818E-1 2.054282E-7
4.980500E+4 3.080808E-1 2.515952E-7
5.030500E+4 2.979798E-1 1.029435E-7
5.070500E+4 2.878788E-1 -1.303488E-7
5.120500E+4 2.777778E-1 -2.190103E-7
5.160500E+4 2.676768E-1 -4.416543E-7
5.200500E+4 2.575758E-1 -6.047280E-7
5.240500E+4 2.474747E-1 -7.655678E-7
5.280500E+4 2.373737E-1 -9.256631E-7
5.320500E+4 2.272727E-1 -1.089481E-6
5.360500E+4 2.171717E-1 -1.250321E-6
5.400500E+4 2.070707E-1 -1.411161E-6
5.450500E+4 1.969697E-1 -1.482705E-6
5.490500E+4 1.868687E-1 -1.691202E-6
5.530500E+4 1.767677E-1 -1.862466E-6
5.570500E+4 1.666667E-1 -2.041177E-6
5.610500E+4 1.565656E-1 -2.219888E-6
5.650500E+4 1.464646E-1 -2.398599E-6
5.690500E+4 1.363636E-1 -2.577310E-6
5.730500E+4 1.262626E-1 -2.756021E-6
5.770500E+4 1.161616E-1 -2.927285E-6
5.810500E+4 1.060606E-1 -3.105996E-6
5.850500E+4 9.595960E-2 -3.269815E-6
5.890500E+4 8.585858E-2 -3.441080E-6
5.930500E+4 7.575757E-2 -3.612344E-6
5.970500E+4 6.565656E-2 -3.768716E-6
6.010500E+4 5.555554E-2 -3.925089E-6
6.050500E+4 4.545453E-2 -4.074014E-6
6.090500E+4 3.535352E-2 -4.215493E-6
6.130500E+4 2.525250E-2 -4.349527E-6
6.170500E+4 1.515149E-2 -4.483560E-6
6.210500E+4 5.050506E-3 -4.610147E-6
6.250500E+4 -5.050506E-3 -4.721841E-6
6.290500E+4 -1.515155E-2 -4.833536E-6
6.330500E+4 -2.525256E-2 -4.945230E-6
6.370500E+4 -3.535357E-2 -5.049478E-6
6.410500E+4 -4.545453E-2 -5.138833E-6
6.450500E+4 -5.555554E-2 -5.220743E-6
6.490500E+4 -6.565656E-2 -5.324991E-6
6.530500E+4 -7.575757E-2 -5.429239E-6
6.570500E+4 -8.585858E-2 -5.533487E-6
6.610500E+4 -9.595960E-2 -5.637734E-6
6.650500E+4 -1.060606E-1 -5.741982E-6
6.690500E+4 -1.161616E-1 -5.861123E-6
6.730500E+4 -1.262626E-1 -5.965371E-6
6.770500E+4 -1.363636E-1 -6.062173E-6
6.810500E+4 -1.464647E-1 -6.151528E-6
6.850500E+4 -1.565657E-1 -6.248330E-6
6.890500E+4 -1.666667E-1 -6.330240E-6
6.930500E+4 -1.767677E-1 -6.397256E-6
6.970500E+4 -1.868687E-1 -6.449380E-6
7.010500E+4 -1.969697E-1 -6.494058E-6
7.050500E+4 -2.070707E-1 -6.523843E-6
7.090500E+4 -2.171718E-1 -6.531289E-6
7.130500E+4 -2.272728E-1 -6.523843E-6
7.170500E+4 -2.373738E-1 -6.508951E-6
7.210500E+4 -2.474748E-1 -6.479166E-6
7.250500E+4 -2.575758E-1 -6.449380E-6
7.290500E+4 -2.676768E-1 -6.404703E-6
7.330500E+4 -2.777778E-1 -6.367471E-6
7.370500E+4 -2.878788E-1 -6.330240E-6
7.410500E+4 -2.979798E-1 -6.285562E-6
7.450500E+4 -3.080808E-1 -6.248330E-6
7.490500E+4 -3.181818E-1 -6.203652E-6
7.530500E+4 -3.282828E-1 -6.173867E-6
7.570500E+4 -3.383839E-1 -6.129190E-6
7.610500E+4 -3.484849E-1 -6.091958E-6
7.650500E+4 -3.585859E-1 -6.047280E-6
7.690500E+4 -3.686869E-1 -6.002603E-6
7.730500E+4 -3.787879E-1 -5.957925E-6
7.770500E+4 -3.888889E-1 -5.905801E-6
7.810500E+4 -3.989899E-1 -5.853677E-6
7.850500E+4 -4.090909E-1 -5.794107E-6
7.890500E+4 -4.191920E-1 -5.741982E-6
7.930500E+4 -4.292930E-1 -5.697305E-6
7.970500E+4 -4.393940E-1 -5.645181E-6
8.010500E+4 -4.494950E-1 -5.607949E-6
8.050500E+4 -4.595960E-1 -5.563272E-6
8.090500E+4 -4.696970E-1 -5.526040E-6
8.130500E+4 -4.797980E-1 -5.488809E-6
8.170500E+4 -4.898990E-1 -5.459024E-6
8.210500E+4 -5.000000E-1 -5.429239E-6
