9.020000E+2 -5.000000E-1 -9.167874E-6
1.402000E+3 -4.898990E-1 -7.417398E-6
1.802000E+3 -4.797980E-1 -6.419595E-6
2.202000E+3 -4.696970E-1 -5.436685E-6
2.602000E+3 -4.595959E-1 -4.669717E-6
3.002000E+3 -4.494949E-1 -3.999551E-6
3.402000E+3 -4.393939E-1 -3.418741E-6
3.802000E+3 -4.292929E-1 -2.934732E-6
4.202000E+3 -4.191919E-1 -2.495401E-6
4.602000E+3 -4.090909E-1 -2.108194E-6
5.002000E+3 -3.989899E-1 -1.750772E-6
5.402000E+3 -3.888889E-1 -1.445474E-6
5.802000E+3 -3.787879E-1 -1.169961E-6
6.202000E+3 -3.686869E-1 -9.167874E-7
6.702000E+3 -3.585859E-1 -8.013101E-7
7.102000E+3 -3.484849E-1 -5.004800E-7
7.502000E+3 -3.383839E-1 -2.852823E-7
7.902000E+3 -3.282828E-1 -8.646634E-8
8.302000E+3 -3.181818E-1 1.041587E-7
8.702000E+3 -3.080808E-1 2.828696E-7
9.102000E+3 -2.979798E-1 4.541342E-7
9.502000E+3 -2.878788E-1 6.268882E-7
9.902000E+3 -2.777778E-1 7.981528E-7
1.030200E+4 -2.676768E-1 9.768637E-7
1.070200E+4 -2.575758E-1 1.151852E-6
1.110200E+4 -2.474747E-1 1.332052E-6
1.160200E+4 -2.373737E-1 1.391562E-6
1.200200E+4 -2.272727E-1 1.644736E-6
1.240200E+4 -2.171717E-1 1.860678E-6
1.280200E+4 -2.070707E-1 2.061728E-6
1.320200E+4 -1.969697E-1 2.262778E-6
1.360200E+4 -1.868687E-1 2.478720E-6
1.400200E+4 -1.767677E-1 2.687216E-6
1.440200E+4 -1.666667E-1 2.873374E-6
1.480200E+4 -1.565656E-1 3.089316E-6
1.520200E+4 -1.464646E-1 3.327597E-6
1.560200E+4 -1.363636E-1 3.565879E-6
1.600200E+4 -1.262626E-1 3.804160E-6
1.640200E+4 -1.161616E-1 4.049887E-6
1.680200E+4 -1.060606E-1 4.303061E-6
1.720200E+4 -9.595960E-2 4.556235E-6
1.760200E+4 -8.585858E-2 4.809409E-6
1.800200E+4 -7.575757E-2 5.062583E-6
1.840200E+4 -6.565656E-2 5.323202E-6
1.880200E+4 -5.555554E-2 5.598716E-6
1.920200E+4 -4.545453E-2 5.844443E-6
1.960200E+4 -3.535352E-2 6.090170E-6
2.000200E+4 -2.525250E-2 6.335898E-6
2.040200E+4 -1.515149E-2 6.574179E-6
2.080200E+4 -5.050506E-3 6.797567E-6
2.120200E+4 5.050506E-3 7.020956E-6
2.160200E+4 1.515155E-2 7.236899E-6
2.200200E+4 2.525256E-2 7.452842E-6
2.240200E+4 3.535357E-2 7.646445E-6
2.280200E+4 4.545453E-2 7.840049E-6
2.320200E+4 5.555554E-2 8.033652E-6
2.360200E+4 6.565656E-2 8.219809E-6
2.400200E+4 7.575757E-2 8.405967E-6
2.440200E+4 8.585858E-2 8.592124E-6
2.480200E+4 9.595960E-2 8.778281E-6
2.520200E+4 1.060606E-1 8.964438E-6
2.560200E+4 1.161616E-1 9.158042E-6
2.600200E+4 1.262626E-1 9.366538E-6
2.640200E+4 1.363636E-1 9.552695E-6
2.680200E+4 1.464647E-1 9.746299E-6
2.720200E+4 1.565657E-1 9.947348E-6
2.760200E+4 1.666667E-1 1.012606E-5
2.800200E+4 1.767677E-1 1.030477E-5
2.840200E+4 1.868687E-1 1.047603E-5
2.880200E+4 1.969697E-1 1.064730E-5
2.920200E+4 2.070707E-1 1.079623E-5
2.960200E+4 2.171718E-1 1.093026E-5
3.000200E+4 2.272728E-1 1.104940E-5
3.040200E+4 2.373738E-1 1.113876E-5
3.080200E+4 2.474748E-1 1.119833E-5
3.120200E+4 2.575758E-1 1.123556E-5
3.160200E+4 2.676768E-1 1.123556E-5
3.200200E+4 2.777778E-1 1.119833E-5
3.240200E+4 2.878788E-1 1.111642E-5
3.280200E+4 2.979798E-1 1.100472E-5
3.320200E+4 3.080808E-1 1.085580E-5
3.360200E+4 3.181818E-1 1.067708E-5
3.400200E+4 3.282828E-1 1.049093E-5
3.440200E+4 3.383839E-1 1.027498E-5
3.480200E+4 3.484849E-1 1.005160E-5
3.520200E+4 3.585859E-1 9.828208E-6
3.560200E+4 3.686869E-1 9.604820E-6
3.600200E+4 3.787879E-1 9.373985E-6
3.640200E+4 3.888889E-1 9.135703E-6
3.680200E+4 3.989899E-1 8.919760E-6
3.720200E+4 4.090909E-1 8.726157E-6
3.760200E+4 4.191920E-1 8.532554E-6
3.800200E+4 4.292930E-1 8.361289E-6
3.840200E+4 4.393940E-1 8.212363E-6
3.880200E+4 4.494950E-1 8.085776E-6
3.920200E+4 4.595960E-1 7.951743E-6
3.960200E+4 4.696970E-1 7.847495E-6
4.000200E+4 4.797980E-1 7.758139E-6
4.040200E+4 4.898990E-1 7.691123E-6
4.080200E+4 5.000000E-1 7.631553E-6
4.120200E+4 5.000000E-1 7.125205E-6
4.160200E+4 4.898990E-1 6.253989E-6
4.200200E+4 4.797980E-1 5.539145E-6
4.240200E+4 4.696970E-1 4.913657E-6
4.280200E+4 4.595959E-1 4.392416E-6
4.320200E+4 4.494949E-1 3.930747E-6
4.360200E+4 4.393939E-1 3.506308E-6
4.400200E+4 4.292929E-1 3.126547E-6
4.440200E+4 4.191919E-1 2.806357E-6
4.480200E+4 4.090909E-1 2.501059E-6
4.520200E+4 3.989899E-1 2.210654E-6
4.560200E+4 3.888889E-1 1.942587E-6
4.600200E+4 3.787879E-1 1.674521E-6
4.640200E+4 3.686869E-1 1.443686E-6
4.680200E+4 3.585859E-1 1.205405E-6
4.720200E+4 3.484849E-1 1.004355E-6
4.770200E+4 3.383839E-1 9.381431E-7
4.810200E+4 3.282828E-1 6.410361E-7
4.850200E+4 3.181818E-1 4.325400E-7
4.890200E+4 3.080808E-1 2.441489E-7
4.960300E+4 2.979798E-1 3.424399E-7
5.030400E+4 2.878788E-1 2.694663E-7
5.080400E+4 2.777778E-1 5.134067E-8
5.130400E+4 2.676768E-1 -1.668863E-7
5.170400E+4 2.575758E-1 -4.826089E-7
5.210400E+4 2.474747E-1 -7.126993E-7
5.250400E+4 2.373737E-1 -9.353433E-7
5.290400E+4 2.272727E-1 -1.159476E-6
5.330400E+4 2.171717E-1 -1.374674E-6
5.380400E+4 2.070707E-1 -1.452920E-6
5.420400E+4 1.969697E-1 -1.743325E-6
5.460400E+4 1.868687E-1 -1.974161E-6
5.500400E+4 1.767677E-1 -2.219888E-6
5.540400E+4 1.666667E-1 -2.465616E-6
5.580400E+4 1.565656E-1 -2.703897E-6
5.620400E+4 1.464646E-1 -2.957071E-6
5.660400E+4 1.363636E-1 -3.210245E-6
5.700400E+4 1.262626E-1 -3.463418E-6
5.740400E+4 1.161616E-1 -3.716592E-6
5.780400E+4 1.060606E-1 -3.977212E-6
5.820400E+4 9.595960E-2 -4.230386E-6
5.860400E+4 8.585858E-2 -4.491006E-6
5.900400E+4 7.575757E-2 -4.751626E-6
5.940400E+4 6.565656E-2 -4.997354E-6
5.980400E+4 5.555554E-2 -5.220743E-6
6.020400E+4 4.545453E-2 -5.466470E-6
6.060400E+4 3.535352E-2 -5.704751E-6
6.100400E+4 2.525250E-2 -5.957925E-6
6.140400E+4 1.515149E-2 -6.188760E-6
6.180400E+4 5.050506E-3 -6.412149E-6
6.220400E+4 -5.050506E-3 -6.628091E-6
6.260400E+4 -1.515155E-2 -6.829141E-6
6.300400E+4 -2.525256E-2 -7.045083E-6
6.340400E+4 -3.535357E-2 -7.231240E-6
6.380400E+4 -4.545453E-2 -7.439737E-6
6.420400E+4 -5.555554E-2 -7.633340E-6
6.460400E+4 -6.565656E-2 -7.834389E-6
6.500400E+4 -7.575757E-2 -8.027992E-6
6.540400E+4 -8.585858E-2 -8.221597E-6
6.580400E+4 -9.595960E-2 -8.430093E-6
6.620400E+4 -1.060606E-1 -8.623696E-6
6.660400E+4 -1.161616E-1 -8.839638E-6
6.700400E+4 -1.262626E-1 -9.040688E-6
6.740400E+4 -1.363636E-1 -9.249185E-6
6.780400E+4 -1.464647E-1 -9.450234E-6
6.820400E+4 -1.565657E-1 -9.673623E-6
6.860400E+4 -1.666667E-1 -9.874673E-6
6.900400E+4 -1.767677E-1 -1.006828E-5
6.940400E+4 -1.868687E-1 -1.025443E-5
6.980400E+4 -1.969697E-1 -1.043314E-5
7.020400E+4 -2.070707E-1 -1.059696E-5
7.060400E+4 -2.171718E-1 -1.074589E-5
7.100400E+4 -2.272728E-1 -1.087248E-5
7.140400E+4 -2.373738E-1 -1.099162E-5
7.180400E+4 -2.474748E-1 -1.108842E-5
7.220400E+4 -2.575758E-1 -1.115543E-5
7.260400E+4 -2.676768E-1 -1.119267E-5
7.300400E+4 -2.777778E-1 -1.121500E-5
7.340400E+4 -2.878788E-1 -1.120011E-5
7.380400E+4 -2.979798E-1 -1.114799E-5
7.420400E+4 -3.080808E-1 -1.107352E-5
7.460400E+4 -3.181818E-1 -1.096183E-5
7.500400E+4 -3.282828E-1 -1.083524E-5
7.540400E+4 -3.383839E-1 -1.067143E-5
7.580400E+4 -3.484849E-1 -1.049271E-5
7.620400E+4 -3.585859E-1 -1.029166E-5
7.660400E+4 -3.686869E-1 -1.006828E-5
7.700400E+4 -3.787879E-1 -9.837441E-6
7.740400E+4 -3.888889E-1 -9.599160E-6
7.780400E+4 -3.989899E-1 -9.338540E-6
7.820400E+4 -4.090909E-1 -9.085366E-6
7.860400E+4 -4.191920E-1 -8.847084E-6
7.900400E+4 -4.292930E-1 -8.593911E-6
7.940400E+4 -4.393940E-1 -8.355630E-6
7.980400E+4 -4.494950E-1 -8.132241E-6
8.020400E+4 -4.595960E-1 -7.916298E-6
8.060400E+4 -4.696970E-1 -7.715249E-6
8.100400E+4 -4.797980E-1 -7.536538E-6
8.140400E+4 -4.898990E-1 -7.380166E-6
8.180400E+4 -5.000000E-1 -7.231240E-6
