1.103000E+3 -5.000000E-1 -6.940835E-6
1.503000E+3 -4.898990E-1 -6.024942E-6
1.903000E+3 -4.797980E-1 -5.153726E-6
2.303000E+3 -4.696970E-1 -4.468667E-6
2.703000E+3 -4.595959E-1 -3.887857E-6
3.103000E+3 -4.494949E-1 -3.396402E-6
3.503000E+3 -4.393939E-1 -2.971963E-6
3.903000E+3 -4.292929E-1 -2.607095E-6
4.303000E+3 -4.191919E-1 -2.279458E-6
4.703000E+3 -4.090909E-1 -1.974161E-6
5.103000E+3 -3.989899E-1 -1.713540E-6
5.503000E+3 -3.888889E-1 -1.467813E-6
5.903000E+3 -3.787879E-1 -1.259317E-6
6.303000E+3 -3.686869E-1 -1.058267E-6
6.703000E+3 -3.585859E-1 -8.646633E-7
7.203000E+3 -3.484849E-1 -7.893960E-7
7.603000E+3 -3.383839E-1 -5.540933E-7
8.003000E+3 -3.282828E-1 -3.895303E-7
8.403000E+3 -3.181818E-1 -2.301797E-7
9.103000E+3 -3.080808E-1 -2.741128E-7
9.603000E+3 -2.979798E-1 -1.199984E-7
1.000300E+4 -2.878788E-1 1.177616E-7
1.050300E+4 -2.777778E-1 1.987265E-7
1.090300E+4 -2.676768E-1 4.183920E-7
1.130300E+4 -2.575758E-1 5.799765E-7
1.170300E+4 -2.474747E-1 7.356039E-7
1.210300E+4 -2.373737E-1 8.882529E-7
1.250300E+4 -2.272727E-1 1.045370E-6
1.290300E+4 -2.171717E-1 1.198763E-6
1.330300E+4 -2.070707E-1 1.352901E-6
1.380300E+4 -1.969697E-1 1.428794E-6
1.420300E+4 -1.868687E-1 1.629843E-6
1.460300E+4 -1.767677E-1 1.816001E-6
1.500300E+4 -1.666667E-1 1.987265E-6
1.540300E+4 -1.565656E-1 2.158530E-6
1.580300E+4 -1.464646E-1 2.337241E-6
1.620300E+4 -1.363636E-1 2.508505E-6
1.660300E+4 -1.262626E-1 2.687216E-6
1.700300E+4 -1.161616E-1 2.851035E-6
1.740300E+4 -1.060606E-1 3.022299E-6
1.780300E+4 -9.595960E-2 3.208457E-6
1.820300E+4 -8.585858E-2 3.394614E-6
1.860300E+4 -7.575757E-2 3.573325E-6
1.900300E+4 -6.565656E-2 3.752036E-6
1.940300E+4 -5.555554E-2 3.930747E-6
1.980300E+4 -4.545453E-2 4.102011E-6
2.020300E+4 -3.535352E-2 4.273276E-6
2.060300E+4 -2.525250E-2 4.437095E-6
2.100300E+4 -1.515149E-2 4.593466E-6
2.140300E+4 -5.050506E-3 4.742392E-6
2.180300E+4 5.050506E-3 4.891318E-6
2.220300E+4 1.515155E-2 5.025351E-6
2.260300E+4 2.525256E-2 5.174277E-6
2.300300E+4 3.535357E-2 5.300864E-6
2.340300E+4 4.545453E-2 5.420004E-6
2.380300E+4 5.555554E-2 5.561484E-6
2.420300E+4 6.565656E-2 5.688071E-6
2.460300E+4 7.575757E-2 5.814658E-6
2.500300E+4 8.585858E-2 5.941245E-6
2.540300E+4 9.595960E-2 6.067832E-6
2.580300E+4 1.060606E-1 6.194419E-6
2.620300E+4 1.161616E-1 6.321005E-6
2.660300E+4 1.262626E-1 6.447593E-6
2.700300E+4 1.363636E-1 6.566733E-6
2.740300E+4 1.464647E-1 6.693320E-6
2.780300E+4 1.565657E-1 6.812460E-6
2.820300E+4 1.666667E-1 6.924155E-6
2.860300E+4 1.767677E-1 7.028403E-6
2.900300E+4 1.868687E-1 7.125205E-6
2.940300E+4 1.969697E-1 7.214560E-6
2.980300E+4 2.070707E-1 7.289023E-6
3.020300E+4 2.171718E-1 7.348593E-6
3.060300E+4 2.272728E-1 7.400717E-6
3.100300E+4 2.373738E-1 7.430502E-6
3.140300E+4 2.474748E-1 7.445395E-6
3.180300E+4 2.575758E-1 7.437949E-6
3.220300E+4 2.676768E-1 7.415610E-6
3.260300E+4 2.777778E-1 7.393271E-6
3.300300E+4 2.878788E-1 7.341147E-6
3.340300E+4 2.979798E-1 7.281576E-6
3.380300E+4 3.080808E-1 7.222006E-6
3.420300E+4 3.181818E-1 7.147543E-6
3.460300E+4 3.282828E-1 7.073081E-6
3.500300E+4 3.383839E-1 6.998618E-6
3.540300E+4 3.484849E-1 6.916709E-6
3.580300E+4 3.585859E-1 6.834799E-6
3.620300E+4 3.686869E-1 6.760336E-6
3.660300E+4 3.787879E-1 6.678427E-6
3.700300E+4 3.888889E-1 6.589072E-6
3.740300E+4 3.989899E-1 6.514609E-6
3.780300E+4 4.090909E-1 6.425253E-6
3.820300E+4 4.191920E-1 6.343344E-6
3.860300E+4 4.292930E-1 6.253989E-6
3.900300E+4 4.393940E-1 6.172079E-6
3.940300E+4 4.494950E-1 6.090170E-6
3.980300E+4 4.595960E-1 6.015707E-6
4.020300E+4 4.696970E-1 5.948691E-6
4.060300E+4 4.797980E-1 5.881674E-6
4.100300E+4 4.898990E-1 5.829550E-6
4.140300E+4 5.000000E-1 5.784873E-6
4.180300E+4 5.000000E-1 5.390219E-6
4.220300E+4 4.898990E-1 4.742392E-6
4.260300E+4 4.797980E-1 4.213706E-6
4.300300E+4 4.696970E-1 3.759482E-6
4.340300E+4 4.595959E-1 3.357382E-6
4.380300E+4 4.494949E-1 2.992514E-6
4.420300E+4 4.393939E-1 2.702109E-6
4.460300E+4 4.292929E-1 2.411704E-6
4.500300E+4 4.191919E-1 2.136191E-6
4.540300E+4 4.090909E-1 1.890464E-6
4.580300E+4 3.989899E-1 1.644736E-6
4.620300E+4 3.888889E-1 1.436240E-6
4.660300E+4 3.787879E-1 1.227744E-6
4.700300E+4 3.686869E-1 1.041587E-6
4.750300E+4 3.585859E-1 9.478233E-7
4.790300E+4 3.484849E-1 7.147543E-7
4.830300E+4 3.383839E-1 5.420004E-7
4.870300E+4 3.282828E-1 3.796713E-7
4.910300E+4 3.181818E-1 2.240439E-7
4.980400E+4 3.080808E-1 2.672324E-7
5.030400E+4 2.979798E-1 1.167191E-7
5.070400E+4 2.878788E-1 -1.179879E-7
5.120300E+4 2.777778E-1 -2.070962E-7
5.160300E+4 2.676768E-1 -4.312295E-7
5.200300E+4 2.575758E-1 -5.957925E-7
5.240300E+4 2.474747E-1 -7.588662E-7
5.280300E+4 2.373737E-1 -9.204507E-7
5.320300E+4 2.272727E-1 -1.086503E-6
5.360300E+4 2.171717E-1 -1.248087E-6
5.400300E+4 2.070707E-1 -1.411161E-6
5.450300E+4 1.969697E-1 -1.482705E-6
5.490300E+4 1.868687E-1 -1.691202E-6
5.530300E+4 1.767677E-1 -1.862466E-6
5.570300E+4 1.666667E-1 -2.048623E-6
5.610300E+4 1.565656E-1 -2.227334E-6
5.650300E+4 1.464646E-1 -2.406045E-6
5.690300E+4 1.363636E-1 -2.584756E-6
5.730300E+4 1.262626E-1 -2.763467E-6
5.770300E+4 1.161616E-1 -2.942178E-6
5.810300E+4 1.060606E-1 -3.120889E-6
5.850300E+4 9.595960E-2 -3.284707E-6
5.890300E+4 8.585858E-2 -3.455972E-6
5.930300E+4 7.575757E-2 -3.619790E-6
5.970300E+4 6.565656E-2 -3.783609E-6
6.010300E+4 5.555554E-2 -3.939981E-6
6.050300E+4 4.545453E-2 -4.088907E-6
6.090300E+4 3.535352E-2 -4.230386E-6
6.130300E+4 2.525250E-2 -4.364419E-6
6.170300E+4 1.515149E-2 -4.498453E-6
6.210300E+4 5.050506E-3 -4.625039E-6
6.250300E+4 -5.050506E-3 -4.744180E-6
6.290300E+4 -1.515155E-2 -4.855875E-6
6.330300E+4 -2.525256E-2 -4.967569E-6
6.370300E+4 -3.535357E-2 -5.071817E-6
6.410300E+4 -4.545453E-2 -5.153726E-6
6.450300E+4 -5.555554E-2 -5.250528E-6
6.490300E+4 -6.565656E-2 -5.354776E-6
6.530300E+4 -7.575757E-2 -5.466470E-6
6.570300E+4 -8.585858E-2 -5.570718E-6
6.610300E+4 -9.595960E-2 -5.682412E-6
6.650300E+4 -1.060606E-1 -5.794107E-6
6.690300E+4 -1.161616E-1 -5.913248E-6
6.730300E+4 -1.262626E-1 -6.024942E-6
6.770300E+4 -1.363636E-1 -6.129190E-6
6.810300E+4 -1.464647E-1 -6.233437E-6
6.850300E+4 -1.565657E-1 -6.337686E-6
6.890300E+4 -1.666667E-1 -6.419595E-6
6.930300E+4 -1.767677E-1 -6.501504E-6
6.970300E+4 -1.868687E-1 -6.561074E-6
7.010300E+4 -1.969697E-1 -6.613198E-6
7.050300E+4 -2.070707E-1 -6.642983E-6
7.090300E+4 -2.171718E-1 -6.657876E-6
7.130300E+4 -2.272728E-1 -6.657876E-6
7.170300E+4 -2.373738E-1 -6.650430E-6
7.210300E+4 -2.474748E-1 -6.620645E-6
7.250300E+4 -2.575758E-1 -6.583413E-6
7.290300E+4 -2.676768E-1 -6.546182E-6
7.330300E+4 -2.777778E-1 -6.501504E-6
7.370300E+4 -2.878788E-1 -6.456826E-6
7.410300E+4 -2.979798E-1 -6.412149E-6
7.450300E+4 -3.080808E-1 -6.360025E-6
7.490300E+4 -3.181818E-1 -6.315347E-6
7.530300E+4 -3.282828E-1 -6.278116E-6
7.570300E+4 -3.383839E-1 -6.233437E-6
7.610300E+4 -3.484849E-1 -6.181314E-6
7.650300E+4 -3.585859E-1 -6.136636E-6
7.690300E+4 -3.686869E-1 -6.091958E-6
7.730300E+4 -3.787879E-1 -6.039834E-6
7.770300E+4 -3.888889E-1 -5.987710E-6
7.810300E+4 -3.989899E-1 -5.935586E-6
7.850300E+4 -4.090909E-1 -5.883463E-6
7.890300E+4 -4.191920E-1 -5.816446E-6
7.930300E+4 -4.292930E-1 -5.764321E-6
7.970300E+4 -4.393940E-1 -5.719644E-6
8.010300E+4 -4.494950E-1 -5.667519E-6
8.050300E+4 -4.595960E-1 -5.622842E-6
8.090300E+4 -4.696970E-1 -5.578164E-6
8.130300E+4 -4.797980E-1 -5.540933E-6
8.170300E+4 -4.898990E-1 -5.511148E-6
8.210300E+4 -5.000000E-1 -5.481362E-6
