9.020000E+2 -5.000000E-1 -2.167764E-5
1.302000E+3 -4.898990E-1 -1.951822E-5
1.702000E+3 -4.797980E-1 -1.713540E-5
2.102000E+3 -4.696970E-1 -1.505044E-5
2.502000E+3 -4.595959E-1 -1.326333E-5
2.902000E+3 -4.494949E-1 -1.162515E-5
3.302000E+3 -4.393939E-1 -1.021035E-5
3.702000E+3 -4.292929E-1 -9.018948E-6
4.202000E+3 -4.191919E-1 -7.700356E-6
4.602000E+3 -4.090909E-1 -6.903604E-6
5.002000E+3 -3.989899E-1 -6.084512E-6
5.402000E+3 -3.888889E-1 -5.354776E-6
5.802000E+3 -3.787879E-1 -4.751626E-6
6.202000E+3 -3.686869E-1 -4.185708E-6
6.602000E+3 -3.585859E-1 -3.671914E-6
7.002000E+3 -3.484849E-1 -3.210245E-6
7.402000E+3 -3.383839E-1 -2.793252E-6
7.802000E+3 -3.282828E-1 -2.406045E-6
8.202000E+3 -3.181818E-1 -2.033731E-6
8.602000E+3 -3.080808E-1 -1.698648E-6
9.002000E+3 -2.979798E-1 -1.385904E-6
9.402000E+3 -2.878788E-1 -1.095498E-6
9.901000E+3 -2.777778E-1 -9.092813E-7
1.030100E+4 -2.676768E-1 -5.600503E-7
1.070100E+4 -2.575758E-1 -2.890054E-7
1.120100E+4 -2.474747E-1 -1.369015E-7
1.230400E+4 -2.373737E-1 -1.355612E-7
1.280400E+4 -2.272727E-1 1.823447E-7
1.320400E+4 -2.171717E-1 5.427451E-7
1.360400E+4 -2.070707E-1 8.398520E-7
1.400400E+4 -1.969697E-1 1.123556E-6
1.440400E+4 -1.868687E-1 1.401302E-6
1.490400E+4 -1.767677E-1 1.577719E-6
1.530400E+4 -1.666667E-1 1.897910E-6
1.570400E+4 -1.565656E-1 2.165976E-6
1.610400E+4 -1.464646E-1 2.441489E-6
1.650400E+4 -1.363636E-1 2.702109E-6
1.690400E+4 -1.262626E-1 2.940390E-6
1.730400E+4 -1.161616E-1 3.201010E-6
1.770400E+4 -1.060606E-1 3.476523E-6
1.810400E+4 -9.595960E-2 3.744589E-6
1.850400E+4 -8.585858E-2 4.005210E-6
1.890400E+4 -7.575757E-2 4.265830E-6
1.930400E+4 -6.565656E-2 4.526450E-6
1.970400E+4 -5.555554E-2 4.779623E-6
2.010400E+4 -4.545453E-2 5.025351E-6
2.050400E+4 -3.535352E-2 5.271078E-6
2.090400E+4 -2.525250E-2 5.516806E-6
2.130400E+4 -1.515149E-2 5.747641E-6
2.170400E+4 -5.050506E-3 5.963584E-6
2.210400E+4 5.050506E-3 6.179526E-6
2.250400E+4 1.515155E-2 6.373130E-6
2.290400E+4 2.525256E-2 6.574179E-6
2.330400E+4 3.535357E-2 6.767782E-6
2.370400E+4 4.545453E-2 6.953940E-6
2.410400E+4 5.555554E-2 7.140097E-6
2.450400E+4 6.565656E-2 7.326254E-6
2.490400E+4 7.575757E-2 7.504965E-6
2.530400E+4 8.585858E-2 7.691123E-6
2.570400E+4 9.595960E-2 7.869834E-6
2.610400E+4 1.060606E-1 8.063437E-6
2.650400E+4 1.161616E-1 8.242148E-6
2.690400E+4 1.262626E-1 8.428306E-6
2.730400E+4 1.363636E-1 8.607016E-6
2.770400E+4 1.464647E-1 8.778281E-6
2.810400E+4 1.565657E-1 8.956992E-6
2.850400E+4 1.666667E-1 9.120810E-6
2.890400E+4 1.767677E-1 9.284629E-6
2.930400E+4 1.868687E-1 9.418663E-6
2.970400E+4 1.969697E-1 9.537803E-6
3.010400E+4 2.070707E-1 9.642051E-6
3.050400E+4 2.171718E-1 9.716514E-6
3.090400E+4 2.272728E-1 9.761191E-6
3.130400E+4 2.373738E-1 9.783530E-6
3.170400E+4 2.474748E-1 9.768637E-6
3.210400E+4 2.575758E-1 9.731406E-6
3.250400E+4 2.676768E-1 9.656943E-6
3.290400E+4 2.777778E-1 9.567588E-6
3.330400E+4 2.878788E-1 9.455894E-6
3.370400E+4 2.979798E-1 9.321860E-6
3.410400E+4 3.080808E-1 9.172934E-6
3.450400E+4 3.181818E-1 9.016562E-6
3.490400E+4 3.282828E-1 8.860190E-6
3.530400E+4 3.383839E-1 8.696372E-6
3.570400E+4 3.484849E-1 8.532554E-6
3.610400E+4 3.585859E-1 8.368736E-6
3.650400E+4 3.686869E-1 8.219809E-6
3.690400E+4 3.787879E-1 8.063437E-6
3.730400E+4 3.888889E-1 7.914511E-6
3.770400E+4 3.989899E-1 7.773032E-6
3.810400E+4 4.090909E-1 7.653892E-6
3.850400E+4 4.191920E-1 7.534751E-6
3.890400E+4 4.292930E-1 7.430502E-6
3.930400E+4 4.393940E-1 7.341147E-6
3.970400E+4 4.494950E-1 7.266684E-6
4.010400E+4 4.595960E-1 7.199668E-6
4.050400E+4 4.696970E-1 7.147543E-6
4.090400E+4 4.797980E-1 7.102866E-6
4.130400E+4 4.898990E-1 7.073081E-6
4.170400E+4 5.000000E-1 7.050742E-6
4.210400E+4 5.000000E-1 6.581625E-6
4.250400E+4 4.898990E-1 5.740195E-6
4.290400E+4 4.797980E-1 5.032798E-6
4.330400E+4 4.696970E-1 4.451987E-6
4.370400E+4 4.595959E-1 3.953086E-6
4.410400E+4 4.494949E-1 3.506308E-6
4.450400E+4 4.393939E-1 3.096762E-6
4.490400E+4 4.292929E-1 2.761679E-6
4.530400E+4 4.191919E-1 2.441489E-6
4.570400E+4 4.090909E-1 2.136191E-6
4.610400E+4 3.989899E-1 1.853232E-6
4.650400E+4 3.888889E-1 1.585166E-6
4.690400E+4 3.787879E-1 1.346884E-6
4.730400E+4 3.686869E-1 1.123496E-6
4.780400E+4 3.585859E-1 1.044625E-6
4.820400E+4 3.484849E-1 7.475180E-7
4.860400E+4 3.383839E-1 5.420004E-7
4.900400E+4 3.282828E-1 3.521201E-7
4.940400E+4 3.181818E-1 1.726645E-7
5.010500E+4 3.080808E-1 2.970176E-7
5.060500E+4 2.979798E-1 1.281119E-7
5.130600E+4 2.878788E-1 8.015781E-8
5.180500E+4 2.777778E-1 -1.311441E-7
5.220500E+4 2.676768E-1 -4.483560E-7
5.260500E+4 2.575758E-1 -6.695108E-7
5.300500E+4 2.474747E-1 -8.794961E-7
5.340500E+4 2.373737E-1 -1.084269E-6
5.380500E+4 2.272727E-1 -1.289787E-6
5.430500E+4 2.171717E-1 -1.348672E-6
5.470500E+4 2.070707E-1 -1.616739E-6
5.510500E+4 1.969697E-1 -1.832681E-6
5.550500E+4 1.868687E-1 -2.063516E-6
5.590500E+4 1.767677E-1 -2.286905E-6
5.630500E+4 1.666667E-1 -2.517740E-6
5.670500E+4 1.565656E-1 -2.748575E-6
5.710500E+4 1.464646E-1 -2.986856E-6
5.750500E+4 1.363636E-1 -3.232583E-6
5.790500E+4 1.262626E-1 -3.478311E-6
5.830500E+4 1.161616E-1 -3.724038E-6
5.870500E+4 1.060606E-1 -3.977212E-6
5.910500E+4 9.595960E-2 -4.230386E-6
5.950500E+4 8.585858E-2 -4.483560E-6
5.990500E+4 7.575757E-2 -4.729287E-6
6.030500E+4 6.565656E-2 -4.982461E-6
6.070500E+4 5.555554E-2 -5.205850E-6
6.110500E+4 4.545453E-2 -5.436685E-6
6.150500E+4 3.535352E-2 -5.674966E-6
6.190500E+4 2.525250E-2 -5.920694E-6
6.230500E+4 1.515149E-2 -6.151528E-6
6.270500E+4 5.050506E-3 -6.374917E-6
6.310500E+4 -5.050506E-3 -6.590860E-6
6.350500E+4 -1.515155E-2 -6.799356E-6
6.390500E+4 -2.525256E-2 -7.000406E-6
6.430500E+4 -3.535357E-2 -7.186563E-6
6.470500E+4 -4.545453E-2 -7.380166E-6
6.510500E+4 -5.555554E-2 -7.566323E-6
6.550500E+4 -6.565656E-2 -7.752480E-6
6.590500E+4 -7.575757E-2 -7.938637E-6
6.630500E+4 -8.585858E-2 -8.117348E-6
6.670500E+4 -9.595960E-2 -8.310953E-6
6.710500E+4 -1.060606E-1 -8.489663E-6
6.750500E+4 -1.161616E-1 -8.683267E-6
6.790500E+4 -1.262626E-1 -8.869424E-6
6.830500E+4 -1.363636E-1 -9.055581E-6
6.870500E+4 -1.464647E-1 -9.241739E-6
6.910500E+4 -1.565657E-1 -9.427896E-6
6.950500E+4 -1.666667E-1 -9.621499E-6
6.990500E+4 -1.767677E-1 -9.792763E-6
7.030500E+4 -1.868687E-1 -9.956581E-6
7.070500E+4 -1.969697E-1 -1.011295E-5
7.110500E+4 -2.070707E-1 -1.025443E-5
7.150500E+4 -2.171718E-1 -1.037357E-5
7.190500E+4 -2.272728E-1 -1.047782E-5
7.230500E+4 -2.373738E-1 -1.056718E-5
7.270500E+4 -2.474748E-1 -1.061930E-5
7.310500E+4 -2.575758E-1 -1.065653E-5
7.350500E+4 -2.676768E-1 -1.066398E-5
7.390500E+4 -2.777778E-1 -1.065653E-5
7.430500E+4 -2.878788E-1 -1.061186E-5
7.470500E+4 -2.979798E-1 -1.053739E-5
7.510500E+4 -3.080808E-1 -1.044059E-5
7.550500E+4 -3.181818E-1 -1.031400E-5
7.590500E+4 -3.282828E-1 -1.017997E-5
7.630500E+4 -3.383839E-1 -1.000871E-5
7.670500E+4 -3.484849E-1 -9.829995E-6
7.710500E+4 -3.585859E-1 -9.636391E-6
7.750500E+4 -3.686869E-1 -9.420449E-6
7.790500E+4 -3.787879E-1 -9.211953E-6
7.830500E+4 -3.888889E-1 -8.996010E-6
7.870500E+4 -3.989899E-1 -8.772622E-6
7.910500E+4 -4.090909E-1 -8.556680E-6
7.950500E+4 -4.191920E-1 -8.340738E-6
7.990500E+4 -4.292930E-1 -8.124795E-6
8.030500E+4 -4.393940E-1 -7.923745E-6
8.070500E+4 -4.494950E-1 -7.730141E-6
8.110500E+4 -4.595960E-1 -7.551431E-6
8.150500E+4 -4.696970E-1 -7.387613E-6
8.190500E+4 -4.797980E-1 -7.238687E-6
8.230500E+4 -4.898990E-1 -7.119546E-6
8.270500E+4 -5.000000E-1 -7.022744E-6
