9.020000E+2 -5.000000E-1 -1.378457E-5
1.302000E+3 -4.898990E-1 -1.229532E-5
1.702000E+3 -4.797980E-1 -1.073159E-5
2.102000E+3 -4.696970E-1 -9.391262E-6
2.602000E+3 -4.595959E-1 -7.998207E-6
3.002000E+3 -4.494949E-1 -7.261026E-6
3.402000E+3 -4.393939E-1 -6.501504E-6
3.802000E+3 -4.292929E-1 -5.838785E-6
4.202000E+3 -4.191919E-1 -5.250528E-6
4.602000E+3 -4.090909E-1 -4.788857E-6
5.002000E+3 -3.989899E-1 -4.334634E-6
5.402000E+3 -3.888889E-1 -3.932535E-6
5.802000E+3 -3.787879E-1 -3.575112E-6
6.202000E+3 -3.686869E-1 -3.240030E-6
6.602000E+3 -3.585859E-1 -2.927285E-6
7.002000E+3 -3.484849E-1 -2.644327E-6
7.402000E+3 -3.383839E-1 -2.376260E-6
7.802000E+3 -3.282828E-1 -2.123086E-6
8.202000E+3 -3.181818E-1 -1.862466E-6
8.602000E+3 -3.080808E-1 -1.639077E-6
9.002000E+3 -2.979798E-1 -1.423135E-6
9.402000E+3 -2.878788E-1 -1.214639E-6
9.802000E+3 -2.777778E-1 -1.013589E-6
1.030200E+4 -2.676768E-1 -8.832192E-7
1.070200E+4 -2.575758E-1 -6.434487E-7
1.110200E+4 -2.474747E-1 -4.491006E-7
1.150200E+4 -2.373737E-1 -2.584756E-7
1.220200E+4 -2.272727E-1 -2.063516E-7
1.270200E+4 -2.171717E-1 -1.872890E-8
1.320200E+4 -2.070707E-1 1.659629E-7
1.360200E+4 -1.969697E-1 4.072226E-7
1.400200E+4 -1.868687E-1 6.127402E-7
1.440200E+4 -1.767677E-1 8.063437E-7
1.480200E+4 -1.666667E-1 9.992026E-7
1.520200E+4 -1.565656E-1 1.188338E-6
1.560200E+4 -1.464646E-1 1.379708E-6
1.610200E+4 -1.363636E-1 1.518149E-6
1.650200E+4 -1.262626E-1 1.734091E-6
1.690200E+4 -1.161616E-1 1.920249E-6
1.730200E+4 -1.060606E-1 2.098960E-6
1.770200E+4 -9.595960E-2 2.285117E-6
1.810200E+4 -8.585858E-2 2.463828E-6
1.850200E+4 -7.575757E-2 2.635092E-6
1.890200E+4 -6.565656E-2 2.798911E-6
1.930200E+4 -5.555554E-2 2.947836E-6
1.970200E+4 -4.545453E-2 3.104208E-6
2.010200E+4 -3.535352E-2 3.268027E-6
2.050200E+4 -2.525250E-2 3.416953E-6
2.090200E+4 -1.515149E-2 3.565879E-6
2.130200E+4 -5.050506E-3 3.707358E-6
2.170200E+4 5.050506E-3 3.833945E-6
2.210200E+4 1.515155E-2 3.967978E-6
2.250200E+4 2.525256E-2 4.094565E-6
2.290200E+4 3.535357E-2 4.221152E-6
2.330200E+4 4.545453E-2 4.347738E-6
2.370200E+4 5.555554E-2 4.459433E-6
2.410200E+4 6.565656E-2 4.586020E-6
2.450200E+4 7.575757E-2 4.705160E-6
2.490200E+4 8.585858E-2 4.824301E-6
2.530200E+4 9.595960E-2 4.943442E-6
2.570200E+4 1.060606E-1 5.062583E-6
2.610200E+4 1.161616E-1 5.189170E-6
2.650200E+4 1.262626E-1 5.308310E-6
2.690200E+4 1.363636E-1 5.420004E-6
2.730200E+4 1.464647E-1 5.539145E-6
2.770200E+4 1.565657E-1 5.650839E-6
2.810200E+4 1.666667E-1 5.747641E-6
2.850200E+4 1.767677E-1 5.836996E-6
2.890200E+4 1.868687E-1 5.926352E-6
2.930200E+4 1.969697E-1 6.000815E-6
2.970200E+4 2.070707E-1 6.060385E-6
3.010200E+4 2.171718E-1 6.112509E-6
3.050200E+4 2.272728E-1 6.149741E-6
3.090200E+4 2.373738E-1 6.179526E-6
3.130200E+4 2.474748E-1 6.194419E-6
3.170200E+4 2.575758E-1 6.194419E-6
3.210200E+4 2.676768E-1 6.186972E-6
3.250200E+4 2.777778E-1 6.164633E-6
3.290200E+4 2.878788E-1 6.149741E-6
3.330200E+4 2.979798E-1 6.112509E-6
3.370200E+4 3.080808E-1 6.075278E-6
3.410200E+4 3.181818E-1 6.038047E-6
3.450200E+4 3.282828E-1 6.000815E-6
3.490200E+4 3.383839E-1 5.956137E-6
3.530200E+4 3.484849E-1 5.918906E-6
3.570200E+4 3.585859E-1 5.866782E-6
3.610200E+4 3.686869E-1 5.822104E-6
3.650200E+4 3.787879E-1 5.777426E-6
3.690200E+4 3.888889E-1 5.725302E-6
3.730200E+4 3.989899E-1 5.665732E-6
3.770200E+4 4.090909E-1 5.621054E-6
3.810200E+4 4.191920E-1 5.561484E-6
3.850200E+4 4.292930E-1 5.501914E-6
3.890200E+4 4.393940E-1 5.442344E-6
3.930200E+4 4.494950E-1 5.390219E-6
3.970200E+4 4.595960E-1 5.338095E-6
4.010200E+4 4.696970E-1 5.300864E-6
4.050200E+4 4.797980E-1 5.263632E-6
4.090200E+4 4.898990E-1 5.233847E-6
4.130200E+4 5.000000E-1 5.211508E-6
4.170200E+4 5.000000E-1 4.891318E-6
4.210200E+4 4.898990E-1 4.325400E-6
4.250200E+4 4.797980E-1 3.848837E-6
4.290200E+4 4.696970E-1 3.431845E-6
4.330200E+4 4.595959E-1 3.066977E-6
4.370200E+4 4.494949E-1 2.769125E-6
4.410200E+4 4.393939E-1 2.471274E-6
4.450200E+4 4.292929E-1 2.195761E-6
4.490200E+4 4.191919E-1 1.950034E-6
4.530200E+4 4.090909E-1 1.711753E-6
4.570200E+4 3.989899E-1 1.495810E-6
4.610200E+4 3.888889E-1 1.287314E-6
4.650200E+4 3.787879E-1 1.101157E-6
4.700200E+4 3.686869E-1 9.984579E-7
4.740200E+4 3.585859E-1 7.765586E-7
4.780200E+4 3.484849E-1 6.127402E-7
4.820200E+4 3.383839E-1 4.556235E-7
4.860200E+4 3.282828E-1 3.089316E-7
4.900200E+4 3.181818E-1 1.674521E-7
4.950200E+4 3.080808E-1 1.258036E-7
4.990200E+4 2.979798E-1 -7.167202E-8
5.040100E+4 2.878788E-1 -1.236978E-7
5.080100E+4 2.777778E-1 -3.202798E-7
5.120100E+4 2.676768E-1 -4.669717E-7
5.160100E+4 2.575758E-1 -6.062173E-7
5.200100E+4 2.474747E-1 -7.462075E-7
5.240100E+4 2.373737E-1 -8.869424E-7
5.280100E+4 2.272727E-1 -1.032890E-6
5.320100E+4 2.171717E-1 -1.175858E-6
5.360100E+4 2.070707E-1 -1.319572E-6
5.410100E+4 1.969697E-1 -1.385904E-6
5.450100E+4 1.868687E-1 -1.572061E-6
5.490100E+4 1.767677E-1 -1.728433E-6
5.530100E+4 1.666667E-1 -1.884805E-6
5.570100E+4 1.565656E-1 -2.048623E-6
5.610100E+4 1.464646E-1 -2.212442E-6
5.650100E+4 1.363636E-1 -2.376260E-6
5.690100E+4 1.262626E-1 -2.540078E-6
5.730100E+4 1.161616E-1 -2.703897E-6
5.770100E+4 1.060606E-1 -2.867715E-6
5.810100E+4 9.595960E-2 -3.031534E-6
5.850100E+4 8.585858E-2 -3.187906E-6
5.890100E+4 7.575757E-2 -3.344278E-6
5.930100E+4 6.565656E-2 -3.493204E-6
5.970100E+4 5.555554E-2 -3.649575E-6
6.010100E+4 4.545453E-2 -3.791055E-6
6.050100E+4 3.535352E-2 -3.932535E-6
6.090100E+4 2.525250E-2 -4.066568E-6
6.130100E+4 1.515149E-2 -4.200601E-6
6.170100E+4 5.050506E-3 -4.327188E-6
6.210100E+4 -5.050506E-3 -4.446329E-6
6.250100E+4 -1.515155E-2 -4.558023E-6
6.290100E+4 -2.525256E-2 -4.677163E-6
6.330100E+4 -3.535357E-2 -4.781411E-6
6.370100E+4 -4.545453E-2 -4.885660E-6
6.410100E+4 -5.555554E-2 -4.989908E-6
6.450100E+4 -6.565656E-2 -5.086709E-6
6.490100E+4 -7.575757E-2 -5.168618E-6
6.530100E+4 -8.585858E-2 -5.257973E-6
6.570100E+4 -9.595960E-2 -5.362222E-6
6.610100E+4 -1.060606E-1 -5.466470E-6
6.650100E+4 -1.161616E-1 -5.578164E-6
6.690100E+4 -1.262626E-1 -5.674966E-6
6.730100E+4 -1.363636E-1 -5.779214E-6
6.770100E+4 -1.464647E-1 -5.898355E-6
6.810100E+4 -1.565657E-1 -5.995157E-6
6.850100E+4 -1.666667E-1 -6.084512E-6
6.890100E+4 -1.767677E-1 -6.166421E-6
6.930100E+4 -1.868687E-1 -6.248330E-6
6.970100E+4 -1.969697E-1 -6.315347E-6
7.010100E+4 -2.070707E-1 -6.367471E-6
7.050100E+4 -2.171718E-1 -6.404703E-6
7.090100E+4 -2.272728E-1 -6.427041E-6
7.130100E+4 -2.373738E-1 -6.434488E-6
7.170100E+4 -2.474748E-1 -6.419595E-6
7.210100E+4 -2.575758E-1 -6.397256E-6
7.250100E+4 -2.676768E-1 -6.367471E-6
7.290100E+4 -2.777778E-1 -6.330240E-6
7.330100E+4 -2.878788E-1 -6.278116E-6
7.370100E+4 -2.979798E-1 -6.233437E-6
7.410100E+4 -3.080808E-1 -6.188760E-6
7.450100E+4 -3.181818E-1 -6.144082E-6
7.490100E+4 -3.282828E-1 -6.106851E-6
7.530100E+4 -3.383839E-1 -6.062173E-6
7.570100E+4 -3.484849E-1 -6.017495E-6
7.610100E+4 -3.585859E-1 -5.972818E-6
7.650100E+4 -3.686869E-1 -5.935586E-6
7.690100E+4 -3.787879E-1 -5.890908E-6
7.730100E+4 -3.888889E-1 -5.846231E-6
7.770100E+4 -3.989899E-1 -5.786660E-6
7.810100E+4 -4.090909E-1 -5.741982E-6
7.850100E+4 -4.191920E-1 -5.697305E-6
7.890100E+4 -4.292930E-1 -5.652627E-6
7.930100E+4 -4.393940E-1 -5.607949E-6
7.970100E+4 -4.494950E-1 -5.570718E-6
8.010100E+4 -4.595960E-1 -5.540933E-6
8.050100E+4 -4.696970E-1 -5.503702E-6
8.090100E+4 -4.797980E-1 -5.473917E-6
8.130100E+4 -4.898990E-1 -5.459024E-6
8.170100E+4 -5.000000E-1 -5.436685E-6
