1.103000E+3 -5.000000E-1 -6.918497E-6
1.503000E+3 -4.898990E-1 -6.062173E-6
1.903000E+3 -4.797980E-1 -5.213296E-6
2.303000E+3 -4.696970E-1 -4.572915E-6
2.703000E+3 -4.595959E-1 -4.014444E-6
3.103000E+3 -4.494949E-1 -3.545327E-6
3.503000E+3 -4.393939E-1 -3.135782E-6
3.903000E+3 -4.292929E-1 -2.778360E-6
4.303000E+3 -4.191919E-1 -2.458169E-6
4.703000E+3 -4.090909E-1 -2.167764E-6
5.103000E+3 -3.989899E-1 -1.899698E-6
5.503000E+3 -3.888889E-1 -1.661416E-6
5.903000E+3 -3.787879E-1 -1.445474E-6
6.303000E+3 -3.686869E-1 -1.251870E-6
6.703000E+3 -3.585859E-1 -1.065713E-6
7.103000E+3 -3.484849E-1 -8.870023E-7
7.603000E+3 -3.383839E-1 -8.057778E-7
8.003000E+3 -3.282828E-1 -5.898355E-7
8.403000E+3 -3.181818E-1 -4.267617E-7
8.803000E+3 -3.080808E-1 -2.748575E-7
9.203000E+3 -2.979798E-1 -1.259317E-7
9.703000E+3 -2.878788E-1 -7.591640E-8
1.010300E+4 -2.777778E-1 1.322074E-7
1.060300E+4 -2.676768E-1 2.061728E-7
1.100300E+4 -2.575758E-1 4.034995E-7
1.140300E+4 -2.474747E-1 5.576376E-7
1.180300E+4 -2.373737E-1 7.065634E-7
1.220300E+4 -2.272727E-1 8.584678E-7
1.260300E+4 -2.171717E-1 1.008883E-6
1.300300E+4 -2.070707E-1 1.158553E-6
1.340300E+4 -1.969697E-1 1.311947E-6
1.390300E+4 -1.868687E-1 1.406455E-6
1.430300E+4 -1.767677E-1 1.592612E-6
1.470300E+4 -1.666667E-1 1.771323E-6
1.510300E+4 -1.565656E-1 1.935141E-6
1.550300E+4 -1.464646E-1 2.106406E-6
1.590300E+4 -1.363636E-1 2.277671E-6
1.630300E+4 -1.262626E-1 2.448935E-6
1.670300E+4 -1.161616E-1 2.620200E-6
1.710300E+4 -1.060606E-1 2.784018E-6
1.750300E+4 -9.595960E-2 2.940390E-6
1.790300E+4 -8.585858E-2 3.111655E-6
1.830300E+4 -7.575757E-2 3.282920E-6
1.870300E+4 -6.565656E-2 3.454184E-6
1.910300E+4 -5.555554E-2 3.625449E-6
1.950300E+4 -4.545453E-2 3.789267E-6
1.990300E+4 -3.535352E-2 3.945639E-6
2.030300E+4 -2.525250E-2 4.094565E-6
2.070300E+4 -1.515149E-2 4.258383E-6
2.110300E+4 -5.050506E-3 4.392416E-6
2.150300E+4 5.050506E-3 4.533896E-6
2.190300E+4 1.515155E-2 4.667929E-6
2.230300E+4 2.525256E-2 4.801962E-6
2.270300E+4 3.535357E-2 4.928549E-6
2.310300E+4 4.545453E-2 5.055136E-6
2.350300E+4 5.555554E-2 5.189170E-6
2.390300E+4 6.565656E-2 5.323202E-6
2.430300E+4 7.575757E-2 5.449790E-6
2.470300E+4 8.585858E-2 5.591269E-6
2.510300E+4 9.595960E-2 5.717856E-6
2.550300E+4 1.060606E-1 5.851889E-6
2.590300E+4 1.161616E-1 5.993369E-6
2.630300E+4 1.262626E-1 6.134848E-6
2.670300E+4 1.363636E-1 6.268881E-6
2.710300E+4 1.464647E-1 6.402915E-6
2.750300E+4 1.565657E-1 6.536948E-6
2.790300E+4 1.666667E-1 6.670981E-6
2.830300E+4 1.767677E-1 6.790122E-6
2.870300E+4 1.868687E-1 6.916709E-6
2.910300E+4 1.969697E-1 7.035849E-6
2.950300E+4 2.070707E-1 7.154990E-6
2.990300E+4 2.171718E-1 7.251791E-6
3.030300E+4 2.272728E-1 7.348593E-6
3.070300E+4 2.373738E-1 7.430502E-6
3.110300E+4 2.474748E-1 7.497519E-6
3.150300E+4 2.575758E-1 7.549643E-6
3.190300E+4 2.676768E-1 7.586874E-6
3.230300E+4 2.777778E-1 7.616659E-6
3.270300E+4 2.878788E-1 7.624106E-6
3.310300E+4 2.979798E-1 7.609214E-6
3.350300E+4 3.080808E-1 7.586874E-6
3.390300E+4 3.181818E-1 7.549643E-6
3.430300E+4 3.282828E-1 7.497519E-6
3.470300E+4 3.383839E-1 7.430502E-6
3.510300E+4 3.484849E-1 7.363486E-6
3.550300E+4 3.585859E-1 7.281576E-6
3.590300E+4 3.686869E-1 7.207113E-6
3.630300E+4 3.787879E-1 7.117758E-6
3.670300E+4 3.888889E-1 7.020956E-6
3.710300E+4 3.989899E-1 6.924155E-6
3.750300E+4 4.090909E-1 6.834799E-6
3.790300E+4 4.191920E-1 6.737997E-6
3.830300E+4 4.292930E-1 6.633750E-6
3.870300E+4 4.393940E-1 6.529502E-6
3.910300E+4 4.494950E-1 6.432700E-6
3.950300E+4 4.595960E-1 6.321005E-6
3.990300E+4 4.696970E-1 6.231650E-6
4.030300E+4 4.797980E-1 6.134848E-6
4.070300E+4 4.898990E-1 6.045493E-6
4.110300E+4 5.000000E-1 5.956137E-6
4.150300E+4 5.000000E-1 5.576376E-6
4.190300E+4 4.898990E-1 4.935996E-6
4.230300E+4 4.797980E-1 4.407309E-6
4.270300E+4 4.696970E-1 3.960532E-6
4.310300E+4 4.595959E-1 3.558432E-6
4.350300E+4 4.494949E-1 3.193564E-6
4.390300E+4 4.393939E-1 2.873374E-6
4.430300E+4 4.292929E-1 2.605307E-6
4.470300E+4 4.191919E-1 2.337241E-6
4.510300E+4 4.090909E-1 2.084067E-6
4.550300E+4 3.989899E-1 1.845786E-6
4.590300E+4 3.888889E-1 1.614951E-6
4.630300E+4 3.787879E-1 1.413901E-6
4.670300E+4 3.686869E-1 1.220297E-6
4.710300E+4 3.585859E-1 1.034140E-6
4.760300E+4 3.484849E-1 9.366538E-7
4.800300E+4 3.383839E-1 7.169882E-7
4.840300E+4 3.282828E-1 5.487021E-7
4.880300E+4 3.181818E-1 3.863730E-7
4.920300E+4 3.080808E-1 2.359580E-7
4.990400E+4 2.979798E-1 2.486167E-7
5.040400E+4 2.878788E-1 9.959263E-8
5.080400E+4 2.777778E-1 -1.220834E-7
5.130300E+4 2.676768E-1 -2.234781E-7
5.170300E+4 2.575758E-1 -4.312295E-7
5.210300E+4 2.474747E-1 -5.935586E-7
5.250300E+4 2.373737E-1 -7.543985E-7
5.290300E+4 2.272727E-1 -9.167275E-7
5.330300E+4 2.171717E-1 -1.077567E-6
5.370300E+4 2.070707E-1 -1.237663E-6
5.410300E+4 1.969697E-1 -1.397758E-6
5.460300E+4 1.868687E-1 -1.490152E-6
5.500300E+4 1.767677E-1 -1.683755E-6
5.540300E+4 1.666667E-1 -1.847574E-6
5.580300E+4 1.565656E-1 -2.018838E-6
5.620300E+4 1.464646E-1 -2.204996E-6
5.660300E+4 1.363636E-1 -2.368814E-6
5.700300E+4 1.262626E-1 -2.547525E-6
5.740300E+4 1.161616E-1 -2.711343E-6
5.780300E+4 1.060606E-1 -2.882608E-6
5.820300E+4 9.595960E-2 -3.046426E-6
5.860300E+4 8.585858E-2 -3.210245E-6
5.900300E+4 7.575757E-2 -3.366617E-6
5.940300E+4 6.565656E-2 -3.522989E-6
5.980300E+4 5.555554E-2 -3.679361E-6
6.020300E+4 4.545453E-2 -3.820840E-6
6.060300E+4 3.535352E-2 -3.962320E-6
6.100300E+4 2.525250E-2 -4.096353E-6
6.140300E+4 1.515149E-2 -4.230386E-6
6.180300E+4 5.050506E-3 -4.356973E-6
6.220300E+4 -5.050506E-3 -4.491006E-6
6.260300E+4 -1.515155E-2 -4.610147E-6
6.300300E+4 -2.525256E-2 -4.729287E-6
6.340300E+4 -3.535357E-2 -4.848428E-6
6.380300E+4 -4.545453E-2 -4.952676E-6
6.420300E+4 -5.555554E-2 -5.071817E-6
6.460300E+4 -6.565656E-2 -5.168618E-6
6.500300E+4 -7.575757E-2 -5.272866E-6
6.540300E+4 -8.585858E-2 -5.399454E-6
6.580300E+4 -9.595960E-2 -5.526040E-6
6.620300E+4 -1.060606E-1 -5.652627E-6
6.660300E+4 -1.161616E-1 -5.779214E-6
6.700300E+4 -1.262626E-1 -5.928140E-6
6.740300E+4 -1.363636E-1 -6.054727E-6
6.780300E+4 -1.464647E-1 -6.181314E-6
6.820300E+4 -1.565657E-1 -6.322794E-6
6.860300E+4 -1.666667E-1 -6.441934E-6
6.900300E+4 -1.767677E-1 -6.561074E-6
6.940300E+4 -1.868687E-1 -6.672768E-6
6.980300E+4 -1.969697E-1 -6.777017E-6
7.020300E+4 -2.070707E-1 -6.873819E-6
7.060300E+4 -2.171718E-1 -6.948282E-6
7.100300E+4 -2.272728E-1 -7.007852E-6
7.140300E+4 -2.373738E-1 -7.052529E-6
7.180300E+4 -2.474748E-1 -7.082314E-6
7.220300E+4 -2.575758E-1 -7.082314E-6
7.260300E+4 -2.676768E-1 -7.067422E-6
7.300300E+4 -2.777778E-1 -7.037637E-6
7.340300E+4 -2.878788E-1 -6.985513E-6
7.380300E+4 -2.979798E-1 -6.918497E-6
7.420300E+4 -3.080808E-1 -6.844034E-6
7.460300E+4 -3.181818E-1 -6.769571E-6
7.500300E+4 -3.282828E-1 -6.695108E-6
7.540300E+4 -3.383839E-1 -6.613198E-6
7.580300E+4 -3.484849E-1 -6.538736E-6
7.620300E+4 -3.585859E-1 -6.464273E-6
7.660300E+4 -3.686869E-1 -6.397256E-6
7.700300E+4 -3.787879E-1 -6.330240E-6
7.740300E+4 -3.888889E-1 -6.248330E-6
7.780300E+4 -3.989899E-1 -6.181314E-6
7.820300E+4 -4.090909E-1 -6.114297E-6
7.860300E+4 -4.191920E-1 -6.047280E-6
7.900300E+4 -4.292930E-1 -5.980264E-6
7.940300E+4 -4.393940E-1 -5.920694E-6
7.980300E+4 -4.494950E-1 -5.861123E-6
8.020300E+4 -4.595960E-1 -5.786660E-6
8.060300E+4 -4.696970E-1 -5.727090E-6
8.100300E+4 -4.797980E-1 -5.674966E-6
8.140300E+4 -4.898990E-1 -5.630288E-6
8.180300E+4 -5.000000E-1 -5.593057E-6
