2.759000E+3 -7.621831E-3 -7.075497E-11
3.759000E+3 -7.636834E-3 -3.853603E-9
4.759000E+3 -7.681845E-3 -7.323574E-9
5.759000E+3 -7.711852E-3 -1.086056E-8
6.759000E+3 -7.771867E-3 -1.330294E-8
7.759000E+3 -7.846885E-3 -1.865444E-8
8.759000E+3 -7.891895E-3 -2.364345E-8
9.759000E+3 -8.011924E-3 -3.332363E-8
1.075900E+4 -8.131954E-3 -4.732265E-8
1.175900E+4 -8.296994E-3 -6.266200E-8
1.275900E+4 -8.432026E-3 -8.120326E-8
1.375900E+4 -8.612068E-3 -9.624476E-8
1.475900E+4 -8.777109E-3 -1.103183E-7
1.575900E+4 -8.942148E-3 -1.163497E-7
1.675900E+4 -9.092184E-3 -1.163497E-7
1.775900E+4 -9.257223E-3 -1.240939E-7
1.875900E+4 -9.437267E-3 -1.331784E-7
1.975900E+4 -9.722336E-3 -1.616739E-7
2.075900E+4 -9.917382E-3 -1.720987E-7
2.175900E+4 -1.014244E-2 -1.765664E-7
2.275900E+4 -1.026247E-2 -1.527383E-7
2.375900E+4 -1.035249E-2 -1.348672E-7
2.475900E+4 -1.041250E-2 -1.199746E-7
2.575900E+4 -1.047252E-2 -1.065713E-7
2.675900E+4 -1.048752E-2 -9.689114E-8
2.775900E+4 -1.051753E-2 -8.944485E-8
2.875900E+4 -1.056254E-2 -8.224574E-8
2.975900E+4 -1.057754E-2 -7.554409E-8
3.075900E+4 -1.059255E-2 -6.586392E-8
3.175900E+4 -1.056254E-2 -5.566249E-8
3.275900E+4 -1.044251E-2 -4.099331E-8
3.375900E+4 -1.038249E-2 -2.967495E-8
3.475900E+4 -1.041250E-2 -3.086635E-8
3.575900E+4 -1.053253E-2 -4.352504E-8
3.675900E+4 -1.065256E-2 -5.514126E-8
3.775900E+4 -1.075758E-2 -6.742764E-8
3.875900E+4 -1.087761E-2 -7.829922E-8
3.975900E+4 -1.099764E-2 -8.514979E-8
4.075900E+4 -1.108766E-2 -8.686244E-8
4.175900E+4 -1.122270E-2 -9.200038E-8
4.275900E+4 -1.135773E-2 -1.046591E-7
4.375900E+4 -1.152277E-2 -1.191793E-7
4.475900E+4 -1.171781E-2 -1.337741E-7
4.575900E+4 -1.188285E-2 -1.375717E-7
4.675900E+4 -1.197288E-2 -1.220089E-7
4.775900E+4 -1.201789E-2 -1.084567E-7
4.875900E+4 -1.206290E-2 -9.631923E-8
4.975900E+4 -1.209291E-2 -8.663906E-8
5.075900E+4 -1.210791E-2 -7.896938E-8
5.175900E+4 -1.212291E-2 -7.271449E-8
5.275900E+4 -1.213792E-2 -6.779995E-8
5.375900E+4 -1.213792E-2 -6.020473E-8
5.475900E+4 -1.212291E-2 -5.141811E-8
5.575900E+4 -1.207790E-2 -4.278042E-8
5.675900E+4 -1.194287E-2 -3.004726E-8
5.775900E+4 -1.189786E-2 -2.342007E-8
5.875900E+4 -1.192787E-2 -2.632412E-8
5.975900E+4 -1.206290E-2 -3.838710E-8
6.075900E+4 -1.216792E-2 -4.903530E-8
6.175900E+4 -1.225794E-2 -5.916225E-8
6.275900E+4 -1.236297E-2 -6.802333E-8
6.375900E+4 -1.245299E-2 -7.331020E-8
6.475900E+4 -1.255802E-2 -7.606533E-8
6.575900E+4 -1.266304E-2 -8.313930E-8
6.675900E+4 -1.279807E-2 -9.371303E-8
6.775900E+4 -1.297812E-2 -1.053292E-7
6.875900E+4 -1.314316E-2 -1.175412E-7
6.975900E+4 -1.327819E-2 -1.159774E-7
7.075900E+4 -1.333820E-2 -1.039889E-7
7.175900E+4 -1.338321E-2 -9.237269E-8
7.275900E+4 -1.339822E-2 -8.232021E-8
7.375900E+4 -1.342823E-2 -7.442715E-8
7.475900E+4 -1.342823E-2 -6.779995E-8
7.575900E+4 -1.344323E-2 -6.303432E-8
7.675900E+4 -1.344323E-2 -5.826870E-8
7.775900E+4 -1.344323E-2 -5.126919E-8
7.875900E+4 -1.341322E-2 -4.359951E-8
7.975900E+4 -1.335321E-2 -3.481289E-8
8.075900E+4 -1.321818E-2 -2.401577E-8
8.175900E+4 -1.318817E-2 -1.999477E-8
8.275900E+4 -1.326319E-2 -2.706875E-8
8.375900E+4 -1.338321E-2 -3.771694E-8
8.475900E+4 -1.347324E-2 -4.687588E-8
8.575900E+4 -1.354825E-2 -5.558803E-8
8.675900E+4 -1.363828E-2 -6.363003E-8
8.775900E+4 -1.372830E-2 -6.727871E-8
8.875900E+4 -1.381832E-2 -6.981045E-8
8.975900E+4 -1.392334E-2 -7.770350E-8
9.075900E+4 -1.405838E-2 -8.790492E-8
9.175900E+4 -1.419341E-2 -9.885097E-8
9.275900E+4 -1.435845E-2 -1.109140E-7
9.375900E+4 -1.444847E-2 -1.032443E-7
9.475900E+4 -1.450848E-2 -9.110683E-8
9.575900E+4 -1.453849E-2 -8.105434E-8
9.675900E+4 -1.453849E-2 -7.249111E-8
9.775900E+4 -1.455350E-2 -6.608730E-8
9.875900E+4 -1.455350E-2 -6.035366E-8
9.975900E+4 -1.456850E-2 -5.618374E-8
1.007590E+5 -1.456850E-2 -5.141811E-8
1.017590E+5 -1.455350E-2 -4.456752E-8
1.027590E+5 -1.452349E-2 -3.741909E-8
1.037590E+5 -1.441846E-2 -2.796230E-8
1.047590E+5 -1.432844E-2 -1.969692E-8
1.057590E+5 -1.431344E-2 -1.925014E-8
1.067590E+5 -1.443347E-2 -2.967495E-8
1.077590E+5 -1.453849E-2 -3.853603E-8
1.087590E+5 -1.461351E-2 -4.739712E-8
1.097590E+5 -1.470353E-2 -5.506680E-8
1.107590E+5 -1.479355E-2 -6.102383E-8
1.117590E+5 -1.486857E-2 -6.288540E-8
1.127590E+5 -1.495859E-2 -6.631069E-8
1.137590E+5 -1.507862E-2 -7.524624E-8
1.147590E+5 -1.519865E-2 -8.470302E-8
1.157590E+5 -1.533368E-2 -9.587245E-8
1.167590E+5 -1.546872E-2 -1.031698E-7
1.177590E+5 -1.552873E-2 -9.095790E-8
1.187590E+5 -1.555874E-2 -8.001186E-8
1.197590E+5 -1.558874E-2 -7.092738E-8
1.207590E+5 -1.558874E-2 -6.400234E-8
1.217590E+5 -1.558874E-2 -5.834316E-8
1.227590E+5 -1.558874E-2 -5.402432E-8
1.237590E+5 -1.560375E-2 -5.059902E-8
1.247590E+5 -1.558874E-2 -4.501430E-8
1.257590E+5 -1.557374E-2 -3.838710E-8
1.267590E+5 -1.551373E-2 -3.168545E-8
1.277590E+5 -1.539370E-2 -2.133510E-8
1.287590E+5 -1.534869E-2 -1.716518E-8
1.297590E+5 -1.540870E-2 -2.185634E-8
1.307590E+5 -1.551373E-2 -3.161098E-8
1.317590E+5 -1.560375E-2 -3.942959E-8
1.327590E+5 -1.567877E-2 -4.829067E-8
1.337590E+5 -1.575379E-2 -5.462002E-8
1.347590E+5 -1.582880E-2 -5.737515E-8
1.357590E+5 -1.590382E-2 -5.975795E-8
1.367590E+5 -1.600884E-2 -6.623623E-8
1.377590E+5 -1.611387E-2 -7.383144E-8
1.387590E+5 -1.624890E-2 -8.373500E-8
1.397590E+5 -1.638393E-2 -9.505337E-8
1.407590E+5 -1.647396E-2 -9.051112E-8
1.417590E+5 -1.653397E-2 -8.165004E-8
1.427590E+5 -1.654897E-2 -7.182094E-8
1.437590E+5 -1.656398E-2 -6.325772E-8
1.447590E+5 -1.656398E-2 -5.722622E-8
1.457590E+5 -1.656398E-2 -5.253506E-8
1.467590E+5 -1.656398E-2 -4.896084E-8
1.477590E+5 -1.656398E-2 -4.486538E-8
1.487590E+5 -1.654897E-2 -3.928066E-8
1.497590E+5 -1.651897E-2 -3.339809E-8
1.507590E+5 -1.644395E-2 -2.543056E-8
1.517590E+5 -1.632392E-2 -1.746303E-8
1.527590E+5 -1.629391E-2 -1.575039E-8
1.537590E+5 -1.629391E-2 -1.522915E-8
1.547590E+5 -1.629391E-2 -1.485683E-8
1.557590E+5 -1.627891E-2 -1.463344E-8
1.567590E+5 -1.627891E-2 -1.448452E-8
1.577590E+5 -1.626391E-2 -1.418667E-8
1.587590E+5 -1.626391E-2 -1.411220E-8
1.597590E+5 -1.626391E-2 -1.396328E-8
