2.558000E+3 8.776790E-4 -1.396328E-8
3.558000E+3 8.626044E-4 -1.530361E-8
4.558000E+3 8.374800E-4 -1.679287E-8
5.558000E+3 8.207304E-4 -1.746303E-8
6.558000E+3 8.006309E-4 -1.969692E-8
7.558000E+3 7.755065E-4 -2.118618E-8
8.558000E+3 7.436822E-4 -2.446255E-8
9.558000E+3 7.135329E-4 -2.662197E-8
1.055800E+4 6.649591E-4 -2.937710E-8
1.155800E+4 6.130353E-4 -3.257900E-8
1.255800E+4 5.024880E-4 -4.508876E-8
1.355800E+4 3.383419E-4 -7.100185E-8
1.455800E+4 4.199707E-5 -1.250619E-7
1.555800E+4 -3.079785E-4 -1.840127E-7
1.655800E+4 -5.197510E-4 -2.182657E-7
1.755800E+4 -1.046850E-3 -2.703897E-7
1.855800E+4 -1.398592E-3 -2.994302E-7
1.955800E+4 -1.788857E-3 -3.158121E-7
2.055800E+4 -2.179123E-3 -3.284707E-7
2.155800E+4 -2.622987E-3 -3.530435E-7
2.255800E+4 -3.122125E-3 -3.820840E-7
2.355800E+4 -3.855926E-3 -4.349527E-7
2.455800E+4 -4.321038E-3 -4.632486E-7
2.555800E+4 -4.801153E-3 -4.453775E-7
2.655800E+4 -5.146237E-3 -3.999551E-7
2.755800E+4 -5.401297E-3 -3.545327E-7
2.855800E+4 -5.611348E-3 -3.120889E-7
2.955800E+4 -5.776388E-3 -2.793252E-7
3.055800E+4 -5.926424E-3 -2.525186E-7
3.155800E+4 -6.031449E-3 -2.286905E-7
3.255800E+4 -6.061456E-3 -1.981607E-7
3.355800E+4 -6.106467E-3 -1.691201E-7
3.455800E+4 -6.136474E-3 -1.385904E-7
3.555800E+4 -6.046453E-3 -9.316800E-8
3.655800E+4 -5.866409E-3 -5.216274E-8
3.755800E+4 -5.851406E-3 -5.253506E-8
3.855800E+4 -6.016445E-3 -8.954311E-8
3.955800E+4 -6.211492E-3 -1.278915E-7
4.055800E+4 -6.451550E-3 -1.661416E-7
4.155800E+4 -6.646597E-3 -1.877359E-7
4.255800E+4 -6.901658E-3 -2.137979E-7
4.355800E+4 -7.186726E-3 -2.279458E-7
4.455800E+4 -7.486798E-3 -2.420938E-7
4.555800E+4 -7.831882E-3 -2.711343E-7
4.655800E+4 -8.221976E-3 -3.031534E-7
4.755800E+4 -8.672084E-3 -3.374063E-7
4.855800E+4 -9.077181E-3 -3.448526E-7
4.955800E+4 -9.362249E-3 -3.195352E-7
5.055800E+4 -9.557296E-3 -2.837930E-7
5.155800E+4 -9.707332E-3 -2.487955E-7
5.255800E+4 -9.827361E-3 -2.227334E-7
5.355800E+4 -9.932386E-3 -2.011392E-7
5.455800E+4 -1.000740E-2 -1.832681E-7
5.555800E+4 -1.000740E-2 -1.616739E-7
5.655800E+4 -1.000740E-2 -1.371011E-7
5.755800E+4 -9.992400E-3 -1.140176E-7
5.855800E+4 -9.872372E-3 -7.427822E-8
5.955800E+4 -9.737339E-3 -4.985439E-8
6.055800E+4 -9.662321E-3 -4.233364E-8
6.155800E+4 -9.767346E-3 -6.720424E-8
6.255800E+4 -9.917382E-3 -9.989345E-8
6.355800E+4 -1.008242E-2 -1.239450E-7
6.455800E+4 -1.033748E-2 -1.564615E-7
6.555800E+4 -1.053253E-2 -1.706094E-7
6.655800E+4 -1.078759E-2 -1.825235E-7
6.755800E+4 -1.101265E-2 -1.944375E-7
6.855800E+4 -1.129771E-2 -2.182657E-7
6.955800E+4 -1.162779E-2 -2.443277E-7
7.055800E+4 -1.200288E-2 -2.785806E-7
7.155800E+4 -1.237797E-2 -2.986856E-7
7.255800E+4 -1.264804E-2 -2.770913E-7
7.355800E+4 -1.282808E-2 -2.443277E-7
7.455800E+4 -1.296311E-2 -2.145425E-7
7.555800E+4 -1.306814E-2 -1.899698E-7
7.655800E+4 -1.315816E-2 -1.735879E-7
7.755800E+4 -1.320317E-2 -1.579507E-7
7.855800E+4 -1.321818E-2 -1.400796E-7
7.955800E+4 -1.318817E-2 -1.192300E-7
8.055800E+4 -1.315816E-2 -9.986966E-8
8.155800E+4 -1.305314E-2 -6.936367E-8
8.255800E+4 -1.291810E-2 -4.747158E-8
8.355800E+4 -1.278307E-2 -3.838710E-8
8.455800E+4 -1.290310E-2 -5.782192E-8
8.555800E+4 -1.305314E-2 -8.753261E-8
8.655800E+4 -1.320317E-2 -1.097970E-7
8.755800E+4 -1.338321E-2 -1.301999E-7
8.855800E+4 -1.365328E-2 -1.549722E-7
8.955800E+4 -1.383332E-2 -1.609292E-7
9.055800E+4 -1.402837E-2 -1.713540E-7
9.155800E+4 -1.426843E-2 -1.899698E-7
9.255800E+4 -1.456850E-2 -2.145425E-7
9.355800E+4 -1.491358E-2 -2.450723E-7
9.455800E+4 -1.527367E-2 -2.696451E-7
9.555800E+4 -1.551373E-2 -2.495401E-7
9.655800E+4 -1.566376E-2 -2.197549E-7
9.755800E+4 -1.576879E-2 -1.914590E-7
9.855800E+4 -1.584381E-2 -1.706094E-7
9.955800E+4 -1.593383E-2 -1.557168E-7
1.005580E+5 -1.597884E-2 -1.423135E-7
1.015580E+5 -1.599384E-2 -1.274209E-7
1.025580E+5 -1.594883E-2 -1.080606E-7
1.035580E+5 -1.591882E-2 -9.167874E-8
1.045580E+5 -1.581380E-2 -6.474697E-8
1.055580E+5 -1.569377E-2 -4.501430E-8
1.065580E+5 -1.558874E-2 -3.622768E-8
1.075580E+5 -1.567877E-2 -5.424770E-8
1.085580E+5 -1.581380E-2 -8.083095E-8
1.095580E+5 -1.594883E-2 -1.005636E-7
1.105580E+5 -1.611387E-2 -1.194027E-7
1.115580E+5 -1.635393E-2 -1.369760E-7
1.125580E+5 -1.659399E-2 -1.527383E-7
1.135580E+5 -1.674402E-2 -1.564615E-7
1.145580E+5 -1.695407E-2 -1.728433E-7
1.155580E+5 -1.722414E-2 -1.936929E-7
1.165580E+5 -1.755422E-2 -2.242227E-7
1.175580E+5 -1.789930E-2 -2.473062E-7
1.185580E+5 -1.813936E-2 -2.301797E-7
1.195580E+5 -1.828939E-2 -2.003946E-7
1.205580E+5 -1.837942E-2 -1.750772E-7
1.215580E+5 -1.845443E-2 -1.557168E-7
1.225580E+5 -1.854446E-2 -1.423135E-7
1.235580E+5 -1.858946E-2 -1.303994E-7
1.245580E+5 -1.858946E-2 -1.169961E-7
1.255580E+5 -1.852945E-2 -9.912502E-8
1.265580E+5 -1.849944E-2 -8.127773E-8
1.275580E+5 -1.842443E-2 -6.497036E-8
1.285580E+5 -1.827439E-2 -4.240810E-8
1.295580E+5 -1.815436E-2 -3.518520E-8
1.305580E+5 -1.827439E-2 -5.439663E-8
1.315580E+5 -1.840942E-2 -7.949061E-8
1.325580E+5 -1.854446E-2 -9.594692E-8
1.335580E+5 -1.872450E-2 -1.136691E-7
1.345580E+5 -1.894955E-2 -1.300509E-7
1.355580E+5 -1.915960E-2 -1.383908E-7
1.365580E+5 -1.939966E-2 -1.527383E-7
1.375580E+5 -1.956470E-2 -1.639077E-7
1.385580E+5 -1.983476E-2 -1.840127E-7
1.395580E+5 -2.016484E-2 -2.130533E-7
1.405580E+5 -2.047992E-2 -2.309244E-7
1.415580E+5 -2.070497E-2 -2.145425E-7
1.425580E+5 -2.085501E-2 -1.855020E-7
1.435580E+5 -2.093003E-2 -1.616739E-7
1.445580E+5 -2.102005E-2 -1.445474E-7
1.455580E+5 -2.106506E-2 -1.333780E-7
1.465580E+5 -2.111007E-2 -1.222085E-7
1.475580E+5 -2.111007E-2 -1.088052E-7
1.485580E+5 -2.106506E-2 -9.242337E-8
1.495580E+5 -2.102005E-2 -7.628871E-8
1.505580E+5 -2.094503E-2 -6.050259E-8
1.515580E+5 -2.079500E-2 -3.883388E-8
1.525580E+5 -2.070497E-2 -3.354702E-8
1.535580E+5 -2.065996E-2 -3.295132E-8
1.545580E+5 -2.062996E-2 -3.272793E-8
1.555580E+5 -2.059995E-2 -3.235561E-8
1.565580E+5 -2.056994E-2 -3.213222E-8
1.575580E+5 -2.053993E-2 -3.205776E-8
1.585580E+5 -2.052493E-2 -3.175991E-8
1.595580E+5 -2.049492E-2 -3.161098E-8
1.605580E+5 -2.049492E-2 -3.153652E-8
1.615580E+5 -2.047992E-2 -3.153652E-8
1.625580E+5 -2.046492E-2 -3.146206E-8
1.635580E+5 -2.044991E-2 -3.138759E-8
1.645580E+5 -2.043491E-2 -3.131313E-8
