2.156000E+3 -4.598871E-2 -1.701626E-8
3.156000E+3 -4.613803E-2 -2.453701E-8
4.156000E+3 -4.628734E-2 -3.488735E-8
5.156000E+3 -4.658597E-2 -5.439663E-8
6.156000E+3 -4.688460E-2 -7.338467E-8
7.156000E+3 -4.718322E-2 -9.296840E-8
8.156000E+3 -4.763117E-2 -1.147116E-7
9.156000E+3 -4.807911E-2 -1.328805E-7
1.015600E+4 -4.882568E-2 -1.534829E-7
1.115600E+4 -4.927362E-2 -1.542276E-7
1.215600E+4 -4.972156E-2 -1.586953E-7
1.315600E+4 -5.031881E-2 -1.743325E-7
1.415600E+4 -5.091607E-2 -1.929483E-7
1.515600E+4 -5.151333E-2 -2.152871E-7
1.615600E+4 -5.225990E-2 -2.368814E-7
1.715600E+4 -5.315578E-2 -2.577310E-7
1.815600E+4 -5.375304E-2 -2.316690E-7
1.915600E+4 -5.420098E-2 -2.063516E-7
2.015600E+4 -5.464892E-2 -1.832681E-7
2.115600E+4 -5.494755E-2 -1.646524E-7
2.215600E+4 -5.509686E-2 -1.490152E-7
2.315600E+4 -5.539549E-2 -1.378457E-7
2.415600E+4 -5.554480E-2 -1.296548E-7
2.515600E+4 -5.569412E-2 -1.214639E-7
2.615600E+4 -5.584343E-2 -1.035928E-7
2.715600E+4 -5.584343E-2 -8.075649E-8
2.815600E+4 -5.569412E-2 -6.668301E-8
2.915600E+4 -5.569412E-2 -5.432216E-8
3.015600E+4 -5.554480E-2 -4.479092E-8
3.115600E+4 -5.569412E-2 -5.759853E-8
3.215600E+4 -5.569412E-2 -7.435268E-8
3.315600E+4 -5.599275E-2 -9.214931E-8
3.415600E+4 -5.629138E-2 -1.079354E-7
3.515600E+4 -5.659000E-2 -1.173178E-7
3.615600E+4 -5.688863E-2 -1.202963E-7
3.715600E+4 -5.718726E-2 -1.243917E-7
3.815600E+4 -5.748589E-2 -1.351144E-7
3.915600E+4 -5.808314E-2 -1.534829E-7
4.015600E+4 -5.838177E-2 -1.639077E-7
4.115600E+4 -5.882971E-2 -1.788003E-7
4.215600E+4 -5.927766E-2 -1.691201E-7
4.315600E+4 -5.957628E-2 -1.519937E-7
4.415600E+4 -5.987491E-2 -1.371011E-7
4.515600E+4 -6.002422E-2 -1.244424E-7
4.615600E+4 -6.017354E-2 -1.132730E-7
4.715600E+4 -6.032285E-2 -1.043374E-7
4.815600E+4 -6.032285E-2 -9.763577E-8
4.915600E+4 -6.047217E-2 -9.093412E-8
5.015600E+4 -6.047217E-2 -7.770350E-8
5.115600E+4 -6.032285E-2 -6.675747E-8
5.215600E+4 -6.032285E-2 -5.112026E-8
5.315600E+4 -6.017354E-2 -3.957851E-8
5.415600E+4 -6.002422E-2 -3.302578E-8
5.515600E+4 -6.002422E-2 -4.441860E-8
5.615600E+4 -6.017354E-2 -5.841762E-8
5.715600E+4 -6.032285E-2 -7.360805E-8
5.815600E+4 -6.062148E-2 -8.641567E-8
5.915600E+4 -6.077079E-2 -9.490444E-8
6.015600E+4 -6.106942E-2 -9.728725E-8
6.115600E+4 -6.121874E-2 -1.001913E-7
6.215600E+4 -6.151737E-2 -1.094247E-7
6.315600E+4 -6.181599E-2 -1.191793E-7
6.415600E+4 -6.211462E-2 -1.320614E-7
6.515600E+4 -6.271188E-2 -1.505044E-7
6.615600E+4 -6.286119E-2 -1.400796E-7
6.715600E+4 -6.315982E-2 -1.266763E-7
6.815600E+4 -6.330913E-2 -1.140176E-7
6.915600E+4 -6.345845E-2 -1.028482E-7
7.015600E+4 -6.360776E-2 -9.465726E-8
7.115600E+4 -6.360776E-2 -8.721097E-8
7.215600E+4 -6.375708E-2 -8.075649E-8
7.315600E+4 -6.375708E-2 -7.673549E-8
7.415600E+4 -6.375708E-2 -6.839565E-8
7.515600E+4 -6.360776E-2 -5.663052E-8
7.615600E+4 -6.345845E-2 -4.434414E-8
7.715600E+4 -6.330913E-2 -3.347256E-8
7.815600E+4 -6.315982E-2 -2.803676E-8
7.915600E+4 -6.315982E-2 -3.794033E-8
8.015600E+4 -6.330913E-2 -5.082241E-8
8.115600E+4 -6.360776E-2 -6.437465E-8
8.215600E+4 -6.375708E-2 -7.569301E-8
8.315600E+4 -6.390639E-2 -8.373500E-8
8.415600E+4 -6.405570E-2 -8.567104E-8
8.515600E+4 -6.435433E-2 -8.820277E-8
8.615600E+4 -6.450365E-2 -9.646816E-8
8.715600E+4 -6.480227E-2 -1.049569E-7
8.815600E+4 -6.510090E-2 -1.151583E-7
8.915600E+4 -6.539954E-2 -1.285617E-7
9.015600E+4 -6.569816E-2 -1.244662E-7
9.115600E+4 -6.599679E-2 -1.129245E-7
9.215600E+4 -6.599679E-2 -1.016806E-7
9.315600E+4 -6.599679E-2 -9.155360E-8
9.415600E+4 -6.614611E-2 -8.410731E-8
9.515600E+4 -6.614611E-2 -7.792690E-8
9.615600E+4 -6.629542E-2 -7.323574E-8
9.715600E+4 -6.614611E-2 -6.861904E-8
9.815600E+4 -6.629542E-2 -6.102383E-8
9.915600E+4 -6.599679E-2 -5.089687E-8
1.001560E+5 -6.614611E-2 -3.957851E-8
1.011560E+5 -6.599679E-2 -2.960049E-8
1.021560E+5 -6.584747E-2 -2.505825E-8
1.031560E+5 -6.584747E-2 -3.414272E-8
1.041560E+5 -6.599679E-2 -4.650356E-8
1.051560E+5 -6.614611E-2 -5.923672E-8
1.061560E+5 -6.599679E-2 -6.928921E-8
1.071560E+5 -6.629542E-2 -7.621426E-8
1.081560E+5 -6.644473E-2 -7.815029E-8
1.091560E+5 -6.644473E-2 -8.038417E-8
1.101560E+5 -6.659404E-2 -8.775599E-8
1.111560E+5 -6.674336E-2 -9.587245E-8
1.121560E+5 -6.704199E-2 -1.059249E-7
1.131560E+5 -6.719130E-2 -1.177645E-7
1.141560E+5 -6.748993E-2 -1.138925E-7
1.151560E+5 -6.763924E-2 -1.029464E-7
1.161560E+5 -6.778856E-2 -9.200038E-8
1.171560E+5 -6.778856E-2 -8.373500E-8
1.181560E+5 -6.778856E-2 -7.703334E-8
1.191560E+5 -6.793787E-2 -7.137417E-8
1.201560E+5 -6.793787E-2 -6.705532E-8
1.211560E+5 -6.793787E-2 -6.281093E-8
1.221560E+5 -6.793787E-2 -5.566249E-8
1.231560E+5 -6.778856E-2 -4.672695E-8
1.241560E+5 -6.778856E-2 -3.585537E-8
1.251560E+5 -6.748993E-2 -2.669643E-8
1.261560E+5 -6.734061E-2 -2.319668E-8
1.271560E+5 -6.748993E-2 -3.257900E-8
1.281560E+5 -6.748993E-2 -4.426968E-8
1.291560E+5 -6.763924E-2 -5.566249E-8
1.301560E+5 -6.778856E-2 -6.556606E-8
1.311560E+5 -6.793787E-2 -7.152310E-8
1.321560E+5 -6.823649E-2 -7.308681E-8
1.331560E+5 -6.838581E-2 -7.569301E-8
1.341560E+5 -6.853512E-2 -8.239467E-8
1.351560E+5 -6.883375E-2 -8.961756E-8
1.361560E+5 -6.898306E-2 -9.899989E-8
1.371560E+5 -6.943101E-2 -1.104672E-7
1.381560E+5 -6.958032E-2 -1.052548E-7
1.391560E+5 -6.972963E-2 -9.475551E-8
1.401560E+5 -6.987895E-2 -8.544765E-8
1.411560E+5 -6.987895E-2 -7.748012E-8
1.421560E+5 -6.987895E-2 -7.144863E-8
1.431560E+5 -7.002826E-2 -6.631069E-8
1.441560E+5 -7.002826E-2 -6.228969E-8
1.451560E+5 -7.002826E-2 -5.797084E-8
1.461560E+5 -6.987895E-2 -5.171596E-8
1.471560E+5 -6.987895E-2 -4.285488E-8
1.481560E+5 -6.972963E-2 -3.280239E-8
1.491560E+5 -6.958032E-2 -2.431362E-8
1.501560E+5 -6.943101E-2 -2.118618E-8
1.511560E+5 -6.928169E-2 -2.014370E-8
1.521560E+5 -6.928169E-2 -1.947353E-8
1.531560E+5 -6.913238E-2 -1.910122E-8
1.541560E+5 -6.898306E-2 -1.865444E-8
1.551560E+5 -6.898306E-2 -1.843105E-8
1.561560E+5 -6.883375E-2 -1.813320E-8
1.571560E+5 -6.883375E-2 -1.790981E-8
1.581560E+5 -6.868444E-2 -1.768642E-8
1.591560E+5 -6.868444E-2 -1.761196E-8
1.601560E+5 -6.868444E-2 -1.738857E-8
1.611560E+5 -6.868444E-2 -1.723964E-8
1.621560E+5 -6.853512E-2 -1.709072E-8
1.631560E+5 -6.853512E-2 -1.686733E-8
1.641560E+5 -6.853512E-2 -1.679287E-8
1.651560E+5 -6.853512E-2 -1.664394E-8
1.661560E+5 -6.838581E-2 -1.649502E-8
1.671560E+5 -6.838581E-2 -1.634609E-8
1.681560E+5 -6.838581E-2 -1.627163E-8
1.691560E+5 -6.823649E-2 -1.612270E-8
1.701560E+5 -6.823649E-2 -1.604824E-8
1.711560E+5 -6.823649E-2 -1.589931E-8
1.721560E+5 -6.823649E-2 -1.582485E-8
1.731560E+5 -6.823649E-2 -1.575039E-8
1.741560E+5 -6.823649E-2 -1.560146E-8
1.751560E+5 -6.823649E-2 -1.545253E-8
