2.357000E+3 -6.061456E-3 -1.567592E-8
3.357000E+3 -6.106467E-3 -2.438808E-8
4.357000E+3 -6.211492E-3 -4.032314E-8
5.357000E+3 -6.316517E-3 -4.977993E-8
6.357000E+3 -6.466553E-3 -7.748012E-8
7.357000E+3 -6.676604E-3 -1.100949E-7
8.357000E+3 -6.871651E-3 -1.353378E-7
9.357000E+3 -7.276748E-3 -1.713540E-7
1.035700E+4 -7.546813E-3 -1.825235E-7
1.135700E+4 -7.816877E-3 -1.840127E-7
1.235700E+4 -8.071939E-3 -1.832681E-7
1.335700E+4 -8.357008E-3 -1.951822E-7
1.435700E+4 -8.702091E-3 -2.160318E-7
1.535700E+4 -9.107187E-3 -2.465616E-7
1.635700E+4 -9.542292E-3 -2.778360E-7
1.735700E+4 -9.812357E-3 -2.487955E-7
1.835700E+4 -1.000740E-2 -2.167764E-7
1.935700E+4 -1.014244E-2 -1.877359E-7
2.035700E+4 -1.026247E-2 -1.668863E-7
2.135700E+4 -1.036749E-2 -1.505044E-7
2.235700E+4 -1.045751E-2 -1.378457E-7
2.335700E+4 -1.051753E-2 -1.266763E-7
2.435700E+4 -1.056254E-2 -1.147622E-7
2.535700E+4 -1.051753E-2 -9.316800E-8
2.635700E+4 -1.044251E-2 -6.601284E-8
2.735700E+4 -1.039750E-2 -4.955654E-8
2.835700E+4 -1.035249E-2 -3.533413E-8
2.935700E+4 -1.038249E-2 -4.553554E-8
3.035700E+4 -1.050252E-2 -6.787441E-8
3.135700E+4 -1.066756E-2 -8.924525E-8
3.235700E+4 -1.089262E-2 -1.103183E-7
3.335700E+4 -1.110267E-2 -1.233493E-7
3.435700E+4 -1.128271E-2 -1.272213E-7
3.535700E+4 -1.144775E-2 -1.306466E-7
3.635700E+4 -1.171781E-2 -1.527383E-7
3.735700E+4 -1.192787E-2 -1.653970E-7
3.835700E+4 -1.224294E-2 -1.899698E-7
3.935700E+4 -1.251301E-2 -1.929483E-7
4.035700E+4 -1.267805E-2 -1.728433E-7
4.135700E+4 -1.279807E-2 -1.505044E-7
4.235700E+4 -1.288810E-2 -1.333780E-7
4.335700E+4 -1.297812E-2 -1.214639E-7
4.435700E+4 -1.302313E-2 -1.110391E-7
4.535700E+4 -1.308314E-2 -1.021035E-7
4.635700E+4 -1.311315E-2 -9.391263E-8
4.735700E+4 -1.305314E-2 -7.331020E-8
4.835700E+4 -1.299312E-2 -5.826870E-8
4.935700E+4 -1.291810E-2 -4.106777E-8
5.035700E+4 -1.284309E-2 -2.870693E-8
5.135700E+4 -1.282808E-2 -3.205776E-8
5.235700E+4 -1.293311E-2 -5.067348E-8
5.335700E+4 -1.306814E-2 -6.861904E-8
5.435700E+4 -1.326319E-2 -8.604335E-8
5.535700E+4 -1.344323E-2 -1.004147E-7
5.635700E+4 -1.359327E-2 -1.051803E-7
5.735700E+4 -1.372830E-2 -1.087545E-7
5.835700E+4 -1.390834E-2 -1.194772E-7
5.935700E+4 -1.411839E-2 -1.346676E-7
6.035700E+4 -1.443347E-2 -1.631631E-7
6.135700E+4 -1.464352E-2 -1.706094E-7
6.235700E+4 -1.479355E-2 -1.519937E-7
6.335700E+4 -1.489858E-2 -1.341226E-7
6.435700E+4 -1.495859E-2 -1.169961E-7
6.535700E+4 -1.501861E-2 -1.058267E-7
6.635700E+4 -1.506362E-2 -9.689114E-8
6.735700E+4 -1.510863E-2 -8.870023E-8
6.835700E+4 -1.512363E-2 -7.993739E-8
6.935700E+4 -1.510863E-2 -6.951259E-8
7.035700E+4 -1.501861E-2 -5.260951E-8
7.135700E+4 -1.494359E-2 -3.853603E-8
7.235700E+4 -1.488358E-2 -2.654751E-8
7.335700E+4 -1.486857E-2 -2.587734E-8
7.435700E+4 -1.492859E-2 -4.173793E-8
7.535700E+4 -1.503361E-2 -5.700283E-8
7.635700E+4 -1.519865E-2 -7.301235E-8
7.735700E+4 -1.536369E-2 -8.663906E-8
7.835700E+4 -1.551373E-2 -9.155360E-8
7.935700E+4 -1.563375E-2 -9.557460E-8
8.035700E+4 -1.578379E-2 -1.035421E-7
8.135700E+4 -1.594883E-2 -1.169454E-7
8.235700E+4 -1.618889E-2 -1.349655E-7
8.335700E+4 -1.648896E-2 -1.557168E-7
8.435700E+4 -1.659399E-2 -1.400796E-7
8.535700E+4 -1.669901E-2 -1.229532E-7
8.635700E+4 -1.675902E-2 -1.065713E-7
8.735700E+4 -1.678903E-2 -9.614651E-8
8.835700E+4 -1.683404E-2 -8.795559E-8
8.935700E+4 -1.686405E-2 -7.934169E-8
9.035700E+4 -1.689406E-2 -7.427822E-8
9.135700E+4 -1.687906E-2 -6.407681E-8
9.235700E+4 -1.678903E-2 -4.888637E-8
9.335700E+4 -1.672902E-2 -3.615322E-8
9.435700E+4 -1.665400E-2 -2.453701E-8
9.535700E+4 -1.663900E-2 -2.312221E-8
9.635700E+4 -1.668401E-2 -3.727016E-8
9.735700E+4 -1.677403E-2 -5.149257E-8
9.835700E+4 -1.693907E-2 -6.608730E-8
9.935700E+4 -1.710411E-2 -7.919277E-8
1.003570E+5 -1.723914E-2 -8.366054E-8
1.013570E+5 -1.735917E-2 -8.753261E-8
1.023570E+5 -1.749420E-2 -9.482997E-8
1.033570E+5 -1.765924E-2 -1.067440E-7
1.043570E+5 -1.786929E-2 -1.240194E-7
1.053570E+5 -1.810935E-2 -1.435287E-7
1.063570E+5 -1.824438E-2 -1.299020E-7
1.073570E+5 -1.834941E-2 -1.136691E-7
1.083570E+5 -1.840942E-2 -9.899989E-8
1.093570E+5 -1.845443E-2 -8.820277E-8
1.103570E+5 -1.848444E-2 -8.097987E-8
1.113570E+5 -1.852945E-2 -7.427822E-8
1.123570E+5 -1.854446E-2 -6.824672E-8
1.133570E+5 -1.852945E-2 -5.819423E-8
1.143570E+5 -1.842443E-2 -4.434414E-8
1.153570E+5 -1.836441E-2 -3.272793E-8
1.163570E+5 -1.828939E-2 -2.245205E-8
1.173570E+5 -1.825939E-2 -2.252651E-8
1.183570E+5 -1.833440E-2 -3.607876E-8
1.193570E+5 -1.842443E-2 -4.888637E-8
1.203570E+5 -1.858946E-2 -6.258755E-8
1.213570E+5 -1.873950E-2 -7.383144E-8
1.223570E+5 -1.887453E-2 -7.815029E-8
1.233570E+5 -1.897956E-2 -8.127773E-8
1.243570E+5 -1.914460E-2 -8.984096E-8
1.253570E+5 -1.930964E-2 -1.010849E-7
1.263570E+5 -1.951969E-2 -1.176156E-7
1.273570E+5 -1.972974E-2 -1.352633E-7
1.283570E+5 -1.987978E-2 -1.211154E-7
1.293570E+5 -1.995479E-2 -1.050314E-7
1.303570E+5 -1.999980E-2 -9.088344E-8
1.313570E+5 -2.004482E-2 -8.165004E-8
1.323570E+5 -2.007482E-2 -7.487392E-8
1.333570E+5 -2.010483E-2 -6.914028E-8
1.343570E+5 -2.011983E-2 -6.348110E-8
1.353570E+5 -2.008983E-2 -5.357754E-8
1.363570E+5 -1.999980E-2 -4.017422E-8
1.373570E+5 -1.992479E-2 -2.952602E-8
1.383570E+5 -1.986477E-2 -2.081386E-8
1.393570E+5 -1.983476E-2 -1.895229E-8
1.403570E+5 -1.981976E-2 -1.850551E-8
1.413570E+5 -1.980476E-2 -1.813320E-8
1.423570E+5 -1.980476E-2 -1.790981E-8
1.433570E+5 -1.978975E-2 -1.768642E-8
1.443570E+5 -1.977475E-2 -1.753750E-8
1.453570E+5 -1.977475E-2 -1.738857E-8
1.463570E+5 -1.975975E-2 -1.716518E-8
