2.357000E+3 -2.284504E-2 -8.663905E-9
3.357000E+3 -2.284504E-2 -1.162008E-8
4.357000E+3 -2.284504E-2 -1.649502E-8
5.357000E+3 -2.299435E-2 -1.984585E-8
6.357000E+3 -2.299435E-2 -2.617519E-8
7.357000E+3 -2.314367E-2 -2.758999E-8
8.357000E+3 -2.329298E-2 -3.645107E-8
9.357000E+3 -2.359161E-2 -5.543911E-8
1.035700E+4 -2.403955E-2 -8.060756E-8
1.135700E+4 -2.448750E-2 -1.118075E-7
1.235700E+4 -2.508475E-2 -1.397311E-7
1.335700E+4 -2.568201E-2 -1.728433E-7
1.435700E+4 -2.612995E-2 -1.825235E-7
1.535700E+4 -2.657789E-2 -1.810342E-7
1.635700E+4 -2.702583E-2 -1.810342E-7
1.735700E+4 -2.747378E-2 -1.951822E-7
1.835700E+4 -2.807103E-2 -2.204995E-7
1.935700E+4 -2.866829E-2 -2.473062E-7
2.035700E+4 -2.941486E-2 -2.763467E-7
2.135700E+4 -2.971349E-2 -2.383706E-7
2.235700E+4 -3.001211E-2 -2.115640E-7
2.335700E+4 -3.031074E-2 -1.877359E-7
2.435700E+4 -3.060937E-2 -1.735879E-7
2.535700E+4 -3.075868E-2 -1.616739E-7
2.635700E+4 -3.090800E-2 -1.519937E-7
2.735700E+4 -3.105731E-2 -1.452920E-7
2.835700E+4 -3.120663E-2 -1.348672E-7
2.935700E+4 -3.120663E-2 -1.214639E-7
3.035700E+4 -3.120663E-2 -1.021035E-7
3.135700E+4 -3.075868E-2 -6.467251E-8
3.235700E+4 -3.075868E-2 -6.094936E-8
3.335700E+4 -3.105731E-2 -8.656459E-8
3.435700E+4 -3.150525E-2 -1.104672E-7
3.535700E+4 -3.180388E-2 -1.302743E-7
3.635700E+4 -3.225182E-2 -1.490152E-7
3.735700E+4 -3.255045E-2 -1.505044E-7
3.835700E+4 -3.284908E-2 -1.542276E-7
3.935700E+4 -3.314771E-2 -1.624185E-7
4.035700E+4 -3.359565E-2 -1.773111E-7
4.135700E+4 -3.404359E-2 -1.974161E-7
4.235700E+4 -3.449153E-2 -2.204995E-7
4.335700E+4 -3.493948E-2 -1.989053E-7
4.435700E+4 -3.523810E-2 -1.795450E-7
4.535700E+4 -3.538742E-2 -1.624185E-7
4.635700E+4 -3.553673E-2 -1.512491E-7
4.735700E+4 -3.568605E-2 -1.423135E-7
4.835700E+4 -3.583536E-2 -1.341226E-7
4.935700E+4 -3.583536E-2 -1.281656E-7
5.035700E+4 -3.598467E-2 -1.207193E-7
5.135700E+4 -3.598467E-2 -1.073159E-7
5.235700E+4 -3.583536E-2 -8.870023E-8
5.335700E+4 -3.538742E-2 -5.610927E-8
5.435700E+4 -3.538742E-2 -5.409877E-8
5.535700E+4 -3.568605E-2 -7.934169E-8
5.635700E+4 -3.598467E-2 -9.996791E-8
5.735700E+4 -3.628330E-2 -1.169454E-7
5.835700E+4 -3.673124E-2 -1.310934E-7
5.935700E+4 -3.702987E-2 -1.350399E-7
6.035700E+4 -3.732850E-2 -1.377951E-7
6.135700E+4 -3.762713E-2 -1.519937E-7
6.235700E+4 -3.807507E-2 -1.586953E-7
6.335700E+4 -3.852301E-2 -1.750772E-7
6.435700E+4 -3.912027E-2 -1.936929E-7
6.535700E+4 -3.941889E-2 -1.765664E-7
6.635700E+4 -3.956821E-2 -1.601846E-7
6.735700E+4 -3.971752E-2 -1.460367E-7
6.835700E+4 -3.986683E-2 -1.371011E-7
6.935700E+4 -4.001615E-2 -1.296548E-7
7.035700E+4 -4.001615E-2 -1.222085E-7
7.135700E+4 -4.016547E-2 -1.169961E-7
7.235700E+4 -4.016547E-2 -1.080606E-7
7.335700E+4 -4.016547E-2 -9.614651E-8
7.435700E+4 -4.001615E-2 -7.405483E-8
7.535700E+4 -3.956821E-2 -5.238613E-8
7.635700E+4 -3.971752E-2 -5.283291E-8
7.735700E+4 -4.001615E-2 -7.695888E-8
7.835700E+4 -4.031478E-2 -9.564906E-8
7.935700E+4 -4.061341E-2 -1.112863E-7
8.035700E+4 -4.091204E-2 -1.216366E-7
8.135700E+4 -4.121066E-2 -1.256576E-7
8.235700E+4 -4.135998E-2 -1.284872E-7
8.335700E+4 -4.165861E-2 -1.382418E-7
8.435700E+4 -4.210655E-2 -1.549722E-7
8.535700E+4 -4.240518E-2 -1.639077E-7
8.635700E+4 -4.270380E-2 -1.773111E-7
8.735700E+4 -4.300243E-2 -1.609292E-7
8.835700E+4 -4.315175E-2 -1.452920E-7
8.935700E+4 -4.330106E-2 -1.341226E-7
9.035700E+4 -4.345037E-2 -1.251870E-7
9.135700E+4 -4.359969E-2 -1.184854E-7
9.235700E+4 -4.359969E-2 -1.125283E-7
9.335700E+4 -4.359969E-2 -1.080606E-7
9.435700E+4 -4.359969E-2 -9.838040E-8
9.535700E+4 -4.359969E-2 -8.646634E-8
9.635700E+4 -4.330106E-2 -6.467251E-8
9.735700E+4 -4.315175E-2 -4.695034E-8
9.835700E+4 -4.315175E-2 -5.514126E-8
9.935700E+4 -4.345037E-2 -7.710781E-8
1.003570E+5 -4.374900E-2 -9.393642E-8
1.013570E+5 -4.404763E-2 -1.077121E-7
1.023570E+5 -4.434626E-2 -1.165731E-7
1.033570E+5 -4.464488E-2 -1.187326E-7
1.043570E+5 -4.479420E-2 -1.219345E-7
1.053570E+5 -4.509282E-2 -1.318380E-7
1.063570E+5 -4.539146E-2 -1.424117E-7
1.073570E+5 -4.583940E-2 -1.653970E-7
1.083570E+5 -4.613803E-2 -1.624185E-7
1.093570E+5 -4.643665E-2 -1.475259E-7
1.103570E+5 -4.643665E-2 -1.341226E-7
1.113570E+5 -4.658597E-2 -1.244424E-7
1.123570E+5 -4.673528E-2 -1.162515E-7
1.133570E+5 -4.688460E-2 -1.102945E-7
1.143570E+5 -4.688460E-2 -1.058267E-7
1.153570E+5 -4.703391E-2 -1.006143E-7
1.163570E+5 -4.703391E-2 -9.093412E-8
1.173570E+5 -4.673528E-2 -7.524624E-8
1.183570E+5 -4.658597E-2 -6.020473E-8
1.193570E+5 -4.628734E-2 -4.412075E-8
1.203570E+5 -4.643665E-2 -5.938564E-8
1.213570E+5 -4.688460E-2 -7.844813E-8
1.223570E+5 -4.718322E-2 -9.386196E-8
1.233570E+5 -4.748185E-2 -1.060739E-7
1.243570E+5 -4.763117E-2 -1.123288E-7
1.253570E+5 -4.792979E-2 -1.137435E-7
1.263570E+5 -4.822842E-2 -1.188815E-7
1.273570E+5 -4.837774E-2 -1.269235E-7
1.283570E+5 -4.867636E-2 -1.387631E-7
1.293570E+5 -4.912430E-2 -1.609292E-7
1.303570E+5 -4.927362E-2 -1.497598E-7
1.313570E+5 -4.957224E-2 -1.363565E-7
1.323570E+5 -4.957224E-2 -1.244424E-7
1.333570E+5 -4.972156E-2 -1.162515E-7
1.343570E+5 -4.987087E-2 -1.095498E-7
1.353570E+5 -4.987087E-2 -1.035928E-7
1.363570E+5 -4.987087E-2 -9.986966E-8
1.373570E+5 -5.002019E-2 -9.316800E-8
1.383570E+5 -4.987087E-2 -8.150111E-8
1.393570E+5 -4.987087E-2 -7.048061E-8
1.403570E+5 -4.957224E-2 -4.970546E-8
1.413570E+5 -4.927362E-2 -4.129116E-8
1.423570E+5 -4.927362E-2 -4.024868E-8
1.433570E+5 -4.927362E-2 -3.957851E-8
1.443570E+5 -4.927362E-2 -3.913173E-8
1.453570E+5 -4.912430E-2 -3.875942E-8
1.463570E+5 -4.912430E-2 -3.846157E-8
1.473570E+5 -4.912430E-2 -3.816372E-8
1.483570E+5 -4.912430E-2 -3.794033E-8
1.493570E+5 -4.912430E-2 -3.779140E-8
1.503570E+5 -4.912430E-2 -3.756801E-8
1.513570E+5 -4.912430E-2 -3.734463E-8
