2.357000E+3 -4.186006E-3 -3.883388E-8
3.357000E+3 -4.261024E-3 -4.129116E-8
4.357000E+3 -4.381052E-3 -4.963100E-8
5.357000E+3 -4.501082E-3 -5.164150E-8
6.357000E+3 -4.636114E-3 -5.335414E-8
7.357000E+3 -4.801153E-3 -5.923672E-8
8.357000E+3 -4.996200E-3 -6.899135E-8
9.357000E+3 -5.416301E-3 -9.147914E-8
1.035700E+4 -6.001442E-3 -1.301999E-7
1.135700E+4 -6.691607E-3 -1.750772E-7
1.235700E+4 -7.126712E-3 -1.974161E-7
1.335700E+4 -7.771867E-3 -2.301797E-7
1.435700E+4 -8.372012E-3 -2.465616E-7
1.535700E+4 -8.957151E-3 -2.599649E-7
1.635700E+4 -9.587303E-3 -2.800699E-7
1.735700E+4 -1.027747E-2 -3.046426E-7
1.835700E+4 -1.108766E-2 -3.433633E-7
1.935700E+4 -1.201789E-2 -3.932535E-7
2.035700E+4 -1.293311E-2 -3.992105E-7
2.135700E+4 -1.351825E-2 -3.515542E-7
2.235700E+4 -1.395335E-2 -3.068765E-7
2.335700E+4 -1.431344E-2 -2.726236E-7
2.435700E+4 -1.459851E-2 -2.435830E-7
2.535700E+4 -1.483856E-2 -2.227334E-7
2.635700E+4 -1.501861E-2 -1.996499E-7
2.735700E+4 -1.513864E-2 -1.795450E-7
2.835700E+4 -1.516864E-2 -1.616739E-7
2.935700E+4 -1.513864E-2 -1.430581E-7
3.035700E+4 -1.503361E-2 -1.199746E-7
3.135700E+4 -1.470353E-2 -8.646634E-8
3.235700E+4 -1.452349E-2 -6.094936E-8
3.335700E+4 -1.446347E-2 -5.104580E-8
3.435700E+4 -1.441846E-2 -4.516323E-8
3.535700E+4 -1.447848E-2 -5.283291E-8
3.635700E+4 -1.480856E-2 -7.591640E-8
3.735700E+4 -1.524366E-2 -1.044357E-7
3.835700E+4 -1.564876E-2 -1.310189E-7
3.935700E+4 -1.623390E-2 -1.609292E-7
4.035700E+4 -1.662399E-2 -1.750772E-7
4.135700E+4 -1.707410E-2 -1.855020E-7
4.235700E+4 -1.755422E-2 -2.011392E-7
4.335700E+4 -1.804934E-2 -2.152871E-7
4.435700E+4 -1.860447E-2 -2.346475E-7
4.535700E+4 -1.926463E-2 -2.644327E-7
4.635700E+4 -1.998480E-2 -2.979410E-7
4.735700E+4 -2.056994E-2 -2.830484E-7
4.835700E+4 -2.097504E-2 -2.502847E-7
4.935700E+4 -2.126011E-2 -2.219888E-7
5.035700E+4 -2.148516E-2 -1.974161E-7
5.135700E+4 -2.166520E-2 -1.802896E-7
5.235700E+4 -2.183024E-2 -1.661416E-7
5.335700E+4 -2.192027E-2 -1.497598E-7
5.435700E+4 -2.196527E-2 -1.348672E-7
5.535700E+4 -2.193527E-2 -1.199746E-7
5.635700E+4 -2.181524E-2 -1.013589E-7
5.735700E+4 -2.154518E-2 -7.353359E-8
5.835700E+4 -2.127511E-2 -5.260951E-8
5.935700E+4 -2.118509E-2 -4.196133E-8
6.035700E+4 -2.111007E-2 -3.630214E-8
6.135700E+4 -2.109507E-2 -3.861049E-8
6.235700E+4 -2.118509E-2 -4.963100E-8
6.335700E+4 -2.162019E-2 -7.673549E-8
6.435700E+4 -2.198028E-2 -9.989345E-8
6.535700E+4 -2.240038E-2 -1.232003E-7
6.635700E+4 -2.291050E-2 -1.475259E-7
6.735700E+4 -2.325559E-2 -1.534829E-7
6.835700E+4 -2.366068E-2 -1.646524E-7
6.935700E+4 -2.409579E-2 -1.750772E-7
7.035700E+4 -2.454590E-2 -1.892251E-7
7.135700E+4 -2.507102E-2 -2.093301E-7
7.235700E+4 -2.567117E-2 -2.368814E-7
7.335700E+4 -2.627131E-2 -2.450723E-7
7.435700E+4 -2.666141E-2 -2.190103E-7
7.535700E+4 -2.691646E-2 -1.907144E-7
7.635700E+4 -2.711151E-2 -1.706094E-7
7.735700E+4 -2.727655E-2 -1.564615E-7
7.835700E+4 -2.741159E-2 -1.445474E-7
7.935700E+4 -2.751661E-2 -1.318887E-7
8.035700E+4 -2.754662E-2 -1.184854E-7
8.135700E+4 -2.751661E-2 -1.058267E-7
8.235700E+4 -2.739658E-2 -9.018948E-8
8.335700E+4 -2.718653E-2 -6.735317E-8
8.435700E+4 -2.690146E-2 -4.702480E-8
8.535700E+4 -2.678143E-2 -3.712124E-8
8.635700E+4 -2.669141E-2 -3.190883E-8
8.735700E+4 -2.664640E-2 -3.168545E-8
8.835700E+4 -2.667641E-2 -3.942959E-8
8.935700E+4 -2.702149E-2 -6.087490E-8
9.035700E+4 -2.735157E-2 -8.246913E-8
9.135700E+4 -2.772666E-2 -1.041378E-7
9.235700E+4 -2.810175E-2 -1.205197E-7
9.335700E+4 -2.896692E-2 -1.351144E-7
9.435700E+4 -2.896692E-2 -1.418161E-7
9.535700E+4 -2.956417E-2 -1.557168E-7
9.635700E+4 -2.986280E-2 -1.616739E-7
9.735700E+4 -3.031074E-2 -1.758218E-7
9.835700E+4 -3.090800E-2 -1.989053E-7
9.935700E+4 -3.150525E-2 -2.242227E-7
1.003570E+5 -3.180388E-2 -2.003946E-7
1.013570E+5 -3.210251E-2 -1.743325E-7
1.023570E+5 -3.225182E-2 -1.557168E-7
1.033570E+5 -3.240114E-2 -1.415689E-7
1.043570E+5 -3.255045E-2 -1.311441E-7
1.053570E+5 -3.269977E-2 -1.207193E-7
1.063570E+5 -3.269977E-2 -1.088052E-7
1.073570E+5 -3.269977E-2 -9.763577E-8
1.083570E+5 -3.255045E-2 -8.112880E-8
1.093570E+5 -3.240114E-2 -6.921474E-8
1.103570E+5 -3.210251E-2 -4.814174E-8
1.113570E+5 -3.195320E-2 -3.481289E-8
1.123570E+5 -3.180388E-2 -2.974941E-8
1.133570E+5 -3.180388E-2 -2.773891E-8
1.143570E+5 -3.180388E-2 -3.399380E-8
1.153570E+5 -3.210251E-2 -5.298183E-8
1.163570E+5 -3.240114E-2 -7.211879E-8
1.173570E+5 -3.269977E-2 -9.036220E-8
1.183570E+5 -3.299839E-2 -1.068185E-7
1.193570E+5 -3.344633E-2 -1.197750E-7
1.203570E+5 -3.374496E-2 -1.272213E-7
1.213570E+5 -3.419290E-2 -1.377951E-7
1.223570E+5 -3.464084E-2 -1.512491E-7
1.233570E+5 -3.493948E-2 -1.572061E-7
1.243570E+5 -3.538742E-2 -1.780557E-7
1.253570E+5 -3.598467E-2 -2.026285E-7
1.263570E+5 -3.643262E-2 -1.847574E-7
1.273570E+5 -3.658193E-2 -1.601846E-7
1.283570E+5 -3.673124E-2 -1.415689E-7
1.293570E+5 -3.688056E-2 -1.303994E-7
1.303570E+5 -3.702987E-2 -1.207193E-7
1.313570E+5 -3.717919E-2 -1.102945E-7
1.323570E+5 -3.717919E-2 -1.006143E-7
1.333570E+5 -3.717919E-2 -8.944485E-8
1.343570E+5 -3.702987E-2 -7.524624E-8
1.353570E+5 -3.688056E-2 -6.355556E-8
1.363570E+5 -3.658193E-2 -4.583339E-8
1.373570E+5 -3.643262E-2 -3.228115E-8
1.383570E+5 -3.628330E-2 -2.751552E-8
1.393570E+5 -3.628330E-2 -2.528164E-8
1.403570E+5 -3.628330E-2 -3.079189E-8
1.413570E+5 -3.658193E-2 -4.717373E-8
1.423570E+5 -3.688056E-2 -6.593838E-8
1.433570E+5 -3.717919E-2 -8.380947E-8
1.443570E+5 -3.747781E-2 -9.721278E-8
1.453570E+5 -3.792576E-2 -1.098715E-7
1.463570E+5 -3.837370E-2 -1.167221E-7
1.473570E+5 -3.882164E-2 -1.254342E-7
1.483570E+5 -3.912027E-2 -1.328805E-7
1.493570E+5 -3.956821E-2 -1.482705E-7
1.503570E+5 -4.001615E-2 -1.616739E-7
1.513570E+5 -4.046409E-2 -1.847574E-7
1.523570E+5 -4.076272E-2 -1.706094E-7
1.533570E+5 -4.106135E-2 -1.467813E-7
1.543570E+5 -4.121066E-2 -1.303994E-7
1.553570E+5 -4.135998E-2 -1.192300E-7
1.563570E+5 -4.150929E-2 -1.102945E-7
1.573570E+5 -4.150929E-2 -1.013589E-7
1.583570E+5 -4.150929E-2 -9.242337E-8
1.593570E+5 -4.150929E-2 -8.008632E-8
1.603570E+5 -4.135998E-2 -7.196986E-8
1.613570E+5 -4.121066E-2 -5.864101E-8
1.623570E+5 -4.106135E-2 -4.270595E-8
1.633570E+5 -4.076272E-2 -3.019619E-8
1.643570E+5 -4.076272E-2 -2.535610E-8
1.653570E+5 -4.061341E-2 -2.312221E-8
1.663570E+5 -4.061341E-2 -2.215419E-8
1.673570E+5 -4.061341E-2 -2.148403E-8
1.683570E+5 -4.046409E-2 -2.096279E-8
1.693570E+5 -4.046409E-2 -2.044155E-8
1.703570E+5 -4.031478E-2 -2.014370E-8
1.713570E+5 -4.031478E-2 -1.984585E-8
1.723570E+5 -4.031478E-2 -1.954800E-8
1.733570E+5 -4.031478E-2 -1.939907E-8
1.743570E+5 -4.031478E-2 -1.910122E-8
1.753570E+5 -4.031478E-2 -1.887783E-8
1.763570E+5 -4.016547E-2 -1.880336E-8
1.773570E+5 -4.016547E-2 -1.857998E-8
1.783570E+5 -4.016547E-2 -1.850551E-8
1.793570E+5 -4.016547E-2 -1.843105E-8
1.803570E+5 -4.016547E-2 -1.820766E-8
1.813570E+5 -4.001615E-2 -1.805873E-8
1.823570E+5 -4.001615E-2 -1.790981E-8
1.833570E+5 -4.001615E-2 -1.783535E-8
1.843570E+5 -4.001615E-2 -1.776088E-8
1.853570E+5 -4.001615E-2 -1.768642E-8
1.863570E+5 -4.001615E-2 -1.761196E-8
1.873570E+5 -4.001615E-2 -1.738857E-8
1.883570E+5 -4.001615E-2 -1.738857E-8
1.893570E+5 -3.986683E-2 -1.731411E-8
1.903570E+5 -3.986683E-2 -1.716518E-8
1.913570E+5 -3.986683E-2 -1.701626E-8
1.923570E+5 -3.986683E-2 -1.694179E-8
