2.156000E+3 -5.581341E-3 -9.316800E-8
3.156000E+3 -6.181485E-3 -1.199746E-7
4.156000E+3 -7.006683E-3 -1.564615E-7
5.156000E+3 -7.951911E-3 -1.914590E-7
6.156000E+3 -8.792112E-3 -2.167764E-7
7.156000E+3 -9.347246E-3 -2.227334E-7
8.156000E+3 -9.902379E-3 -2.301797E-7
9.156000E+3 -1.081760E-2 -2.569864E-7
1.015600E+4 -1.192787E-2 -2.890054E-7
1.115600E+4 -1.324818E-2 -3.262369E-7
1.215600E+4 -1.420841E-2 -3.433633E-7
1.315600E+4 -1.447848E-2 -3.232583E-7
1.415600E+4 -1.459851E-2 -2.964517E-7
1.515600E+4 -1.465852E-2 -2.711343E-7
1.615600E+4 -1.476355E-2 -2.510293E-7
1.715600E+4 -1.483856E-2 -2.324136E-7
1.815600E+4 -1.491358E-2 -2.167764E-7
1.915600E+4 -1.489858E-2 -1.959268E-7
2.015600E+4 -1.468853E-2 -1.661416E-7
2.115600E+4 -1.432844E-2 -1.303994E-7
2.215600E+4 -1.387833E-2 -9.391263E-8
2.315600E+4 -1.348824E-2 -6.854458E-8
2.415600E+4 -1.372830E-2 -8.522426E-8
2.515600E+4 -1.429843E-2 -1.175412E-7
2.615600E+4 -1.515364E-2 -1.594400E-7
2.715600E+4 -1.570877E-2 -1.795450E-7
2.815600E+4 -1.633893E-2 -1.974161E-7
2.915600E+4 -1.683404E-2 -2.078409E-7
3.015600E+4 -1.732916E-2 -2.167764E-7
3.115600E+4 -1.810935E-2 -2.391153E-7
3.215600E+4 -1.903957E-2 -2.659219E-7
3.315600E+4 -1.999980E-2 -2.897500E-7
3.415600E+4 -2.050993E-2 -2.875161E-7
3.515600E+4 -2.067497E-2 -2.674112E-7
3.615600E+4 -2.073498E-2 -2.458169E-7
3.715600E+4 -2.077999E-2 -2.264566E-7
3.815600E+4 -2.084001E-2 -2.093301E-7
3.915600E+4 -2.088502E-2 -1.936929E-7
4.015600E+4 -2.094503E-2 -1.810342E-7
4.115600E+4 -2.082500E-2 -1.601846E-7
4.215600E+4 -2.056994E-2 -1.318887E-7
4.315600E+4 -2.022486E-2 -1.006143E-7
4.415600E+4 -1.966973E-2 -6.310879E-8
4.515600E+4 -1.957970E-2 -6.013027E-8
4.615600E+4 -1.993979E-2 -8.626674E-8
4.715600E+4 -2.050993E-2 -1.186581E-7
4.815600E+4 -2.126011E-2 -1.557168E-7
4.915600E+4 -2.177023E-2 -1.713540E-7
5.015600E+4 -2.226535E-2 -1.825235E-7
5.115600E+4 -2.268545E-2 -1.884805E-7
5.215600E+4 -2.325559E-2 -2.018838E-7
5.315600E+4 -2.399076E-2 -2.227334E-7
5.415600E+4 -2.480096E-2 -2.458169E-7
5.515600E+4 -2.562616E-2 -2.659219E-7
5.615600E+4 -2.591123E-2 -2.525186E-7
5.715600E+4 -2.600125E-2 -2.316690E-7
5.815600E+4 -2.603125E-2 -2.115640E-7
5.915600E+4 -2.609127E-2 -1.944375E-7
6.015600E+4 -2.613628E-2 -1.810342E-7
6.115600E+4 -2.618129E-2 -1.698648E-7
6.215600E+4 -2.616628E-2 -1.557168E-7
6.315600E+4 -2.600125E-2 -1.341226E-7
6.415600E+4 -2.573118E-2 -1.065713E-7
6.515600E+4 -2.528107E-2 -7.159755E-8
6.615600E+4 -2.499600E-2 -5.499233E-8
6.715600E+4 -2.502601E-2 -6.251308E-8
6.815600E+4 -2.549112E-2 -9.378749E-8
6.915600E+4 -2.601625E-2 -1.218600E-7
7.015600E+4 -2.670642E-2 -1.534829E-7
7.115600E+4 -2.714152E-2 -1.646524E-7
7.215600E+4 -2.757663E-2 -1.713540E-7
7.315600E+4 -2.796672E-2 -1.758218E-7
7.415600E+4 -2.911623E-2 -1.959268E-7
7.515600E+4 -2.956417E-2 -2.130533E-7
7.615600E+4 -3.031074E-2 -2.339029E-7
7.715600E+4 -3.090800E-2 -2.383706E-7
7.815600E+4 -3.105731E-2 -2.234781E-7
7.915600E+4 -3.105731E-2 -2.026285E-7
8.015600E+4 -3.120663E-2 -1.855020E-7
8.115600E+4 -3.120663E-2 -1.713540E-7
8.215600E+4 -3.120663E-2 -1.609292E-7
8.315600E+4 -3.135594E-2 -1.505044E-7
8.415600E+4 -3.120663E-2 -1.348672E-7
8.515600E+4 -3.105731E-2 -1.117837E-7
8.615600E+4 -3.075868E-2 -8.646634E-8
8.715600E+4 -3.016143E-2 -5.357754E-8
8.815600E+4 -3.001211E-2 -5.067348E-8
8.915600E+4 -3.031074E-2 -7.435268E-8
9.015600E+4 -3.090800E-2 -1.017550E-7
9.115600E+4 -3.135594E-2 -1.272213E-7
9.215600E+4 -3.195320E-2 -1.534829E-7
9.315600E+4 -3.240114E-2 -1.572061E-7
9.415600E+4 -3.269977E-2 -1.624185E-7
9.515600E+4 -3.314771E-2 -1.720987E-7
9.615600E+4 -3.374496E-2 -1.869912E-7
9.715600E+4 -3.449153E-2 -2.078409E-7
9.815600E+4 -3.538742E-2 -2.272012E-7
9.915600E+4 -3.553673E-2 -2.160318E-7
1.001560E+5 -3.568605E-2 -1.959268E-7
1.011560E+5 -3.568605E-2 -1.788003E-7
1.021560E+5 -3.568605E-2 -1.653970E-7
1.031560E+5 -3.583536E-2 -1.542276E-7
1.041560E+5 -3.583536E-2 -1.445474E-7
1.051560E+5 -3.583536E-2 -1.333780E-7
1.061560E+5 -3.583536E-2 -1.147622E-7
1.071560E+5 -3.538742E-2 -9.242337E-8
1.081560E+5 -3.508879E-2 -6.147060E-8
1.091560E+5 -3.493948E-2 -4.836513E-8
1.101560E+5 -3.493948E-2 -5.797084E-8
1.111560E+5 -3.523810E-2 -8.581996E-8
1.121560E+5 -3.583536E-2 -1.118820E-7
1.131560E+5 -3.628330E-2 -1.328805E-7
1.141560E+5 -3.688056E-2 -1.505044E-7
1.151560E+5 -3.717919E-2 -1.512491E-7
1.161560E+5 -3.747781E-2 -1.557168E-7
1.171560E+5 -3.822438E-2 -1.698648E-7
1.181560E+5 -3.912027E-2 -1.877359E-7
1.191560E+5 -3.971752E-2 -2.070962E-7
1.201560E+5 -4.016547E-2 -2.078409E-7
1.211560E+5 -4.046409E-2 -1.914590E-7
1.221560E+5 -4.046409E-2 -1.743325E-7
1.231560E+5 -4.046409E-2 -1.601846E-7
1.241560E+5 -4.061341E-2 -1.482705E-7
1.251560E+5 -4.061341E-2 -1.393350E-7
1.261560E+5 -4.061341E-2 -1.311441E-7
1.271560E+5 -4.046409E-2 -1.162515E-7
1.281560E+5 -4.031478E-2 -9.614651E-8
1.291560E+5 -4.001615E-2 -6.891689E-8
1.301560E+5 -3.971752E-2 -4.806728E-8
1.311560E+5 -3.956821E-2 -4.337612E-8
1.321560E+5 -3.941889E-2 -4.225917E-8
1.331560E+5 -3.941889E-2 -4.144009E-8
1.341560E+5 -3.926958E-2 -4.084438E-8
1.351560E+5 -3.926958E-2 -4.024868E-8
1.361560E+5 -3.926958E-2 -3.987636E-8
1.371560E+5 -3.912027E-2 -3.942959E-8
1.381560E+5 -3.912027E-2 -3.905727E-8
1.391560E+5 -3.897095E-2 -3.875942E-8
1.401560E+5 -3.897095E-2 -3.853603E-8
1.411560E+5 -3.897095E-2 -3.823818E-8
1.421560E+5 -3.897095E-2 -3.794033E-8
1.431560E+5 -3.897095E-2 -3.771694E-8
1.441560E+5 -3.897095E-2 -3.749355E-8
1.451560E+5 -3.882164E-2 -3.727016E-8
1.461560E+5 -3.882164E-2 -3.704677E-8
1.471560E+5 -3.882164E-2 -3.682339E-8
1.481560E+5 -3.882164E-2 -3.660000E-8
1.491560E+5 -3.882164E-2 -3.645107E-8
1.501560E+5 -3.882164E-2 -3.622768E-8
1.511560E+5 -3.882164E-2 -3.607876E-8
1.521560E+5 -3.882164E-2 -3.585537E-8
1.531560E+5 -3.882164E-2 -3.570644E-8
1.541560E+5 -3.882164E-2 -3.555752E-8
1.551560E+5 -3.882164E-2 -3.540859E-8
1.561560E+5 -3.882164E-2 -3.533413E-8
