2.558000E+3 -1.567763E-3 -6.303432E-8
3.558000E+3 -1.803932E-3 -8.976649E-8
4.558000E+3 -2.162373E-3 -1.109140E-7
5.558000E+3 -2.555989E-3 -1.343698E-7
6.558000E+3 -3.167349E-3 -1.758218E-7
7.558000E+3 -3.825919E-3 -2.033731E-7
8.558000E+3 -4.336042E-3 -2.272012E-7
9.558000E+3 -4.966193E-3 -2.346475E-7
1.055800E+4 -5.581341E-3 -2.420938E-7
1.155800E+4 -6.226496E-3 -2.607095E-7
1.255800E+4 -6.916661E-3 -2.867715E-7
1.355800E+4 -7.801875E-3 -3.247476E-7
1.455800E+4 -8.762104E-3 -3.590005E-7
1.555800E+4 -9.632314E-3 -3.522989E-7
1.655800E+4 -1.021746E-2 -3.150674E-7
1.755800E+4 -1.068257E-2 -2.815591E-7
1.855800E+4 -1.104265E-2 -2.540079E-7
1.955800E+4 -1.134272E-2 -2.309244E-7
2.055800E+4 -1.159779E-2 -2.115640E-7
2.155800E+4 -1.182284E-2 -1.936929E-7
2.255800E+4 -1.197288E-2 -1.728433E-7
2.355800E+4 -1.203289E-2 -1.460367E-7
2.455800E+4 -1.206290E-2 -1.259317E-7
2.555800E+4 -1.200288E-2 -1.035928E-7
2.655800E+4 -1.176283E-2 -7.301235E-8
2.755800E+4 -1.162779E-2 -5.730068E-8
2.855800E+4 -1.156778E-2 -5.596035E-8
2.955800E+4 -1.173282E-2 -7.703334E-8
3.055800E+4 -1.200288E-2 -1.035421E-7
3.155800E+4 -1.231796E-2 -1.296786E-7
3.255800E+4 -1.281308E-2 -1.691201E-7
3.355800E+4 -1.323318E-2 -1.869912E-7
3.455800E+4 -1.372830E-2 -1.996499E-7
3.555800E+4 -1.420841E-2 -2.070962E-7
3.655800E+4 -1.474854E-2 -2.219888E-7
3.755800E+4 -1.534869E-2 -2.420938E-7
3.855800E+4 -1.602385E-2 -2.659219E-7
3.955800E+4 -1.677403E-2 -2.904947E-7
4.055800E+4 -1.740418E-2 -2.793252E-7
4.155800E+4 -1.782428E-2 -2.510293E-7
4.255800E+4 -1.813936E-2 -2.249673E-7
4.355800E+4 -1.837942E-2 -2.011392E-7
4.455800E+4 -1.858946E-2 -1.840127E-7
4.555800E+4 -1.876951E-2 -1.698648E-7
4.655800E+4 -1.890454E-2 -1.557168E-7
4.755800E+4 -1.896456E-2 -1.378457E-7
4.855800E+4 -1.896456E-2 -1.155069E-7
4.955800E+4 -1.891955E-2 -9.838040E-8
5.055800E+4 -1.876951E-2 -7.695888E-8
5.155800E+4 -1.858946E-2 -6.005580E-8
5.255800E+4 -1.839442E-2 -4.702480E-8
5.355800E+4 -1.834941E-2 -4.910976E-8
5.455800E+4 -1.852945E-2 -6.928921E-8
5.555800E+4 -1.876951E-2 -9.423427E-8
5.655800E+4 -1.906958E-2 -1.147860E-7
5.755800E+4 -1.942967E-2 -1.406246E-7
5.855800E+4 -1.996980E-2 -1.691201E-7
5.955800E+4 -2.031488E-2 -1.706094E-7
6.055800E+4 -2.071998E-2 -1.743325E-7
6.155800E+4 -2.118509E-2 -1.907144E-7
6.255800E+4 -2.172522E-2 -2.070962E-7
6.355800E+4 -2.234036E-2 -2.272012E-7
6.455800E+4 -2.300053E-2 -2.480508E-7
6.555800E+4 -2.351065E-2 -2.316690E-7
6.655800E+4 -2.384073E-2 -2.063516E-7
6.755800E+4 -2.409579E-2 -1.847574E-7
6.855800E+4 -2.427583E-2 -1.676309E-7
6.955800E+4 -2.442587E-2 -1.542276E-7
7.055800E+4 -2.456090E-2 -1.423135E-7
7.155800E+4 -2.465092E-2 -1.303994E-7
7.255800E+4 -2.468093E-2 -1.132730E-7
7.355800E+4 -2.463592E-2 -9.540188E-8
7.455800E+4 -2.456090E-2 -7.926723E-8
7.555800E+4 -2.444087E-2 -6.623623E-8
7.655800E+4 -2.421582E-2 -4.925869E-8
7.755800E+4 -2.406578E-2 -4.062099E-8
7.855800E+4 -2.406578E-2 -4.873745E-8
7.955800E+4 -2.426083E-2 -6.735317E-8
8.055800E+4 -2.448588E-2 -8.805385E-8
8.155800E+4 -2.474094E-2 -1.065951E-7
8.255800E+4 -2.510103E-2 -1.281894E-7
8.355800E+4 -2.558115E-2 -1.497598E-7
8.455800E+4 -2.588122E-2 -1.512491E-7
8.555800E+4 -2.627131E-2 -1.564615E-7
8.655800E+4 -2.672142E-2 -1.706094E-7
8.755800E+4 -2.720154E-2 -1.847574E-7
8.855800E+4 -2.777167E-2 -2.026285E-7
8.955800E+4 -2.837181E-2 -2.190103E-7
9.055800E+4 -2.926554E-2 -1.936929E-7
9.155800E+4 -2.926554E-2 -1.765664E-7
9.255800E+4 -2.941486E-2 -1.586953E-7
9.355800E+4 -2.956417E-2 -1.445474E-7
9.455800E+4 -2.971349E-2 -1.341226E-7
9.555800E+4 -2.971349E-2 -1.244424E-7
9.655800E+4 -2.986280E-2 -1.125283E-7
9.755800E+4 -2.986280E-2 -9.689114E-8
9.855800E+4 -2.986280E-2 -7.963954E-8
9.955800E+4 -2.971349E-2 -7.174648E-8
1.005580E+5 -2.956417E-2 -5.484340E-8
1.015580E+5 -2.926554E-2 -4.188686E-8
1.025580E+5 -2.911623E-2 -3.749355E-8
1.035580E+5 -2.926554E-2 -4.970546E-8
1.045580E+5 -2.941486E-2 -6.899135E-8
1.055580E+5 -2.971349E-2 -8.552211E-8
1.065580E+5 -3.001211E-2 -1.045101E-7
1.075580E+5 -3.031074E-2 -1.220089E-7
1.085580E+5 -3.075868E-2 -1.345932E-7
1.095580E+5 -3.105731E-2 -1.398056E-7
1.105580E+5 -3.150525E-2 -1.527383E-7
1.115580E+5 -3.195320E-2 -1.579507E-7
1.125580E+5 -3.240114E-2 -1.728433E-7
1.135580E+5 -3.284908E-2 -1.892251E-7
1.145580E+5 -3.344633E-2 -1.899698E-7
1.155580E+5 -3.374496E-2 -1.720987E-7
1.165580E+5 -3.389428E-2 -1.534829E-7
1.175580E+5 -3.404359E-2 -1.385904E-7
1.185580E+5 -3.419290E-2 -1.274209E-7
1.195580E+5 -3.434222E-2 -1.192300E-7
1.205580E+5 -3.449153E-2 -1.095498E-7
1.215580E+5 -3.449153E-2 -9.763577E-8
1.225580E+5 -3.434222E-2 -8.038417E-8
1.235580E+5 -3.434222E-2 -7.115078E-8
1.245580E+5 -3.419290E-2 -6.117275E-8
1.255580E+5 -3.404359E-2 -4.598232E-8
1.265580E+5 -3.389428E-2 -3.637661E-8
1.275580E+5 -3.374496E-2 -3.794033E-8
1.285580E+5 -3.389428E-2 -5.372646E-8
1.295580E+5 -3.419290E-2 -7.182094E-8
1.305580E+5 -3.434222E-2 -8.529872E-8
1.315580E+5 -3.464084E-2 -1.040634E-7
1.325580E+5 -3.508879E-2 -1.190304E-7
1.335580E+5 -3.538742E-2 -1.264767E-7
1.345580E+5 -3.568605E-2 -1.307956E-7
1.355580E+5 -3.613399E-2 -1.409970E-7
1.365580E+5 -3.658193E-2 -1.564615E-7
1.375580E+5 -3.702987E-2 -1.668863E-7
1.385580E+5 -3.747781E-2 -1.832681E-7
1.395580E+5 -3.792576E-2 -1.706094E-7
1.405580E+5 -3.837370E-2 -1.512491E-7
1.415580E+5 -3.852301E-2 -1.356118E-7
1.425580E+5 -3.867232E-2 -1.244424E-7
1.435580E+5 -3.882164E-2 -1.147622E-7
1.445580E+5 -3.897095E-2 -1.073159E-7
1.455580E+5 -3.897095E-2 -9.763577E-8
1.465580E+5 -3.897095E-2 -8.291591E-8
1.475580E+5 -3.897095E-2 -7.264003E-8
1.485580E+5 -3.882164E-2 -6.288540E-8
1.495580E+5 -3.867232E-2 -5.134365E-8
1.505580E+5 -3.852301E-2 -3.816372E-8
1.515580E+5 -3.822438E-2 -3.324917E-8
1.525580E+5 -3.822438E-2 -3.198330E-8
1.535580E+5 -3.807507E-2 -3.131313E-8
1.545580E+5 -3.792576E-2 -3.071743E-8
1.555580E+5 -3.777644E-2 -3.034512E-8
1.565580E+5 -3.777644E-2 -2.989834E-8
1.575580E+5 -3.777644E-2 -2.952602E-8
1.585580E+5 -3.777644E-2 -2.915371E-8
1.595580E+5 -3.762713E-2 -2.893032E-8
1.605580E+5 -3.762713E-2 -2.863247E-8
