2.759000E+3 1.607962E-3 -6.504482E-9
3.759000E+3 1.539288E-3 -1.124777E-8
4.759000E+3 1.422041E-3 -1.453903E-8
5.759000E+3 1.147348E-3 -2.744106E-8
6.759000E+3 9.279278E-4 -4.196133E-8
7.759000E+3 6.247601E-4 -6.288540E-8
8.759000E+3 2.545939E-4 -8.544765E-8
9.759000E+3 -2.689600E-4 -1.015316E-7
1.075900E+4 -5.626416E-4 -1.151583E-7
1.175900E+4 -1.209321E-3 -1.309445E-7
1.275900E+4 -1.556038E-3 -1.307956E-7
1.375900E+4 -1.917829E-3 -1.305722E-7
1.475900E+4 -2.324844E-3 -1.384652E-7
1.575900E+4 -2.921130E-3 -1.616739E-7
1.675900E+4 -3.525847E-3 -1.788003E-7
1.775900E+4 -4.035970E-3 -1.936929E-7
1.875900E+4 -4.546092E-3 -1.788003E-7
1.975900E+4 -4.906178E-3 -1.586953E-7
2.075900E+4 -5.176243E-3 -1.452920E-7
2.175900E+4 -5.416301E-3 -1.341226E-7
2.275900E+4 -5.626352E-3 -1.236978E-7
2.375900E+4 -5.806395E-3 -1.162515E-7
2.475900E+4 -5.956431E-3 -1.095498E-7
2.575900E+4 -6.091463E-3 -1.021035E-7
2.675900E+4 -6.166481E-3 -9.316800E-8
2.775900E+4 -6.196489E-3 -7.606533E-8
2.875900E+4 -6.151478E-3 -6.236416E-8
2.975900E+4 -6.061456E-3 -4.821620E-8
3.075900E+4 -6.181485E-3 -6.147060E-8
3.175900E+4 -6.391535E-3 -7.658656E-8
3.275900E+4 -6.646597E-3 -8.820277E-8
3.375900E+4 -6.901658E-3 -1.010104E-7
3.475900E+4 -7.216733E-3 -1.068930E-7
3.575900E+4 -7.486798E-3 -1.068185E-7
3.675900E+4 -7.771867E-3 -1.112863E-7
3.775900E+4 -8.101947E-3 -1.220089E-7
3.875900E+4 -8.492040E-3 -1.350399E-7
3.975900E+4 -9.032169E-3 -1.534829E-7
4.075900E+4 -9.287231E-3 -1.400796E-7
4.175900E+4 -9.542292E-3 -1.274209E-7
4.275900E+4 -9.752342E-3 -1.169961E-7
4.375900E+4 -9.917382E-3 -1.073159E-7
4.475900E+4 -1.003741E-2 -9.986966E-8
4.575900E+4 -1.015744E-2 -9.391263E-8
4.675900E+4 -1.026247E-2 -8.870023E-8
4.775900E+4 -1.033748E-2 -8.142665E-8
4.875900E+4 -1.033748E-2 -7.472499E-8
4.975900E+4 -1.033748E-2 -6.310879E-8
5.075900E+4 -1.024746E-2 -4.881191E-8
5.175900E+4 -1.015744E-2 -3.965297E-8
5.275900E+4 -1.024746E-2 -5.171596E-8
5.375900E+4 -1.044251E-2 -6.578945E-8
5.475900E+4 -1.066756E-2 -7.576747E-8
5.575900E+4 -1.093763E-2 -8.552211E-8
5.675900E+4 -1.119269E-2 -9.073451E-8
5.775900E+4 -1.141774E-2 -9.162807E-8
5.875900E+4 -1.165780E-2 -9.587245E-8
5.975900E+4 -1.192787E-2 -1.042123E-7
6.075900E+4 -1.225794E-2 -1.156051E-7
6.175900E+4 -1.263303E-2 -1.272213E-7
6.275900E+4 -1.296311E-2 -1.195516E-7
6.375900E+4 -1.317316E-2 -1.092758E-7
6.475900E+4 -1.332320E-2 -1.004147E-7
6.575900E+4 -1.344323E-2 -9.281948E-8
6.675900E+4 -1.353325E-2 -8.656459E-8
6.775900E+4 -1.362327E-2 -8.165004E-8
6.875900E+4 -1.369829E-2 -7.718227E-8
6.975900E+4 -1.372830E-2 -7.182094E-8
7.075900E+4 -1.372830E-2 -6.422573E-8
7.175900E+4 -1.371329E-2 -5.417324E-8
7.275900E+4 -1.359327E-2 -4.099331E-8
7.375900E+4 -1.351825E-2 -3.525966E-8
7.475900E+4 -1.362327E-2 -4.799282E-8
7.575900E+4 -1.378831E-2 -5.998135E-8
7.675900E+4 -1.399836E-2 -6.958706E-8
7.775900E+4 -1.423842E-2 -7.807582E-8
7.875900E+4 -1.446347E-2 -8.135218E-8
7.975900E+4 -1.465852E-2 -8.187343E-8
8.075900E+4 -1.486857E-2 -8.678798E-8
8.175900E+4 -1.512363E-2 -9.445765E-8
8.275900E+4 -1.540870E-2 -1.046591E-7
8.375900E+4 -1.572378E-2 -1.151583E-7
8.475900E+4 -1.597884E-2 -1.060739E-7
8.575900E+4 -1.614388E-2 -9.646816E-8
8.675900E+4 -1.627891E-2 -8.887294E-8
8.775900E+4 -1.638393E-2 -8.291591E-8
8.875900E+4 -1.645895E-2 -7.733119E-8
8.975900E+4 -1.651897E-2 -7.308681E-8
9.075900E+4 -1.656398E-2 -6.899135E-8
9.175900E+4 -1.657898E-2 -6.348110E-8
9.275900E+4 -1.656398E-2 -5.610927E-8
9.375900E+4 -1.651897E-2 -4.657802E-8
9.475900E+4 -1.638393E-2 -3.473842E-8
9.575900E+4 -1.633893E-2 -3.362148E-8
9.675900E+4 -1.645895E-2 -4.687588E-8
9.775900E+4 -1.663900E-2 -5.737515E-8
9.875900E+4 -1.681904E-2 -6.593838E-8
9.975900E+4 -1.704410E-2 -7.390590E-8
1.007590E+5 -1.723914E-2 -7.546962E-8
1.017590E+5 -1.741919E-2 -7.599087E-8
1.027590E+5 -1.761423E-2 -8.150111E-8
1.037590E+5 -1.785429E-2 -8.946865E-8
1.047590E+5 -1.812435E-2 -9.818080E-8
1.057590E+5 -1.842443E-2 -1.061483E-7
1.067590E+5 -1.863448E-2 -9.602138E-8
1.077590E+5 -1.876951E-2 -8.730922E-8
1.087590E+5 -1.885953E-2 -8.030970E-8
1.097590E+5 -1.894955E-2 -7.494838E-8
1.107590E+5 -1.902457E-2 -7.010829E-8
1.117590E+5 -1.908458E-2 -6.660854E-8
1.127590E+5 -1.912959E-2 -6.348110E-8
1.137590E+5 -1.912959E-2 -5.744960E-8
1.147590E+5 -1.909959E-2 -5.030117E-8
1.157590E+5 -1.899456E-2 -4.062099E-8
1.167590E+5 -1.887453E-2 -3.079189E-8
1.177590E+5 -1.885953E-2 -3.451504E-8
1.187590E+5 -1.899456E-2 -4.709926E-8
1.197590E+5 -1.918961E-2 -5.543911E-8
1.207590E+5 -1.938466E-2 -6.377895E-8
1.217590E+5 -1.957970E-2 -6.988490E-8
1.227590E+5 -1.975975E-2 -7.040615E-8
1.237590E+5 -1.992479E-2 -7.129970E-8
1.247590E+5 -2.011983E-2 -7.740566E-8
1.257590E+5 -2.035989E-2 -8.522426E-8
1.267590E+5 -2.061495E-2 -9.378749E-8
1.277590E+5 -2.087001E-2 -9.542568E-8
1.287590E+5 -2.103505E-2 -8.730922E-8
1.297590E+5 -2.115508E-2 -7.986293E-8
1.307590E+5 -2.123010E-2 -7.375698E-8
1.317590E+5 -2.130512E-2 -6.906581E-8
1.327590E+5 -2.135013E-2 -6.474697E-8
1.337590E+5 -2.138014E-2 -6.132168E-8
1.347590E+5 -2.141014E-2 -5.789638E-8
1.357590E+5 -2.139514E-2 -5.216274E-8
1.367590E+5 -2.135013E-2 -4.523769E-8
1.377590E+5 -2.126011E-2 -3.518520E-8
1.387590E+5 -2.114008E-2 -2.818569E-8
1.397590E+5 -2.109507E-2 -2.691982E-8
1.407590E+5 -2.106506E-2 -2.610073E-8
1.417590E+5 -2.103505E-2 -2.550503E-8
1.427590E+5 -2.100505E-2 -2.498379E-8
1.437590E+5 -2.099004E-2 -2.461147E-8
1.447590E+5 -2.096004E-2 -2.431362E-8
1.457590E+5 -2.094503E-2 -2.394131E-8
1.467590E+5 -2.093003E-2 -2.371792E-8
1.477590E+5 -2.093003E-2 -2.342007E-8
