2.357000E+3 1.605386E-2 -7.591640E-8
3.357000E+3 1.579879E-2 -1.015316E-7
4.357000E+3 1.539370E-2 -1.342208E-7
5.357000E+3 1.483856E-2 -1.788003E-7
6.357000E+3 1.444847E-2 -1.974161E-7
7.357000E+3 1.392334E-2 -2.376260E-7
8.357000E+3 1.341322E-2 -2.495401E-7
9.357000E+3 1.291810E-2 -2.577310E-7
1.035700E+4 1.242298E-2 -2.629434E-7
1.135700E+4 1.186785E-2 -2.793252E-7
1.235700E+4 1.119269E-2 -3.105997E-7
1.335700E+4 1.045751E-2 -3.403848E-7
1.435700E+4 9.842364E-3 -3.374063E-7
1.535700E+4 9.422264E-3 -3.046426E-7
1.635700E+4 9.107187E-3 -2.718789E-7
1.735700E+4 8.837122E-3 -2.450723E-7
1.835700E+4 8.567058E-3 -2.279458E-7
1.935700E+4 8.342003E-3 -2.115640E-7
2.035700E+4 8.161960E-3 -1.922037E-7
2.135700E+4 8.041931E-3 -1.698648E-7
2.235700E+4 7.996921E-3 -1.438028E-7
2.335700E+4 8.011924E-3 -1.207193E-7
2.435700E+4 8.116949E-3 -9.316800E-8
2.535700E+4 8.311996E-3 -6.653408E-8
2.635700E+4 8.311996E-3 -6.392788E-8
2.735700E+4 8.086942E-3 -8.626674E-8
2.835700E+4 7.786870E-3 -1.149350E-7
2.935700E+4 7.471795E-3 -1.377951E-7
3.035700E+4 7.036690E-3 -1.683755E-7
3.135700E+4 6.781629E-3 -1.750772E-7
3.235700E+4 6.466553E-3 -1.847574E-7
3.335700E+4 6.136474E-3 -1.907144E-7
3.435700E+4 5.761384E-3 -2.070962E-7
3.535700E+4 5.296273E-3 -2.301797E-7
3.635700E+4 4.786150E-3 -2.540079E-7
3.735700E+4 4.321038E-3 -2.540079E-7
3.835700E+4 4.005962E-3 -2.324136E-7
3.935700E+4 3.780908E-3 -2.093301E-7
4.035700E+4 3.600865E-3 -1.877359E-7
4.135700E+4 3.435825E-3 -1.735879E-7
4.235700E+4 3.285789E-3 -1.616739E-7
4.335700E+4 3.165761E-3 -1.475259E-7
4.435700E+4 3.120749E-3 -1.311441E-7
4.535700E+4 3.120749E-3 -1.117837E-7
4.635700E+4 3.195768E-3 -9.316800E-8
4.735700E+4 3.390815E-3 -6.824672E-8
4.835700E+4 3.540851E-3 -5.476894E-8
4.935700E+4 3.555854E-3 -5.193935E-8
5.035700E+4 3.345804E-3 -7.137417E-8
5.135700E+4 3.090743E-3 -9.505337E-8
5.235700E+4 2.805674E-3 -1.134457E-7
5.335700E+4 2.505602E-3 -1.335507E-7
5.435700E+4 2.115508E-3 -1.490152E-7
5.535700E+4 1.890454E-3 -1.534829E-7
5.635700E+4 1.623036E-3 -1.601846E-7
5.735700E+4 1.343318E-3 -1.720987E-7
5.835700E+4 9.262529E-4 -1.929483E-7
5.935700E+4 4.622890E-4 -2.167764E-7
6.035700E+4 4.765625E-6 -2.137979E-7
6.135700E+4 -2.242822E-4 -1.989053E-7
6.235700E+4 -3.666553E-4 -1.780557E-7
6.335700E+4 -4.935400E-4 -1.609292E-7
6.435700E+4 -7.453572E-4 -1.467813E-7
6.535700E+4 -8.224053E-4 -1.385904E-7
6.635700E+4 -9.128532E-4 -1.274209E-7
6.735700E+4 -9.379776E-4 -1.125283E-7
6.835700E+4 -9.111782E-4 -9.689114E-8
6.935700E+4 -7.972809E-4 -7.680995E-8
7.035700E+4 -6.532344E-4 -6.176845E-8
7.135700E+4 -4.622890E-4 -4.695034E-8
7.235700E+4 -4.405145E-4 -4.635463E-8
7.335700E+4 -6.599342E-4 -6.482144E-8
7.435700E+4 -9.195530E-4 -8.604335E-8
7.535700E+4 -1.177497E-3 -1.030209E-7
7.635700E+4 -1.468940E-3 -1.195516E-7
7.735700E+4 -1.726884E-3 -1.301254E-7
7.835700E+4 -1.959703E-3 -1.369760E-7
7.935700E+4 -2.210947E-3 -1.423373E-7
8.035700E+4 -2.581113E-3 -1.609292E-7
8.135700E+4 -2.877581E-3 -1.735879E-7
8.235700E+4 -3.420822E-3 -1.981607E-7
8.335700E+4 -3.660880E-3 -1.914590E-7
8.435700E+4 -3.900937E-3 -1.758218E-7
8.535700E+4 -4.065977E-3 -1.572061E-7
8.635700E+4 -4.186006E-3 -1.415689E-7
8.735700E+4 -4.306034E-3 -1.326333E-7
8.835700E+4 -4.411060E-3 -1.236978E-7
8.935700E+4 -4.486078E-3 -1.132730E-7
9.035700E+4 -4.486078E-3 -9.986966E-8
9.135700E+4 -4.426064E-3 -8.299038E-8
9.235700E+4 -4.336042E-3 -7.070400E-8
9.335700E+4 -4.155998E-3 -5.327968E-8
9.435700E+4 -3.990959E-3 -4.203579E-8
9.535700E+4 -4.020966E-3 -4.486538E-8
9.635700E+4 -4.246020E-3 -6.452358E-8
9.735700E+4 -4.486078E-3 -8.194790E-8
9.835700E+4 -4.741139E-3 -9.795741E-8
9.935700E+4 -5.011204E-3 -1.126266E-7
1.003570E+5 -5.251261E-3 -1.202218E-7
1.013570E+5 -5.491319E-3 -1.273703E-7
1.023570E+5 -5.746380E-3 -1.333273E-7
1.033570E+5 -6.091463E-3 -1.519937E-7
1.043570E+5 -6.391535E-3 -1.646524E-7
1.053570E+5 -6.736618E-3 -1.840127E-7
1.063570E+5 -7.021687E-3 -1.750772E-7
1.073570E+5 -7.201730E-3 -1.594400E-7
1.083570E+5 -7.336762E-3 -1.415689E-7
1.093570E+5 -7.456791E-3 -1.303994E-7
1.103570E+5 -7.576820E-3 -1.222085E-7
1.113570E+5 -7.666842E-3 -1.140176E-7
1.123570E+5 -7.711852E-3 -1.050821E-7
1.133570E+5 -7.726857E-3 -9.316800E-8
1.143570E+5 -7.651838E-3 -7.658656E-8
1.153570E+5 -7.546813E-3 -6.422573E-8
1.163570E+5 -7.351766E-3 -4.784389E-8
1.173570E+5 -7.231737E-3 -3.898281E-8
1.183570E+5 -7.306755E-3 -4.739712E-8
1.193570E+5 -7.546813E-3 -6.564052E-8
1.203570E+5 -7.786870E-3 -8.165004E-8
1.213570E+5 -8.041931E-3 -9.847865E-8
1.223570E+5 -8.281990E-3 -1.097226E-7
1.233570E+5 -8.522048E-3 -1.158285E-7
1.243570E+5 -8.762104E-3 -1.211898E-7
1.253570E+5 -9.002163E-3 -1.283383E-7
1.263570E+5 -9.287231E-3 -1.419650E-7
1.273570E+5 -9.722336E-3 -1.676309E-7
1.283570E+5 -1.002241E-2 -1.743325E-7
1.293570E+5 -1.027747E-2 -1.616739E-7
1.303570E+5 -1.042750E-2 -1.430581E-7
1.313570E+5 -1.053253E-2 -1.281656E-7
1.323570E+5 -1.065256E-2 -1.184854E-7
1.333570E+5 -1.072758E-2 -1.102945E-7
1.343570E+5 -1.080259E-2 -1.028482E-7
1.353570E+5 -1.083260E-2 -9.316800E-8
1.363570E+5 -1.078759E-2 -7.904384E-8
1.373570E+5 -1.072758E-2 -6.824672E-8
1.383570E+5 -1.057754E-2 -5.335414E-8
1.393570E+5 -1.036749E-2 -3.950405E-8
1.403570E+5 -1.029247E-2 -3.548305E-8
1.413570E+5 -1.024746E-2 -3.406826E-8
1.423570E+5 -1.021746E-2 -3.332363E-8
1.433570E+5 -1.020245E-2 -3.272793E-8
1.443570E+5 -1.017244E-2 -3.220669E-8
1.453570E+5 -1.015744E-2 -3.175991E-8
1.463570E+5 -1.014244E-2 -3.146206E-8
