2.156000E+3 -1.429843E-2 -1.058267E-7
3.156000E+3 -1.476355E-2 -1.363565E-7
4.156000E+3 -1.543871E-2 -1.780557E-7
5.156000E+3 -1.611387E-2 -2.123086E-7
6.156000E+3 -1.669901E-2 -2.309244E-7
7.156000E+3 -1.714912E-2 -2.368814E-7
8.156000E+3 -1.758422E-2 -2.398599E-7
9.156000E+3 -1.819937E-2 -2.577310E-7
1.015600E+4 -1.912959E-2 -2.949624E-7
1.115600E+4 -2.010483E-2 -3.329385E-7
1.215600E+4 -2.114008E-2 -3.709146E-7
1.315600E+4 -2.147016E-2 -3.508096E-7
1.415600E+4 -2.171022E-2 -3.232583E-7
1.515600E+4 -2.178524E-2 -2.890054E-7
1.615600E+4 -2.178524E-2 -2.547525E-7
1.715600E+4 -2.190526E-2 -2.339029E-7
1.815600E+4 -2.207030E-2 -2.175210E-7
1.915600E+4 -2.223534E-2 -2.011392E-7
2.015600E+4 -2.231036E-2 -1.817788E-7
2.115600E+4 -2.228035E-2 -1.534829E-7
2.215600E+4 -2.210031E-2 -1.199746E-7
2.315600E+4 -2.187525E-2 -8.721097E-8
2.415600E+4 -2.172522E-2 -6.556606E-8
2.515600E+4 -2.183024E-2 -7.457606E-8
2.615600E+4 -2.220533E-2 -1.037655E-7
2.715600E+4 -2.267045E-2 -1.342953E-7
2.815600E+4 -2.324058E-2 -1.683755E-7
2.915600E+4 -2.358567E-2 -1.795450E-7
3.015600E+4 -2.396076E-2 -1.869912E-7
3.115600E+4 -2.432084E-2 -1.929483E-7
3.215600E+4 -2.483097E-2 -2.137979E-7
3.315600E+4 -2.558115E-2 -2.443277E-7
3.415600E+4 -2.636133E-2 -2.748575E-7
3.515600E+4 -2.715652E-2 -3.001748E-7
3.615600E+4 -2.748660E-2 -2.860269E-7
3.715600E+4 -2.771166E-2 -2.644327E-7
3.815600E+4 -2.768165E-2 -2.294351E-7
3.915600E+4 -2.775667E-2 -2.056070E-7
4.015600E+4 -2.789170E-2 -1.899698E-7
4.115600E+4 -2.804174E-2 -1.780557E-7
4.215600E+4 -2.816177E-2 -1.668863E-7
4.315600E+4 -2.823678E-2 -1.482705E-7
4.415600E+4 -2.819177E-2 -1.259317E-7
4.515600E+4 -2.804174E-2 -9.838040E-8
4.615600E+4 -2.784669E-2 -6.750209E-8
4.715600E+4 -2.778668E-2 -5.804531E-8
4.815600E+4 -2.787670E-2 -6.720424E-8
4.915600E+4 -2.820678E-2 -9.393642E-8
5.015600E+4 -2.911623E-2 -1.261788E-7
5.115600E+4 -2.926554E-2 -1.497598E-7
5.215600E+4 -2.956417E-2 -1.586953E-7
5.315600E+4 -2.986280E-2 -1.653970E-7
5.415600E+4 -3.016143E-2 -1.713540E-7
5.515600E+4 -3.060937E-2 -1.862466E-7
5.615600E+4 -3.135594E-2 -2.152871E-7
5.715600E+4 -3.210251E-2 -2.458169E-7
5.815600E+4 -3.284908E-2 -2.674112E-7
5.915600E+4 -3.314771E-2 -2.532632E-7
6.015600E+4 -3.329702E-2 -2.294351E-7
6.115600E+4 -3.314771E-2 -1.959268E-7
6.215600E+4 -3.329702E-2 -1.780557E-7
6.315600E+4 -3.344633E-2 -1.661416E-7
6.415600E+4 -3.359565E-2 -1.557168E-7
6.515600E+4 -3.374496E-2 -1.452920E-7
6.615600E+4 -3.374496E-2 -1.296548E-7
6.715600E+4 -3.374496E-2 -1.088052E-7
6.815600E+4 -3.344633E-2 -7.807582E-8
6.915600E+4 -3.344633E-2 -6.094936E-8
7.015600E+4 -3.329702E-2 -5.208828E-8
7.115600E+4 -3.344633E-2 -6.631069E-8
7.215600E+4 -3.374496E-2 -9.170253E-8
7.315600E+4 -3.404359E-2 -1.147860E-7
7.415600E+4 -3.449153E-2 -1.357846E-7
7.515600E+4 -3.493948E-2 -1.497598E-7
7.615600E+4 -3.523810E-2 -1.519937E-7
7.715600E+4 -3.538742E-2 -1.579507E-7
7.815600E+4 -3.583536E-2 -1.720987E-7
7.915600E+4 -3.643262E-2 -1.989053E-7
8.015600E+4 -3.732850E-2 -2.294351E-7
8.115600E+4 -3.792576E-2 -2.420938E-7
8.215600E+4 -3.837370E-2 -2.286905E-7
8.315600E+4 -3.837370E-2 -2.003946E-7
8.415600E+4 -3.837370E-2 -1.728433E-7
8.515600E+4 -3.852301E-2 -1.594400E-7
8.615600E+4 -3.867232E-2 -1.490152E-7
8.715600E+4 -3.882164E-2 -1.393350E-7
8.815600E+4 -3.882164E-2 -1.303994E-7
8.915600E+4 -3.897095E-2 -1.140176E-7
9.015600E+4 -3.882164E-2 -9.391263E-8
9.115600E+4 -3.867232E-2 -6.660854E-8
9.215600E+4 -3.852301E-2 -5.223720E-8
9.315600E+4 -3.852301E-2 -5.007778E-8
9.415600E+4 -3.882164E-2 -6.876797E-8
9.515600E+4 -3.897095E-2 -9.170253E-8
9.615600E+4 -3.941889E-2 -1.133712E-7
9.715600E+4 -3.971752E-2 -1.317636E-7
9.815600E+4 -4.001615E-2 -1.380185E-7
9.915600E+4 -4.031478E-2 -1.423373E-7
1.001560E+5 -4.061341E-2 -1.542276E-7
1.011560E+5 -4.106135E-2 -1.653970E-7
1.021560E+5 -4.165861E-2 -1.936929E-7
1.031560E+5 -4.240518E-2 -2.197549E-7
1.041560E+5 -4.285312E-2 -2.227334E-7
1.051560E+5 -4.300243E-2 -2.078409E-7
1.061560E+5 -4.300243E-2 -1.750772E-7
1.071560E+5 -4.300243E-2 -1.549722E-7
1.081560E+5 -4.315175E-2 -1.430581E-7
1.091560E+5 -4.330106E-2 -1.363565E-7
1.101560E+5 -4.330106E-2 -1.266763E-7
1.111560E+5 -4.345037E-2 -1.169961E-7
1.121560E+5 -4.345037E-2 -1.006143E-7
1.131560E+5 -4.330106E-2 -7.755458E-8
1.141560E+5 -4.330106E-2 -6.042812E-8
1.151560E+5 -4.315175E-2 -4.724819E-8
1.161560E+5 -4.315175E-2 -5.149257E-8
1.171560E+5 -4.345037E-2 -7.234218E-8
1.181560E+5 -4.374900E-2 -9.326625E-8
1.191560E+5 -4.404763E-2 -1.133712E-7
1.201560E+5 -4.434626E-2 -1.269235E-7
1.211560E+5 -4.464488E-2 -1.309445E-7
1.221560E+5 -4.479420E-2 -1.352633E-7
1.231560E+5 -4.524214E-2 -1.482705E-7
1.241560E+5 -4.569008E-2 -1.616739E-7
1.251560E+5 -4.643665E-2 -1.914590E-7
1.261560E+5 -4.703391E-2 -2.137979E-7
1.271560E+5 -4.733254E-2 -2.063516E-7
1.281560E+5 -4.748185E-2 -1.847574E-7
1.291560E+5 -4.733254E-2 -1.549722E-7
1.301560E+5 -4.748185E-2 -1.400796E-7
1.311560E+5 -4.763117E-2 -1.326333E-7
1.321560E+5 -4.763117E-2 -1.244424E-7
1.331560E+5 -4.778048E-2 -1.169961E-7
1.341560E+5 -4.778048E-2 -1.050821E-7
1.351560E+5 -4.778048E-2 -8.870023E-8
1.361560E+5 -4.763117E-2 -6.541713E-8
1.371560E+5 -4.763117E-2 -5.171596E-8
1.381560E+5 -4.748185E-2 -4.426968E-8
1.391560E+5 -4.748185E-2 -4.307827E-8
1.401560E+5 -4.748185E-2 -4.225917E-8
1.411560E+5 -4.748185E-2 -4.181240E-8
1.421560E+5 -4.748185E-2 -4.144009E-8
1.431560E+5 -4.748185E-2 -4.099331E-8
1.441560E+5 -4.748185E-2 -4.069545E-8
1.451560E+5 -4.748185E-2 -4.032314E-8
1.461560E+5 -4.748185E-2 -4.002529E-8
