2.759000E+3 3.150757E-3 1.533935E-10
3.759000E+3 3.165761E-3 -4.872003E-11
4.759000E+3 3.135753E-3 -6.437466E-9
5.759000E+3 3.120749E-3 -8.671352E-9
6.759000E+3 3.090743E-3 -1.029464E-8
7.759000E+3 2.985717E-3 -3.756801E-8
8.759000E+3 2.925703E-3 -3.287685E-8
9.759000E+3 2.790670E-3 -5.260951E-8
1.075900E+4 2.580620E-3 -8.634120E-8
1.175900E+4 2.325559E-3 -1.199984E-7
1.275900E+4 1.905458E-3 -1.624185E-7
1.375900E+4 1.664910E-3 -1.773111E-7
1.475900E+4 1.435441E-3 -1.810342E-7
1.575900E+4 1.113848E-3 -1.944375E-7
1.675900E+4 7.604318E-4 -2.145425E-7
1.775900E+4 3.952906E-4 -2.324136E-7
1.875900E+4 -1.385010E-4 -2.681558E-7
1.975900E+4 -4.592871E-4 -2.912393E-7
2.075900E+4 -8.961036E-4 -2.607095E-7
2.175900E+4 -1.093749E-3 -2.368814E-7
2.275900E+4 -1.291394E-3 -2.115640E-7
2.375900E+4 -1.462240E-3 -1.884805E-7
2.475900E+4 -1.597912E-3 -1.713540E-7
2.575900E+4 -1.700084E-3 -1.564615E-7
2.675900E+4 -1.768758E-3 -1.423135E-7
2.775900E+4 -1.795557E-3 -1.251870E-7
2.875900E+4 -1.773783E-3 -1.006143E-7
2.975900E+4 -1.661560E-3 -6.310879E-8
3.075900E+4 -1.591212E-3 -4.635463E-8
3.175900E+4 -1.636436E-3 -5.878994E-8
3.275900E+4 -1.777133E-3 -8.626674E-8
3.375900E+4 -1.961378E-3 -1.101693E-7
3.475900E+4 -2.172423E-3 -1.283383E-7
3.575900E+4 -2.365044E-3 -1.362313E-7
3.675900E+4 -2.617962E-3 -1.490152E-7
3.775900E+4 -2.795508E-3 -1.564615E-7
3.875900E+4 -3.046752E-3 -1.720987E-7
3.975900E+4 -3.420822E-3 -1.951822E-7
4.075900E+4 -3.645876E-3 -2.130533E-7
4.175900E+4 -3.870930E-3 -1.944375E-7
4.275900E+4 -4.035970E-3 -1.743325E-7
4.375900E+4 -4.155998E-3 -1.564615E-7
4.475900E+4 -4.261024E-3 -1.415689E-7
4.575900E+4 -4.336042E-3 -1.311441E-7
4.675900E+4 -4.396056E-3 -1.199746E-7
4.775900E+4 -4.441067E-3 -1.088052E-7
4.875900E+4 -4.411060E-3 -9.242337E-8
4.975900E+4 -4.321038E-3 -6.519375E-8
5.075900E+4 -4.201009E-3 -4.598232E-8
5.175900E+4 -4.110988E-3 -3.421718E-8
5.275900E+4 -4.201009E-3 -5.238613E-8
5.375900E+4 -4.351045E-3 -7.457606E-8
5.475900E+4 -4.531088E-3 -9.542568E-8
5.575900E+4 -4.726136E-3 -1.101693E-7
5.675900E+4 -4.891175E-3 -1.166476E-7
5.775900E+4 -5.071219E-3 -1.243917E-7
5.875900E+4 -5.266265E-3 -1.363058E-7
5.975900E+4 -5.536330E-3 -1.564615E-7
6.075900E+4 -5.731377E-3 -1.676309E-7
6.175900E+4 -5.986438E-3 -1.795450E-7
6.275900E+4 -6.151478E-3 -1.653970E-7
6.375900E+4 -6.286510E-3 -1.467813E-7
6.475900E+4 -6.376532E-3 -1.318887E-7
6.575900E+4 -6.466553E-3 -1.207193E-7
6.675900E+4 -6.511564E-3 -1.110391E-7
6.775900E+4 -6.556575E-3 -1.013589E-7
6.875900E+4 -6.571579E-3 -9.167874E-8
6.975900E+4 -6.511564E-3 -7.182094E-8
7.075900E+4 -6.436546E-3 -5.529018E-8
7.175900E+4 -6.286510E-3 -3.451504E-8
7.275900E+4 -6.241499E-3 -3.041957E-8
7.375900E+4 -6.346525E-3 -5.156704E-8
7.475900E+4 -6.511564E-3 -7.182094E-8
7.575900E+4 -6.661600E-3 -8.976649E-8
7.675900E+4 -6.781629E-3 -9.981898E-8
7.775900E+4 -6.931665E-3 -1.057760E-7
7.875900E+4 -7.111708E-3 -1.138180E-7
7.975900E+4 -7.291751E-3 -1.254342E-7
8.075900E+4 -7.501802E-3 -1.390609E-7
8.175900E+4 -7.786870E-3 -1.624185E-7
8.275900E+4 -7.936906E-3 -1.572061E-7
8.375900E+4 -8.086942E-3 -1.430581E-7
8.475900E+4 -8.191967E-3 -1.281656E-7
8.575900E+4 -8.266985E-3 -1.155069E-7
8.675900E+4 -8.327001E-3 -1.058267E-7
8.775900E+4 -8.387014E-3 -9.689114E-8
8.875900E+4 -8.402019E-3 -8.870023E-8
8.975900E+4 -8.387014E-3 -7.494838E-8
9.075900E+4 -8.342003E-3 -6.228969E-8
9.175900E+4 -8.206972E-3 -4.248257E-8
9.275900E+4 -8.086942E-3 -2.714321E-8
9.375900E+4 -8.101947E-3 -3.377041E-8
9.475900E+4 -8.236978E-3 -5.447109E-8
9.575900E+4 -8.387014E-3 -7.301235E-8
9.675900E+4 -8.567058E-3 -8.768153E-8
9.775900E+4 -8.717094E-3 -9.415981E-8
9.875900E+4 -8.867130E-3 -1.001913E-7
9.975900E+4 -9.032169E-3 -1.092013E-7
1.007590E+5 -9.197210E-3 -1.200729E-7
1.017590E+5 -9.392256E-3 -1.343698E-7
1.027590E+5 -9.677324E-3 -1.579507E-7
1.037590E+5 -9.812357E-3 -1.438028E-7
1.047590E+5 -9.917382E-3 -1.266763E-7
1.057590E+5 -1.000740E-2 -1.132730E-7
1.067590E+5 -1.008242E-2 -1.035928E-7
1.077590E+5 -1.012743E-2 -9.540188E-8
1.087590E+5 -1.015744E-2 -8.721097E-8
1.097590E+5 -1.017244E-2 -7.748012E-8
1.107590E+5 -1.014244E-2 -6.675747E-8
1.117590E+5 -1.005241E-2 -5.104580E-8
1.127590E+5 -9.902379E-3 -3.205776E-8
1.137590E+5 -9.827361E-3 -2.461147E-8
1.147590E+5 -9.902379E-3 -4.062099E-8
1.157590E+5 -1.005241E-2 -5.886440E-8
1.167590E+5 -1.021746E-2 -7.502285E-8
1.177590E+5 -1.038249E-2 -8.589442E-8
1.187590E+5 -1.051753E-2 -9.073451E-8
1.197590E+5 -1.066756E-2 -9.751064E-8
1.207590E+5 -1.083260E-2 -1.068185E-7
1.217590E+5 -1.099764E-2 -1.179879E-7
1.227590E+5 -1.120769E-2 -1.325827E-7
1.237590E+5 -1.141774E-2 -1.415182E-7
1.247590E+5 -1.155278E-2 -1.290084E-7
1.257590E+5 -1.165780E-2 -1.141159E-7
1.267590E+5 -1.171781E-2 -1.027975E-7
1.277590E+5 -1.177783E-2 -9.430873E-8
1.287590E+5 -1.182284E-2 -8.701137E-8
1.297590E+5 -1.185285E-2 -7.971401E-8
1.307590E+5 -1.183784E-2 -7.070400E-8
1.317590E+5 -1.179283E-2 -5.744960E-8
1.327590E+5 -1.168781E-2 -4.069545E-8
1.337590E+5 -1.153777E-2 -2.438808E-8
1.347590E+5 -1.149276E-2 -2.267544E-8
1.357590E+5 -1.146275E-2 -2.207973E-8
1.367590E+5 -1.143275E-2 -2.185634E-8
1.377590E+5 -1.141774E-2 -2.155849E-8
1.387590E+5 -1.141774E-2 -2.133510E-8
1.397590E+5 -1.138774E-2 -2.111172E-8
1.407590E+5 -1.138774E-2 -2.088833E-8
1.417590E+5 -1.137273E-2 -2.066494E-8
