2.558000E+3 3.628330E-2 4.474459E-10
3.558000E+3 3.732850E-2 4.375682E-10
4.558000E+3 3.867232E-2 4.413674E-10
5.558000E+3 3.867232E-2 3.798215E-10
6.558000E+3 3.628330E-2 2.871228E-10
7.558000E+3 3.195320E-2 1.602319E-10
8.558000E+3 2.135190E-2 -6.923532E-11
9.558000E+3 1.060755E-2 -2.371568E-10
1.055800E+4 2.940706E-3 -3.450520E-10
1.155800E+4 -4.816157E-3 -3.792441E-10
1.255800E+4 -1.342823E-2 -5.160127E-10
1.355800E+4 -2.256542E-2 -5.919952E-10
1.455800E+4 -3.732850E-2 -8.609733E-10
1.555800E+4 -3.762713E-2 -5.752790E-10
1.655800E+4 -3.912027E-2 -4.947376E-10
1.755800E+4 -4.300243E-2 -5.562834E-10
1.855800E+4 -4.912430E-2 -6.368249E-10
1.955800E+4 -5.614206E-2 -6.915323E-10
2.055800E+4 -6.301051E-2 -7.644755E-10
2.155800E+4 -6.644473E-2 -5.684406E-10
2.255800E+4 -5.703795E-2 -2.622310E-10
2.355800E+4 -5.270784E-2 -2.348773E-10
2.455800E+4 -5.151333E-2 -2.508336E-10
2.555800E+4 -5.061744E-2 -2.287987E-10
2.655800E+4 -4.897499E-2 -1.908074E-10
2.755800E+4 -4.748185E-2 -1.657331E-10
2.855800E+4 -4.613803E-2 -1.649733E-10
2.955800E+4 -4.494351E-2 -1.414187E-10
3.055800E+4 -4.210655E-2 -7.607375E-11
3.155800E+4 -3.792576E-2 5.227565E-12
3.255800E+4 -3.314771E-2 7.817081E-11
3.355800E+4 -2.657789E-2 1.830267E-10
3.455800E+4 -2.642858E-2 4.473849E-11
3.555800E+4 -2.807103E-2 -3.732266E-11
3.655800E+4 -3.120663E-2 -1.262222E-10
3.755800E+4 -3.508879E-2 -2.060039E-10
3.855800E+4 -3.867232E-2 -2.189209E-10
3.955800E+4 -3.882164E-2 -1.816895E-10
4.055800E+4 -3.926958E-2 -1.870083E-10
4.155800E+4 -4.165861E-2 -2.417157E-10
4.255800E+4 -4.494351E-2 -2.956633E-10
4.355800E+4 -4.822842E-2 -3.290956E-10
4.455800E+4 -5.509686E-2 -4.803009E-10
4.555800E+4 -4.897499E-2 -1.619340E-10
4.655800E+4 -4.419694E-2 -9.734886E-11
4.755800E+4 -4.270380E-2 -1.019078E-10
4.855800E+4 -4.225586E-2 -1.277419E-10
4.955800E+4 -4.061341E-2 -7.531393E-11
5.055800E+4 -3.882164E-2 -6.239689E-11
5.155800E+4 -3.643262E-2 -4.416108E-11
5.255800E+4 -3.538742E-2 -3.808248E-11
5.355800E+4 -3.240114E-2 2.650268E-11
5.455800E+4 -2.807103E-2 9.716644E-11
5.555800E+4 -2.254641E-2 1.754284E-10
5.655800E+4 -1.614388E-2 2.362145E-10
5.755800E+4 -1.554373E-2 1.397167E-10
5.855800E+4 -1.704410E-2 5.385639E-11
5.955800E+4 -1.990978E-2 -5.403882E-11
6.055800E+4 -2.315056E-2 -1.133052E-10
6.155800E+4 -2.637634E-2 -1.520563E-10
6.255800E+4 -2.720154E-2 -1.383794E-10
6.355800E+4 -2.751661E-2 -1.178641E-10
6.455800E+4 -3.060937E-2 -1.710519E-10
6.555800E+4 -3.195320E-2 -1.968860E-10
6.655800E+4 -3.449153E-2 -2.386764E-10
6.755800E+4 -3.897095E-2 -3.731655E-10
6.855800E+4 -3.553673E-2 -1.262222E-10
6.955800E+4 -3.150525E-2 -5.479864E-11
7.055800E+4 -2.971349E-2 -5.631829E-11
7.155800E+4 -2.941486E-2 -8.443183E-11
7.255800E+4 -2.792172E-2 -5.175934E-11
7.355800E+4 -2.568201E-2 -1.832702E-11
7.455800E+4 -2.403955E-2 -7.689466E-12
7.555800E+4 -2.254641E-2 -3.890339E-12
7.655800E+4 -1.985876E-2 4.929744E-11
7.755800E+4 -1.452349E-2 1.366774E-10
7.855800E+4 -1.003741E-2 1.944241E-10
7.955800E+4 -4.921182E-3 2.354547E-10
8.055800E+4 -2.053501E-3 1.693499E-10
8.155800E+4 -3.975955E-3 7.133238E-11
8.255800E+4 -6.031449E-3 1.358564E-11
8.355800E+4 -9.452271E-3 -6.239689E-11
8.455800E+4 -1.308314E-2 -1.193838E-10
8.555800E+4 -1.473354E-2 -1.087462E-10
8.655800E+4 -1.539370E-2 -1.026676E-10
8.755800E+4 -1.669901E-2 -1.292615E-10
8.855800E+4 -1.849944E-2 -1.512965E-10
8.955800E+4 -2.053993E-2 -1.885279E-10
9.055800E+4 -2.268545E-2 -2.044843E-10
9.155800E+4 -2.298552E-2 -1.285017E-10
9.255800E+4 -1.873950E-2 -3.276370E-11
9.355800E+4 -1.719413E-2 -4.112178E-11
9.455800E+4 -1.653397E-2 -5.555847E-11
9.555800E+4 -1.543871E-2 -3.656283E-11
9.655800E+4 -1.344323E-2 -1.148859E-11
9.755800E+4 -1.152277E-2 5.987391E-12
9.855800E+4 -9.827361E-3 1.814460E-11
9.955800E+4 -7.306755E-3 5.537604E-11
1.005580E+5 -3.285789E-3 1.260398E-10
1.015580E+5 2.040490E-3 1.944241E-10
1.025580E+5 7.411780E-3 2.460922E-10
1.035580E+5 1.114768E-2 2.308957E-10
1.045580E+5 1.032248E-2 1.184415E-10
1.055580E+5 8.627073E-3 5.613587E-11
1.065580E+5 5.026207E-3 -4.340126E-11
1.075580E+5 4.204150E-4 -1.133052E-10
1.085580E+5 -1.020051E-3 -1.026676E-10
1.095580E+5 -6.951084E-4 -1.247026E-10
1.105580E+5 -2.718460E-3 -1.140650E-10
1.115580E+5 -5.461312E-3 -1.398991E-10
1.125580E+5 -6.211492E-3 -1.566152E-10
1.135580E+5 -8.522048E-3 -1.877681E-10
1.145580E+5 -9.902379E-3 -1.398991E-10
1.155580E+5 -5.776388E-3 -3.960213E-11
1.165580E+5 -3.900937E-3 -3.960213E-11
1.175580E+5 -3.000721E-3 -3.884231E-11
1.185580E+5 -2.730656E-3 -5.403882E-11
1.195580E+5 -3.852408E-4 -5.409990E-12
1.205580E+5 8.793540E-4 7.507042E-12
1.215580E+5 2.700036E-3 1.890442E-11
1.225580E+5 5.941427E-3 7.741098E-11
1.235580E+5 9.347246E-3 1.252800E-10
1.245580E+5 1.435845E-2 1.898651E-10
1.255580E+5 1.992479E-2 2.521708E-10
1.265580E+5 2.435085E-2 2.673673E-10
1.275580E+5 2.390074E-2 1.495944E-10
1.285580E+5 2.190526E-2 6.069482E-11
1.295580E+5 1.845443E-2 -2.060650E-11
1.305580E+5 1.408838E-2 -9.582921E-11
1.315580E+5 1.162779E-2 -1.011480E-10
1.325580E+5 1.077259E-2 -8.063270E-11
1.335580E+5 1.003741E-2 -8.595148E-11
1.345580E+5 8.026929E-3 -1.262222E-10
1.355580E+5 6.316517E-3 -1.543358E-10
1.365580E+5 3.990959E-3 -1.778904E-10
1.375580E+5 1.965472E-3 -1.528161E-10
1.385580E+5 6.916661E-3 -2.440563E-11
1.395580E+5 8.522048E-3 -2.972440E-11
1.405580E+5 9.287231E-3 -2.744493E-11
1.415580E+5 1.000740E-2 -4.947986E-11
1.425580E+5 1.168781E-2 -9.968942E-12
1.435580E+5 1.341322E-2 1.890442E-11
1.445580E+5 1.537869E-2 3.714023E-11
1.455580E+5 1.756922E-2 6.145465E-11
1.465580E+5 2.151517E-2 1.237603E-10
1.475580E+5 2.673642E-2 1.891053E-10
1.485580E+5 3.359565E-2 2.582494E-10
1.495580E+5 3.717919E-2 2.894023E-10
1.505580E+5 4.225586E-2 3.167560E-10
1.515580E+5 4.628734E-2 3.197953E-10
1.525580E+5 4.957224E-2 3.167560E-10
1.535580E+5 5.240921E-2 3.175158E-10
1.545580E+5 5.524618E-2 3.235944E-10
1.555580E+5 5.823246E-2 3.289132E-10
1.565580E+5 6.121874E-2 3.342319E-10
1.575580E+5 6.390639E-2 3.311927E-10
1.585580E+5 6.614611E-2 3.273935E-10
1.595580E+5 6.778856E-2 3.281533E-10
1.605580E+5 7.002826E-2 3.334721E-10
1.615580E+5 7.256660E-2 3.623455E-10
1.625580E+5 7.450768E-2 3.365114E-10
1.635580E+5 8.794595E-2 6.959089E-10
1.645580E+5 8.585555E-2 4.314896E-10
1.655580E+5 8.884183E-2 4.352887E-10
1.665580E+5 9.197742E-2 4.375682E-10
1.675580E+5 9.511302E-2 4.406075E-10
1.685580E+5 9.780067E-2 4.307298E-10
1.695580E+5 1.003390E-1 4.330093E-10
1.705580E+5 1.025787E-1 4.360486E-10
