12.734 1.432
21.383 1.285
30.032 1.160
38.681 1.052
47.329 0.958
55.978 0.876
64.627 0.803
73.276 0.739
81.925 0.681
92.990 0.630
104.055 0.583
115.120 0.541
126.185 0.502
137.251 0.467
148.316 0.435
159.381 0.406
170.446 0.379
181.512 0.354
192.577 0.331
203.642 0.309
214.707 0.289
225.773 0.271
236.838 0.254
247.903 0.238
258.968 0.223
270.034 0.209
281.099 0.196
292.164 0.184
303.229 0.172
314.295 0.161
325.360 0.151
336.425 0.142
347.490 0.133
358.556 0.124
369.737 0.116
380.918 0.109
392.099 0.102
403.280 0.095
414.461 0.089
425.642 0.083
436.823 0.078
448.004 0.072
459.185 0.067
470.366 0.063
481.547 0.058
492.728 0.054
503.909 0.050
515.090 0.046
526.271 0.043
537.452 0.039
548.633 0.036
559.814 0.033
570.995 0.030
582.176 0.028
593.357 0.025
604.538 0.023
615.719 0.021
626.900 0.019
638.082 0.017
649.376 0.015
660.670 0.013
671.964 0.012
683.258 0.010
694.552 0.009
705.846 0.007
717.140 0.006
728.434 0.005
739.728 0.004
751.022 0.003
762.316 0.002
773.610 0.001
784.904 0.001
796.198 0.000
807.492 0.001
818.786 0.002
830.080 0.002
841.374 0.003
852.668 0.004
863.962 0.005
875.256 0.006
886.550 0.007
897.844 0.007
909.138 0.008
920.432 0.009
931.412 0.010
942.392 0.011
953.371 0.012
964.351 0.013
975.330 0.014
986.310 0.015
997.289 0.016
1008.269 0.017
1019.248 0.018
1030.228 0.019
1041.208 0.020
1052.187 0.021
1063.167 0.022
1074.146 0.023
1085.126 0.024
1096.105 0.024
1107.085 0.025
1118.065 0.026
1129.044 0.026
1140.024 0.027
1151.003 0.028
1161.983 0.028
1172.962 0.029
1183.942 0.030
1194.921 0.030
1205.998 0.031
1217.074 0.032
1228.151 0.033
1239.227 0.034
1250.304 0.034
1261.380 0.035
1272.456 0.036
1283.533 0.037
1294.609 0.038
1305.686 0.038
1316.762 0.039
1327.838 0.040
1338.915 0.041
1349.991 0.042
1361.068 0.040
1372.144 0.037
1383.221 0.035
1394.297 0.033
1405.373 0.031
1416.450 0.030
1427.526 0.028
1438.603 0.026
1449.679 0.025
1460.756 0.023
1471.832 0.022
1483.132 0.020
1494.433 0.019
1505.734 0.018
1517.034 0.017
1528.335 0.015
1539.635 0.014
1550.936 0.013
1562.236 0.012
1573.537 0.012
1584.837 0.011
1596.138 0.010
1607.439 0.009
1618.739 0.009
1630.040 0.008
1641.340 0.009
1652.641 0.010
1663.941 0.011
1675.242 0.013
1686.542 0.014
1697.843 0.015
1709.144 0.016
1720.444 0.017
1731.745 0.018
1743.045 0.020
1754.346 0.021
1765.331 0.022
1776.315 0.023
1787.300 0.024
1798.285 0.025
1809.270 0.027
1820.255 0.028
1831.240 0.029
1842.225 0.030
1853.209 0.031
1864.194 0.032
1875.179 0.034
1886.164 0.035
1897.149 0.036
1908.134 0.037
1919.118 0.039
1930.103 0.040
1941.088 0.042
1952.073 0.043
1963.058 0.045
1974.043 0.047
1985.027 0.048
1996.012 0.050
2006.997 0.051
2017.982 0.053
2028.967 0.054
2039.981 0.056
2050.995 0.057
2062.009 0.059
2073.023 0.060
2084.037 0.062
2095.051 0.063
2106.065 0.065
2117.079 0.066
2128.093 0.068
2139.107 0.069
2150.121 0.071
2161.135 0.072
2172.149 0.074
2183.163 0.075
2194.177 0.079
2205.191 0.082
2216.205 0.085
2227.219 0.088
2238.233 0.092
2249.247 0.095
2260.261 0.098
2271.275 0.101
2282.289 0.105
2293.303 0.108
2304.317 0.111
2315.631 0.114
2326.945 0.117
2338.258 0.120
2349.572 0.123
2360.885 0.126
2372.199 0.130
2383.512 0.133
2394.826 0.136
2406.140 0.139
2417.453 0.142
2428.767 0.145
2440.080 0.148
2451.394 0.151
2462.708 0.154
2474.021 0.157
2485.335 0.160
2496.648 0.163
2507.962 0.166
2519.276 0.169
2530.589 0.171
2541.903 0.174
2553.216 0.177
2564.530 0.180
2575.844 0.183
2587.157 0.186
2598.119 0.189
2609.082 0.192
2620.044 0.194
2631.006 0.197
2641.968 0.200
2652.930 0.203
2663.892 0.206
2674.855 0.208
2685.817 0.211
2696.779 0.214
2707.741 0.217
2718.703 0.219
2729.665 0.222
2740.628 0.225
2751.590 0.226
2762.552 0.227
2773.514 0.229
2784.476 0.230
2795.439 0.231
2806.401 0.232
2817.363 0.233
2828.325 0.235
2839.287 0.236
2850.249 0.237
2861.212 0.238
2872.247 0.240
2883.282 0.241
2894.317 0.242
2905.352 0.243
2916.387 0.244
2927.422 0.246
2938.458 0.247
2949.493 0.248
2960.528 0.249
2971.563 0.250
2982.598 0.251
2993.633 0.253
3004.668 0.254
3015.703 0.255
3026.739 0.255
3037.774 0.255
3048.809 0.256
3059.844 0.256
3070.879 0.256
3081.914 0.256
3092.949 0.257
3103.984 0.257
3115.020 0.257
3126.055 0.257
3137.090 0.258
3148.404 0.258
3159.718 0.258
3171.033 0.258
3182.347 0.259
3193.661 0.259
3204.975 0.259
3216.289 0.260
3227.604 0.260
3238.918 0.260
3250.232 0.260
3261.546 0.261
3272.860 0.261
3284.175 0.261
3295.489 0.262
3306.803 0.261
3318.117 0.260
3329.432 0.259
3340.746 0.258
3352.060 0.257
3363.374 0.256
3374.688 0.255
3386.003 0.254
3397.317 0.253
3408.631 0.252
3419.945 0.251
3430.900 0.250
3441.855 0.250
3452.809 0.249
3463.764 0.248
3474.719 0.247
3485.674 0.247
3496.628 0.246
3507.583 0.245
3518.538 0.245
3529.493 0.244
3540.447 0.243
3551.402 0.243
3562.357 0.242
3573.311 0.241
3584.266 0.241
3595.221 0.241
3606.176 0.241
3617.130 0.240
3628.085 0.240
3639.040 0.240
3649.995 0.240
3660.949 0.240
3671.904 0.240
3682.859 0.239
3693.813 0.239
3704.826 0.239
3715.839 0.239
3726.852 0.239
3737.865 0.239
3748.877 0.239
3759.890 0.239
3770.903 0.239
3781.916 0.238
3792.928 0.238
3803.941 0.238
3814.954 0.238
3825.967 0.238
3836.980 0.238
3847.992 0.238
3859.005 0.242
3870.018 0.246
3881.031 0.249
3892.043 0.253
3903.056 0.256
3914.069 0.260
3925.082 0.264
3936.095 0.267
3947.107 0.271
3958.120 0.274
3969.133 0.278
3977.226 0.282
3985.319 0.285
3993.411 0.289
4001.504 0.292
4009.597 0.296
4017.690 0.300
4025.783 0.303
4033.875 0.307
4041.968 0.310
4050.061 0.314
4058.154 0.318
4066.247 0.321
4074.339 0.325
4082.432 0.329
4090.525 0.335
4098.618 0.342
4106.711 0.349
4114.803 0.356
4122.896 0.363
4130.989 0.370
4139.082 0.377
4147.175 0.384
4155.267 0.391
4163.360 0.398
4171.453 0.405
4159.804 0.412
4148.155 0.419
4136.505 0.427
4124.856 0.434
4113.207 0.441
4101.558 0.449
4089.909 0.456
4078.260 0.464
4066.610 0.472
4054.961 0.479
4043.312 0.487
4031.663 0.495
4020.014 0.503
4008.364 0.511
3996.715 0.519
3985.066 0.526
3973.417 0.534
3961.768 0.541
3950.119 0.549
3938.469 0.557
3926.820 0.565
3915.171 0.573
3903.522 0.581
3891.873 0.589
3880.224 0.597
3869.167 0.605
3858.110 0.614
3847.053 0.622
3835.996 0.631
3824.939 0.639
3813.882 0.648
3802.826 0.656
3791.769 0.665
3780.712 0.674
3769.655 0.683
3758.598 0.691
3747.541 0.701
3736.484 0.710
3725.427 0.719
3714.371 0.727
3703.314 0.735
3692.257 0.743
3681.200 0.752
3670.143 0.760
3659.086 0.768
3648.029 0.777
3636.973 0.786
3625.916 0.794
3614.859 0.803
3603.802 0.812
3592.502 0.820
3581.202 0.829
3569.901 0.838
3558.601 0.847
3547.301 0.856
3536.001 0.866
3524.700 0.875
3513.400 0.884
3502.100 0.893
3490.800 0.903
3479.499 0.912
3468.199 0.922
3456.899 0.932
3445.599 0.941
3434.298 0.950
3422.998 0.959
3411.698 0.968
3400.398 0.977
3389.097 0.986
3377.797 0.995
3366.497 1.004
3355.197 1.013
3343.896 1.022
3332.596 1.032
3321.296 1.041
3310.267 1.051
3299.237 1.060
3288.208 1.070
3277.179 1.079
3266.150 1.089
3255.120 1.099
3244.091 1.109
3233.062 1.119
3222.033 1.129
3211.004 1.139
3199.974 1.149
3188.945 1.159
3177.916 1.170
3166.887 1.180
3155.857 1.189
3144.828 1.199
3133.799 1.208
3122.770 1.218
3111.740 1.227
3100.711 1.237
3089.682 1.246
3078.653 1.256
3067.624 1.266
3056.594 1.276
3045.565 1.286
3034.511 1.296
3023.458 1.306
3012.404 1.316
3001.350 1.326
2990.296 1.336
2979.243 1.347
2968.189 1.357
2957.135 1.368
2946.081 1.378
2935.028 1.389
2923.974 1.400
2912.920 1.410
2901.866 1.421
2890.812 1.432
2879.759 1.442
2868.705 1.453
2857.651 1.464
2846.597 1.474
2835.544 1.485
2824.490 1.496
2813.436 1.506
2802.382 1.517
2791.329 1.528
2780.275 1.539
2769.221 1.551
2757.973 1.562
2746.726 1.573
2735.478 1.584
2724.230 1.596
2712.982 1.607
2701.734 1.619
2690.487 1.631
2679.239 1.642
2667.991 1.654
2656.743 1.666
2645.496 1.678
2634.248 1.690
2623.000 1.702
2611.752 1.715
2600.504 1.729
2589.257 1.742
2578.009 1.756
2566.761 1.771
2555.513 1.785
2544.266 1.799
2533.018 1.814
2521.770 1.828
2510.522 1.843
2499.274 1.858
2488.027 1.873
2476.958 1.888
2465.890 1.903
2454.822 1.919
2443.753 1.934
2432.685 1.950
2421.617 1.966
2410.548 1.982
2399.480 1.998
2388.412 2.014
2377.343 2.031
2366.275 2.047
2355.206 2.064
2344.138 2.081
2333.070 2.098
2322.001 2.119
2310.933 2.140
2299.865 2.162
2288.796 2.183
2277.728 2.205
2266.660 2.228
2255.591 2.250
2244.523 2.273
2233.455 2.296
2222.386 2.320
2211.318 2.343
2200.192 2.368
2189.067 2.392
2177.942 2.417
2166.816 2.442
2155.691 2.467
2144.565 2.493
2133.440 2.519
2122.314 2.545
2111.189 2.572
2100.063 2.599
2088.938 2.627
2077.812 2.654
2066.687 2.683
2055.561 2.711
2044.436 2.734
2033.310 2.757
2022.185 2.781
2011.060 2.804
1999.934 2.828
1988.809 2.852
1977.683 2.877
1966.558 2.901
1955.432 2.926
1944.307 2.952
1933.181 2.977
1922.016 3.003
1910.851 3.029
1899.686 3.056
1888.520 3.082
1877.355 3.109
1866.190 3.137
1855.025 3.164
1843.860 3.193
1832.694 3.221
1821.529 3.250
1810.364 3.279
1799.199 3.308
1788.034 3.338
1776.868 3.369
1765.703 3.402
1754.538 3.436
1743.373 3.471
1732.208 3.506
1721.042 3.541
1709.877 3.577
1698.712 3.614
1687.547 3.651
1676.382 3.689
1665.216 3.727
1654.051 3.766
1642.953 3.805
1631.855 3.845
1620.758 3.886
1609.660 3.927
1598.562 3.969
1587.464 4.012
1576.366 4.055
1565.268 4.099
1554.171 4.144
1543.073 4.190
1531.975 4.236
1520.877 4.283
1509.779 4.331
1498.681 4.381
1487.584 4.447
1476.486 4.515
1465.388 4.585
1454.290 4.656
1443.192 4.729
1432.094 4.804
1420.997 4.881
1409.899 4.961
1398.801 5.042
1387.703 5.125
1376.605 5.211
1365.502 5.300
1354.400 5.390
1343.297 5.484
1332.194 5.580
1321.091 5.679
1309.988 5.781
1298.886 5.886
1287.783 5.995
1276.680 6.107
1265.577 6.223
1254.474 6.342
1243.371 6.465
1232.269 6.593
1221.166 6.722
1210.063 6.794
1198.960 6.868
1187.857 6.942
1176.755 7.019
1165.652 7.096
1154.549 7.175
1143.446 7.256
1132.343 7.338
1121.241 7.421
1110.138 7.506
1099.035 7.593
1088.042 7.682
1077.049 7.773
1066.056 7.865
1055.063 7.959
1044.070 8.055
1033.078 8.153
1022.085 8.254
1011.092 8.356
1000.099 8.461
989.106 8.568
978.113 8.677
967.120 8.789
956.127 8.904
945.134 9.016
934.141 9.030
923.148 9.045
912.156 9.060
901.163 9.075
890.170 9.090
879.177 9.105
868.184 9.121
857.191 9.136
846.198 9.151
835.205 9.166
824.212 9.182
829.964 9.198
835.716 9.215
841.469 9.232
847.221 9.249
852.973 9.266
858.725 9.283
864.477 9.300
870.229 9.317
875.981 9.334
881.733 9.351
887.485 9.368
893.237 9.385
898.990 9.402
904.742 9.410
910.494 9.257
916.246 9.110
921.998 8.966
927.750 8.827
933.502 8.693
939.254 8.562
945.006 8.436
950.758 8.313
956.511 8.193
962.263 8.077
968.015 7.964
979.141 7.855
990.266 7.749
1001.392 7.645
1012.518 7.545
1023.644 7.447
1034.769 7.351
1045.895 7.258
1057.021 7.167
1068.147 7.079
1079.273 6.992
1090.398 6.908
1101.524 6.826
1112.650 6.746
1123.776 6.666
1134.901 6.569
1146.027 6.474
1157.153 6.382
1168.279 6.292
1179.405 6.205
1190.530 6.121
1201.656 6.038
1212.782 5.958
1223.908 5.880
1235.033 5.804
1246.159 5.730
1257.244 5.658
1268.329 5.588
1279.414 5.519
1290.498 5.452
1301.583 5.387
1312.668 5.323
1323.753 5.260
1334.838 5.200
1345.922 5.140
1357.007 5.082
1368.092 5.025
1379.177 4.970
1390.262 4.916
1401.346 4.863
1412.431 4.812
1423.516 4.762
1434.601 4.713
1445.686 4.665
1456.770 4.618
1467.855 4.572
1478.940 4.527
1490.025 4.482
1501.110 4.439
1512.194 4.397
1523.279 4.355
1534.478 4.314
1545.676 4.274
1556.875 4.235
1568.073 4.197
1579.271 4.159
1590.470 4.122
1601.668 4.085
1612.867 4.050
1624.065 4.015
1635.263 3.980
1646.462 3.946
1657.660 3.913
1668.859 3.880
1680.057 3.847
1691.256 3.797
1702.454 3.749
1713.652 3.701
1724.851 3.655
1736.049 3.610
1747.248 3.566
1758.446 3.523
1769.645 3.481
1780.843 3.440
1792.041 3.400
1803.240 3.361
1814.310 3.323
1825.381 3.285
1836.451 3.249
1847.522 3.213
1858.592 3.178
1869.663 3.144
1880.733 3.111
1891.804 3.078
1902.874 3.046
1913.945 3.015
1925.015 2.984
1936.086 2.954
1947.157 2.924
1958.227 2.896
1969.298 2.886
1980.368 2.876
1991.439 2.866
2002.509 2.856
2013.580 2.846
2024.650 2.836
2035.721 2.826
2046.791 2.816
2057.862 2.806
2068.932 2.797
2080.003 2.787
2091.006 2.778
2102.009 2.769
2113.012 2.759
2124.015 2.750
2135.019 2.741
2146.022 2.732
2157.025 2.723
2168.028 2.715
2179.031 2.706
2190.034 2.697
2201.037 2.688
2212.041 2.680
2223.044 2.672
2234.047 2.663
2245.050 2.659
2256.053 2.654
2267.056 2.649
2278.060 2.645
2289.063 2.640
2300.066 2.636
2311.069 2.631
2322.072 2.627
2333.075 2.623
2344.079 2.618
2355.082 2.614
2366.294 2.609
2377.507 2.605
2388.720 2.601
2399.932 2.596
2411.145 2.592
2422.358 2.588
2433.571 2.584
2444.783 2.580
2455.996 2.575
2467.209 2.571
2478.421 2.567
2489.634 2.563
2500.847 2.559
2512.059 2.555
2523.272 2.554
2534.485 2.554
2545.698 2.553
2556.910 2.552
2568.123 2.552
2579.336 2.551
2590.548 2.550
2601.761 2.550
2612.974 2.549
2624.186 2.548
2635.399 2.548
2646.546 2.547
2657.693 2.546
2668.840 2.545
2679.987 2.545
2691.134 2.544
2702.281 2.543
2713.427 2.543
2724.574 2.542
2735.721 2.541
2746.868 2.541
2758.015 2.540
2769.162 2.539
2780.309 2.538
2791.456 2.538
2802.603 2.532
2813.749 2.527
2824.896 2.522
2836.043 2.517
2847.190 2.511
2858.337 2.506
2869.484 2.501
2880.631 2.496
2891.778 2.491
2902.925 2.486
2914.071 2.481
2925.113 2.476
2936.154 2.471
2947.195 2.467
2958.237 2.462
2969.278 2.457
2980.319 2.452
2991.361 2.447
3002.402 2.443
3013.443 2.438
3024.485 2.433
3035.526 2.429
3046.567 2.424
3057.609 2.420
3068.650 2.415
3079.691 2.408
3090.733 2.400
3101.774 2.393
3112.816 2.386
3123.857 2.379
3134.898 2.372
3145.940 2.365
3156.981 2.358
3168.022 2.351
3179.064 2.344
3190.105 2.337
3201.311 2.330
3212.517 2.324
3223.723 2.317
3234.928 2.310
3246.134 2.304
3257.340 2.297
3268.546 2.291
3279.752 2.284
3290.958 2.278
3302.164 2.272
3313.369 2.266
3324.575 2.259
3335.781 2.253
3346.987 2.247
3358.193 2.239
3369.399 2.231
3380.605 2.224
3391.811 2.216
3403.016 2.208
3414.222 2.201
3425.428 2.194
3436.634 2.186
3447.840 2.179
3459.046 2.172
3470.252 2.165
3481.372 2.157
3492.492 2.150
3503.612 2.143
3514.732 2.136
3525.853 2.130
3536.973 2.123
3548.093 2.116
3559.213 2.109
3570.333 2.103
3581.454 2.096
3592.574 2.089
3603.694 2.083
3614.814 2.077
3625.934 2.070
3637.055 2.064
3648.175 2.057
3659.295 2.050
3670.415 2.044
3681.535 2.038
3692.655 2.031
3703.776 2.025
3714.896 2.019
3726.016 2.012
3737.136 2.006
3748.256 2.000
3759.284 1.994
3770.312 1.988
3781.339 1.982
3792.367 1.976
3803.395 1.970
3814.423 1.965
3825.450 1.959
3836.478 1.953
3847.506 1.947
3858.533 1.942
3869.561 1.936
3880.589 1.931
3891.616 1.925
3902.644 1.920
3913.672 1.928
3924.699 1.935
3935.727 1.942
3946.755 1.949
3957.782 1.956
3968.810 1.963
3979.838 1.971
3990.865 1.978
4001.893 1.985
4012.921 1.992
4023.948 2.000
4029.499 2.007
4035.049 2.014
4040.599 2.021
4046.150 2.029
4051.700 2.036
4057.250 2.043
4062.801 2.051
4068.351 2.058
4073.901 2.065
4079.452 2.073
4085.002 2.080
4090.552 2.087
4096.103 2.095
4101.653 2.103
4107.203 2.117
4112.754 2.131
4118.304 2.146
4123.854 2.160
4129.404 2.175
4134.955 2.190
4140.505 2.205
4146.055 2.220
4151.606 2.235
4157.156 2.250
4162.706 2.265
4150.978 2.281
4139.250 2.296
4127.522 2.311
4115.794 2.327
4104.066 2.342
4092.338 2.358
4080.610 2.374
4068.882 2.390
4057.154 2.407
4045.426 2.423
4033.698 2.439
4021.970 2.456
4010.242 2.473
3998.514 2.490
3986.786 2.506
3975.058 2.522
3963.330 2.538
3951.602 2.554
3939.874 2.571
3928.146 2.587
3916.418 2.604
3904.690 2.621
3892.962 2.638
3881.234 2.655
3869.506 2.673
3858.303 2.690
3847.101 2.708
3835.898 2.726
3824.696 2.744
3813.493 2.762
3802.291 2.780
3791.088 2.798
3779.886 2.817
3768.684 2.836
3757.481 2.855
3746.279 2.874
3735.076 2.893
3723.874 2.912
3712.671 2.932
3701.469 2.950
3690.266 2.969
3679.064 2.987
3667.861 3.006
3656.659 3.025
3645.457 3.044
3634.254 3.064
3623.052 3.083
3611.849 3.103
3600.647 3.123
3589.444 3.143
3578.472 3.163
3567.500 3.183
3556.528 3.204
3545.556 3.224
3534.584 3.245
3523.612 3.266
3512.639 3.288
3501.667 3.309
3490.695 3.331
3479.723 3.353
3468.751 3.375
3457.779 3.397
3446.807 3.419
3435.835 3.442
3424.863 3.459
3413.890 3.477
3402.918 3.494
3391.946 3.512
3380.974 3.530
3370.002 3.547
3359.030 3.565
3348.058 3.584
3337.086 3.602
3326.114 3.620
3315.141 3.639
3303.953 3.657
3292.765 3.676
3281.577 3.695
3270.389 3.714
3259.201 3.733
3248.012 3.753
3236.824 3.772
3225.636 3.792
3214.448 3.812
3203.260 3.831
3192.072 3.852
3180.883 3.872
3169.695 3.892
3158.507 3.912
3147.319 3.930
3136.131 3.948
3124.942 3.965
3113.754 3.983
3102.566 4.001
3091.378 4.020
3080.190 4.038
3069.002 4.056
3057.813 4.075
3046.625 4.093
3035.437 4.112
3024.266 4.131
3013.094 4.150
3001.923 4.169
2990.751 4.188
2979.580 4.208
2968.409 4.227
2957.237 4.247
2946.066 4.266
2934.894 4.286
2923.723 4.306
2912.552 4.326
2901.380 4.347
2890.209 4.367
2879.037 4.388
2867.866 4.408
2856.694 4.429
2845.523 4.450
2834.352 4.471
2823.180 4.492
2812.009 4.514
2800.837 4.535
2789.666 4.557
2778.495 4.579
2767.323 4.601
2756.152 4.623
2745.187 4.645
2734.222 4.668
2723.257 4.690
2712.292 4.713
2701.327 4.736
2690.362 4.759
2679.397 4.782
2668.432 4.806
2657.467 4.829
2646.502 4.853
2635.537 4.877
2624.572 4.901
2613.607 4.926
2602.642 4.950
2591.677 4.981
2580.712 5.011
2569.747 5.042
2558.782 5.073
2547.817 5.105
2536.852 5.136
2525.887 5.168
2514.922 5.201
2503.957 5.233
2492.992 5.266
2482.027 5.300
2470.743 5.333
2459.458 5.367
2448.173 5.402
2436.889 5.436
2425.604 5.471
2414.319 5.506
2403.034 5.542
2391.750 5.578
2380.465 5.615
2369.180 5.652
2357.895 5.689
2346.611 5.726
2335.326 5.764
2324.041 5.803
2312.757 5.851
2301.472 5.899
2290.187 5.948
2278.902 5.998
2267.618 6.048
2256.333 6.099
2245.048 6.151
2233.764 6.203
2222.479 6.256
2211.194 6.310
2199.909 6.365
2188.810 6.421
2177.711 6.477
2166.612 6.534
2155.513 6.592
2144.414 6.651
2133.315 6.711
2122.216 6.772
2111.117 6.833
2100.018 6.896
2088.919 6.959
2077.819 7.024
2066.720 7.089
2055.621 7.156
2044.522 7.223
2033.423 7.276
2022.324 7.331
2011.225 7.386
2000.126 7.441
1989.027 7.497
1977.928 7.554
1966.829 7.612
1955.730 7.670
1944.630 7.730
1933.531 7.790
1922.432 7.850
1911.477 7.912
1900.522 7.974
1889.567 8.038
1878.612 8.102
1867.657 8.167
1856.702 8.233
1845.747 8.300
1834.792 8.367
1823.837 8.436
1812.882 8.506
1801.927 8.576
1790.972 8.648
1780.017 8.721
1769.062 8.796
1758.107 8.889
1747.152 8.983
1736.197 9.080
1725.242 9.178
1714.287 9.278
1703.332 9.380
1692.377 9.485
1681.422 9.591
1670.466 9.699
1659.511 9.810
1648.556 9.923
1637.194 10.038
1625.831 10.156
1614.468 10.276
1603.106 10.398
1591.743 10.524
1580.381 10.652
1569.018 10.783
1557.655 10.917
1546.293 11.054
1534.930 11.194
1523.567 11.337
1512.205 11.484
1500.842 11.634
1489.479 11.786
1478.117 11.911
1466.754 12.038
1455.391 12.168
1444.029 12.300
1432.666 12.435
1421.304 12.572
1409.941 12.713
1398.578 12.856
1387.216 13.002
1375.853 13.151
1364.490 13.304
1353.507 13.460
1342.523 13.619
1331.540 13.782
1320.556 13.948
1309.572 14.118
1298.589 14.292
1287.605 14.470
1276.622 14.652
1265.638 14.839
1254.654 15.030
1243.671 15.225
1232.687 15.425
1221.704 15.631
1210.720 15.839
1199.736 16.005
1188.753 16.175
1177.769 16.348
1166.786 16.524
1155.802 16.705
1144.818 16.889
1133.835 17.076
1122.851 17.268
1111.868 17.464
1100.884 17.663
1089.900 17.868
1078.894 18.076
1067.888 18.289
1056.883 18.507
1045.877 18.730
1034.871 18.958
1023.865 19.192
1012.859 19.430
1001.853 19.675
990.847 19.925
979.841 20.181
968.835 20.444
957.829 20.713
946.823 20.989
935.817 21.256
924.811 21.212
913.805 21.169
902.799 21.126
891.793 21.083
880.787 21.041
869.781 20.999
858.775 20.956
847.769 20.915
836.764 20.873
825.758 20.832
814.752 20.791
824.238 20.758
833.724 20.726
843.210 20.693
852.696 20.661
862.182 20.629
871.668 20.597
881.154 20.565
890.640 20.533
900.126 20.502
909.612 20.470
919.098 20.439
928.584 20.408
938.070 20.377
947.556 20.327
957.042 19.944
966.528 19.575
976.014 19.220
985.500 18.877
994.987 18.546
1004.473 18.226
1013.959 17.917
1023.445 17.619
1032.931 17.330
1042.417 17.050
1051.903 16.780
1063.082 16.518
1074.261 16.264
1085.439 16.018
1096.618 15.779
1107.797 15.548
1118.976 15.323
1130.155 15.104
1141.334 14.892
1152.513 14.685
1163.691 14.484
1174.870 14.289
1186.049 14.099
1197.228 13.913
1208.407 13.731
1219.586 13.512
1230.765 13.301
1241.943 13.096
1253.122 12.897
1264.301 12.704
1275.480 12.516
1286.659 12.335
1297.838 12.158
1309.017 11.986
1320.196 11.819
1331.374 11.657
1342.396 11.499
1353.417 11.345
1364.439 11.196
1375.460 11.050
1386.482 10.908
1397.503 10.770
1408.525 10.635
1419.546 10.503
1430.568 10.375
1441.589 10.249
1452.611 10.127
1463.632 10.008
1474.654 9.891
1485.675 9.778
1496.696 9.688
1507.718 9.599
1518.739 9.511
1529.761 9.426
1540.782 9.341
1551.804 9.259
1562.825 9.178
1573.847 9.098
1584.868 9.019
1595.890 8.943
1606.911 8.867
1618.155 8.793
1629.398 8.720
1640.641 8.648
1651.885 8.577
1663.128 8.508
1674.372 8.439
1685.615 8.372
1696.859 8.306
1708.102 8.241
1719.346 8.177
1730.589 8.114
1741.832 8.052
1753.076 7.991
1764.319 7.931
1775.563 7.855
1786.806 7.781
1798.050 7.708
1809.293 7.637
1820.536 7.567
1831.780 7.498
1843.023 7.430
1854.267 7.364
1865.510 7.299
1876.754 7.235
1887.997 7.172
1899.045 7.111
1910.093 7.050
1921.142 6.990
1932.190 6.932
1943.238 6.874
1954.286 6.818
1965.334 6.762
1976.382 6.708
1987.431 6.654
1998.479 6.601
2009.527 6.549
2020.575 6.498
2031.623 6.447
2042.671 6.397
2053.720 6.343
2064.768 6.290
2075.816 6.237
2086.864 6.186
2097.912 6.135
2108.960 6.085
2120.009 6.036
2131.057 5.988
2142.105 5.940
2153.153 5.894
2164.201 5.848
2175.247 5.803
2186.293 5.758
2197.338 5.714
2208.384 5.671
2219.430 5.629
2230.475 5.587
2241.521 5.546
2252.567 5.505
2263.612 5.465
2274.658 5.426
2285.704 5.387
2296.749 5.349
2307.795 5.312
2318.841 5.277
2329.887 5.279
2340.932 5.282
2351.978 5.284
2363.024 5.287
2374.069 5.289
2385.115 5.292
2396.161 5.294
2407.206 5.297
2418.252 5.299
2429.298 5.302
2440.343 5.304
2451.537 5.307
2462.730 5.309
2473.924 5.311
2485.117 5.314
2496.311 5.316
2507.504 5.319
2518.698 5.321
2529.891 5.324
2541.084 5.326
2552.278 5.328
2563.471 5.331
2574.665 5.333
2585.858 5.335
2597.052 5.338
2608.245 5.337
2619.439 5.336
2630.632 5.335
2641.826 5.334
2653.019 5.333
2664.212 5.332
2675.406 5.331
2686.599 5.330
2697.793 5.329
2708.986 5.329
2720.180 5.328
2731.299 5.327
2742.418 5.326
2753.538 5.325
2764.657 5.324
2775.776 5.323
2786.895 5.322
2798.015 5.321
2809.134 5.320
2820.253 5.319
2831.372 5.318
2842.492 5.317
2853.611 5.316
2864.730 5.315
2875.849 5.314
2886.969 5.295
2898.088 5.276
2909.207 5.257
2920.326 5.239
2931.446 5.220
2942.565 5.202
2953.684 5.184
2964.803 5.166
2975.923 5.148
2987.042 5.131
2998.161 5.113
3009.220 5.096
3020.279 5.079
3031.338 5.062
3042.397 5.045
3053.456 5.028
3064.515 5.011
3075.574 4.994
3086.634 4.978
3097.693 4.962
3108.752 4.945
3119.811 4.929
3130.870 4.913
3141.929 4.898
3152.988 4.882
3164.047 4.866
3175.106 4.851
3186.165 4.835
3197.224 4.820
3208.283 4.805
3219.342 4.790
3230.401 4.775
3241.460 4.760
3252.519 4.746
3263.578 4.731
3274.637 4.717
3285.855 4.702
3297.072 4.688
3308.290 4.674
3319.508 4.660
3330.725 4.646
3341.943 4.632
3353.161 4.618
3364.378 4.604
3375.596 4.591
3386.814 4.577
3398.031 4.564
3409.249 4.551
3420.467 4.537
3431.684 4.524
3442.902 4.507
3454.120 4.491
3465.337 4.474
3476.555 4.458
3487.773 4.441
3498.990 4.425
3510.208 4.409
3521.426 4.393
3532.643 4.377
3543.861 4.362
3555.079 4.346
3566.214 4.331
3577.350 4.316
3588.485 4.301
3599.620 4.286
3610.756 4.271
3621.891 4.256
3633.027 4.241
3644.162 4.227
3655.297 4.212
3666.433 4.198
3677.568 4.184
3688.704 4.170
3699.839 4.156
3710.974 4.142
3722.110 4.127
3733.245 4.113
3744.381 4.099
3755.516 4.085
3766.651 4.071
3777.787 4.057
3788.922 4.043
3800.058 4.030
3811.193 4.016
3822.328 4.003
3833.464 3.989
3844.461 3.976
3855.458 3.963
3866.455 3.950
3877.452 3.937
3888.449 3.924
3899.446 3.912
3910.442 3.899
3921.439 3.886
3932.436 3.874
3943.433 3.862
3954.430 3.849
3965.427 3.837
3976.424 3.825
3987.421 3.815
3998.418 3.830
4009.415 3.846
4020.412 3.862
4031.409 3.878
4042.406 3.894
4053.403 3.910
4064.400 3.927
4075.397 3.943
4086.394 3.959
4097.391 3.976
4108.388 3.993
4107.433 4.009
4106.478 4.025
4105.523 4.041
4104.568 4.057
4103.613 4.074
4102.658 4.090
4101.703 4.107
4100.748 4.124
4099.793 4.141
4098.838 4.158
4097.884 4.175
4096.929 4.192
4095.974 4.209
4095.019 4.226
4094.064 4.252
4093.109 4.277
4092.154 4.303
4091.199 4.329
4090.244 4.355
4089.289 4.381
4088.334 4.408
4087.380 4.435
4086.425 4.462
4085.470 4.490
4084.515 4.517
4073.313 4.544
4062.112 4.572
4050.910 4.600
4039.709 4.628
4028.507 4.656
4017.306 4.685
4006.104 4.714
3994.903 4.743
3983.701 4.772
3972.500 4.802
3961.298 4.832
3950.097 4.862
3938.895 4.893
3927.694 4.924
3916.492 4.951
3905.290 4.978
3894.089 5.005
3882.887 5.033
3871.686 5.061
3860.484 5.089
3849.283 5.118
3838.081 5.146
3826.880 5.175
3815.678 5.204
3804.477 5.234
3793.183 5.263
3781.889 5.293
3770.596 5.324
3759.302 5.354
3748.008 5.385
3736.714 5.416
3725.421 5.448
3714.127 5.479
3702.833 5.511
3691.539 5.543
3680.246 5.576
3668.952 5.609
3657.658 5.642
3646.365 5.675
3635.071 5.703
3623.777 5.730
3612.483 5.758
3601.190 5.786
3589.896 5.814
3578.602 5.842
3567.308 5.871
3556.015 5.900
3544.721 5.929
3533.427 5.958
3522.134 5.988
3511.063 6.017
3499.993 6.047
3488.922 6.078
3477.852 6.108
3466.781 6.139
3455.710 6.170
3444.640 6.201
3433.569 6.233
3422.499 6.265
3411.428 6.297
3400.358 6.329
3389.287 6.361
3378.217 6.394
3367.146 6.427
3356.076 6.454
3345.005 6.481
3333.935 6.508
3322.864 6.535
3311.794 6.562
3300.723 6.590
3289.653 6.617
3278.582 6.645
3267.512 6.674
3256.441 6.702
3245.371 6.730
3234.397 6.759
3223.423 6.788
3212.450 6.817
3201.476 6.847
3190.502 6.876
3179.529 6.906
3168.555 6.936
3157.581 6.966
3146.608 6.996
3135.634 7.027
3124.660 7.058
3113.687 7.089
3102.713 7.120
3091.739 7.151
3080.766 7.180
3069.792 7.208
3058.818 7.237
3047.845 7.266
3036.871 7.296
3025.897 7.325
3014.924 7.355
3003.950 7.384
2992.976 7.414
2982.003 7.444
2971.029 7.475
2959.755 7.505
2948.481 7.536
2937.206 7.567
2925.932 7.598
2914.658 7.630
2903.384 7.661
2892.110 7.693
2880.836 7.725
2869.561 7.758
2858.287 7.790
2847.013 7.823
2835.739 7.856
2824.465 7.889
2813.191 7.922
2801.916 7.956
2790.642 7.990
2779.368 8.024
2768.094 8.058
2756.820 8.093
2745.546 8.128
2734.271 8.163
2722.997 8.198
2711.723 8.234
2700.449 8.270
2689.175 8.306
2678.119 8.342
2667.062 8.379
2656.006 8.416
2644.950 8.453
2633.894 8.491
2622.837 8.528
2611.781 8.567
2600.725 8.605
2589.669 8.644
2578.612 8.682
2567.556 8.722
2556.500 8.761
2545.444 8.801
2534.387 8.842
2523.331 8.899
2512.275 8.957
2501.219 9.015
2490.162 9.074
2479.106 9.134
2468.050 9.194
2456.994 9.255
2445.937 9.317
2434.881 9.380
2423.825 9.443
2412.769 9.507
2401.768 9.572
2390.767 9.637
2379.766 9.703
2368.765 9.770
2357.764 9.838
2346.763 9.907
2335.762 9.977
2324.761 10.047
2313.760 10.119
2302.759 10.191
2291.758 10.264
2280.757 10.338
2269.756 10.413
2258.755 10.490
2247.754 10.570
2236.753 10.651
2225.752 10.734
2214.751 10.817
2203.750 10.902
2192.749 10.988
2181.748 11.076
2170.747 11.164
2159.746 11.254
2148.745 11.345
2137.744 11.437
2126.436 11.531
2115.128 11.626
2103.820 11.723
2092.512 11.821
2081.204 11.920
2069.896 12.021
2058.588 12.124
2047.280 12.228
2035.972 12.334
2024.664 12.441
2013.356 12.551
2002.048 12.662
1990.740 12.774
1979.432 12.889
1968.124 12.994
1956.816 13.101
1945.508 13.209
1934.200 13.319
1922.892 13.431
1911.584 13.545
1900.276 13.660
1888.968 13.778
1877.660 13.897
1866.352 14.017
1855.044 14.140
1844.028 14.265
1833.012 14.392
1821.995 14.521
1810.979 14.653
1799.963 14.786
1788.947 14.922
1777.931 15.060
1766.915 15.200
1755.898 15.343
1744.882 15.488
1733.866 15.636
1722.850 15.787
1711.834 15.940
1700.817 16.095
1689.801 16.223
1678.785 16.354
1667.769 16.486
1656.753 16.620
1645.736 16.757
1634.720 16.895
1623.704 17.036
1612.688 17.179
1601.672 17.324
1590.655 17.471
1579.639 17.621
1568.474 17.773
1557.309 17.927
1546.145 18.084
1534.980 18.244
1523.815 18.406
1512.650 18.571
1501.485 18.739
1490.320 18.910
1479.155 19.083
1467.990 19.260
1456.825 19.439
1445.660 19.622
1434.496 19.808
1423.331 20.001
1412.166 20.253
1401.001 20.511
1389.836 20.775
1378.671 21.046
1367.506 21.323
1356.341 21.608
1345.176 21.900
1334.012 22.199
1322.847 22.507
1311.682 22.823
1300.517 23.147
1289.403 23.480
1278.290 23.823
1267.176 24.175
1256.062 24.537
1244.949 24.910
1233.835 25.294
1222.721 25.690
1211.607 26.097
1200.494 26.518
1189.380 26.951
1178.266 27.398
1167.153 27.860
1156.039 28.337
1144.925 28.818
1133.812 29.074
1122.698 29.334
1111.584 29.599
1100.471 29.868
1089.357 30.142
1078.243 30.421
1067.130 30.705
1056.016 30.994
1044.902 31.288
1033.789 31.588
1022.675 31.893
1016.320 32.209
1009.965 32.531
1003.610 32.859
997.255 33.194
990.900 33.535
984.545 33.883
978.190 34.238
971.835 34.600
965.480 34.969
959.125 35.347
952.770 35.732
946.415 36.125
940.060 36.527
933.705 36.897
927.351 36.511
920.996 36.133
914.641 35.762
908.286 35.399
901.931 35.044
895.576 34.695
889.221 34.354
882.866 34.020
876.511 33.691
870.156 33.370
863.801 33.054
875.574 32.763
887.348 32.477
899.121 32.196
910.894 31.920
922.668 31.648
934.441 31.382
946.214 31.119
957.988 30.862
969.761 30.608
981.534 30.359
993.308 30.114
1005.081 29.873
1016.854 29.636
1028.628 29.386
1040.401 28.844
1052.174 28.322
1063.948 27.818
1075.721 27.332
1087.494 26.862
1099.268 26.409
1111.041 25.970
1122.815 25.546
1134.588 25.135
1146.361 24.737
1158.135 24.352
1169.198 23.978
1180.261 23.615
1191.325 23.264
1202.388 22.922
1213.451 22.591
1224.515 22.269
1235.578 21.956
1246.642 21.651
1257.705 21.355
1268.768 21.067
1279.832 20.787
1290.895 20.514
1301.959 20.248
1313.022 19.988
1324.085 19.706
1335.149 19.433
1346.212 19.166
1357.275 18.907
1368.339 18.655
1379.402 18.410
1390.466 18.171
1401.529 17.938
1412.592 17.711
1423.656 17.490
1434.719 17.274
1445.708 17.064
1456.697 16.858
1467.687 16.658
1478.676 16.462
1489.665 16.271
1500.654 16.084
1511.643 15.901
1522.633 15.723
1533.622 15.549
1544.611 15.378
1555.600 15.211
1566.589 15.048
1577.579 14.888
1588.568 14.733
1599.557 14.596
1610.546 14.462
1621.535 14.331
1632.524 14.202
1643.514 14.075
1654.503 13.951
1665.492 13.829
1676.481 13.709
1687.470 13.591
1698.460 13.475
1709.449 13.361
1720.726 13.249
1732.003 13.139
1743.280 13.031
1754.557 12.924
1765.834 12.820
1777.111 12.717
1788.387 12.616
1799.664 12.516
1810.941 12.418
1822.218 12.322
1833.495 12.227
1844.772 12.134
1856.049 12.042
1867.326 11.950
1878.603 11.845
1889.880 11.743
1901.157 11.641
1912.434 11.542
1923.711 11.444
1934.988 11.348
1946.265 11.254
1957.542 11.161
1968.819 11.070
1980.096 10.980
1991.373 10.892
2002.409 10.805
2013.446 10.719
2024.483 10.635
2035.520 10.552
2046.556 10.471
2057.593 10.391
2068.630 10.312
2079.666 10.234
2090.703 10.158
2101.740 10.082
2112.776 10.008
2123.813 9.935
2134.850 9.863
2145.886 9.792
2156.923 9.722
2167.960 9.653
2178.996 9.586
2190.033 9.519
2201.070 9.453
2212.106 9.388
2223.143 9.324
2234.180 9.261
2245.217 9.198
2256.253 9.137
2267.290 9.076
2278.300 9.017
2289.309 8.958
2300.319 8.900
2311.329 8.842
2322.338 8.786
2333.348 8.730
2344.358 8.675
2355.367 8.620
2366.377 8.567
2377.387 8.514
2388.396 8.461
2399.406 8.410
2410.416 8.359
2421.425 8.311
2432.435 8.313
2443.445 8.314
2454.454 8.316
2465.464 8.317
2476.474 8.319
2487.483 8.320
2498.493 8.322
2509.503 8.323
2520.512 8.325
2531.522 8.326
2542.532 8.328
2553.798 8.330
2565.063 8.331
2576.329 8.333
2587.595 8.334
2598.861 8.336
2610.126 8.337
2621.392 8.339
2632.658 8.340
2643.924 8.342
2655.190 8.343
2666.455 8.345
2677.721 8.346
2688.987 8.348
2700.253 8.349
2711.519 8.341
2722.784 8.333
2734.050 8.325
2745.316 8.317
2756.582 8.309
2767.847 8.301
2779.113 8.293
2790.379 8.285
2801.645 8.277
2812.911 8.270
2824.176 8.262
2835.220 8.254
2846.264 8.246
2857.308 8.238
2868.352 8.231
2879.396 8.223
2890.439 8.215
2901.483 8.207
2912.527 8.200
2923.571 8.192
2934.615 8.184
2945.658 8.177
2956.702 8.169
2967.746 8.162
2978.790 8.153
2989.834 8.124
3000.878 8.095
3011.921 8.066
3022.965 8.038
3034.009 8.010
3045.053 7.982
3056.097 7.954
3067.141 7.926
3078.184 7.899
3089.228 7.872
3100.272 7.845
3111.324 7.818
3122.377 7.792
3133.430 7.765
3144.482 7.739
3155.535 7.713
3166.587 7.687
3177.640 7.662
3188.692 7.636
3199.745 7.611
3210.797 7.586
3221.850 7.562
3232.902 7.537
3243.955 7.512
3255.007 7.488
3266.060 7.464
3277.112 7.440
3288.165 7.416
3299.217 7.393
3310.270 7.369
3321.322 7.346
3332.375 7.323
3343.427 7.300
3354.480 7.277
3365.532 7.255
3376.585 7.232
3387.815 7.210
3399.044 7.188
3410.274 7.166
3421.504 7.144
3432.734 7.123
3443.964 7.101
3455.193 7.080
3466.423 7.059
3477.653 7.037
3488.883 7.017
3500.112 6.996
3511.342 6.975
3522.572 6.955
3533.802 6.934
3545.031 6.907
3556.261 6.881
3567.491 6.854
3578.721 6.828
3589.951 6.803
3601.180 6.777
3612.410 6.752
3623.640 6.726
3634.870 6.701
3646.099 6.677
3657.329 6.652
3668.451 6.628
3679.573 6.603
3690.695 6.579
3701.817 6.555
3712.939 6.532
3724.062 6.508
3735.184 6.485
3746.306 6.462
3757.428 6.439
3768.550 6.416
3779.672 6.394
3790.794 6.372
3801.916 6.349
3813.038 6.327
3824.160 6.308
3835.282 6.288
3846.404 6.269
3857.526 6.250
3868.648 6.231
3879.770 6.212
3890.892 6.193
3902.014 6.174
3913.136 6.155
3924.259 6.137
3935.381 6.119
3946.392 6.100
3957.403 6.082
3968.414 6.064
3979.425 6.046
3990.437 6.029
4001.448 6.011
4012.459 5.994
4023.470 5.976
4034.482 5.959
4045.493 5.942
4056.504 5.925
4067.515 5.908
4078.527 5.891
4089.538 5.877
4100.549 5.914
4111.560 5.950
4122.571 5.988
4133.583 6.025
4144.594 6.063
4155.605 6.102
4166.616 6.140
4177.628 6.180
4188.639 6.219
4199.650 6.259
4210.661 6.300
4202.252 6.338
4193.842 6.377
4185.433 6.417
4177.023 6.457
4168.614 6.497
4160.205 6.537
4151.795 6.579
4143.386 6.620
4134.976 6.662
4126.567 6.705
4118.157 6.747
4109.748 6.791
4101.338 6.835
4092.929 6.878
4084.520 6.909
4076.110 6.940
4067.701 6.972
4059.291 7.003
4050.882 7.035
4042.472 7.067
4034.063 7.100
4025.653 7.132
4017.244 7.165
4008.834 7.198
4000.425 7.232
3989.131 7.265
3977.836 7.298
3966.542 7.332
3955.248 7.366
3943.953 7.400
3932.659 7.435
3921.365 7.469
3910.070 7.505
3898.776 7.540
3887.482 7.576
3876.187 7.611
3864.893 7.648
3853.599 7.684
3842.304 7.721
3831.010 7.760
3819.715 7.799
3808.421 7.838
3797.127 7.878
3785.832 7.918
3774.538 7.958
3763.244 7.999
3751.949 8.040
3740.655 8.081
3729.361 8.123
3718.066 8.165
3707.027 8.208
3695.988 8.251
3684.949 8.294
3673.910 8.338
3662.871 8.382
3651.831 8.427
3640.792 8.472
3629.753 8.517
3618.714 8.563
3607.675 8.609
3596.636 8.656
3585.596 8.703
3574.557 8.751
3563.518 8.798
3552.479 8.837
3541.440 8.876
3530.401 8.915
3519.361 8.955
3508.322 8.995
3497.283 9.035
3486.244 9.076
3475.205 9.116
3464.166 9.158
3453.126 9.199
3442.087 9.241
3430.807 9.283
3419.527 9.325
3408.247 9.368
3396.967 9.411
3385.687 9.455
3374.407 9.499
3363.127 9.543
3351.847 9.587
3340.567 9.632
3329.287 9.678
3318.006 9.723
3306.726 9.769
3295.446 9.816
3284.166 9.862
3272.886 9.897
3261.606 9.932
3250.326 9.968
3239.046 10.004
3227.766 10.040
3216.486 10.076
3205.206 10.112
3193.926 10.149
3182.646 10.186
3171.366 10.223
3160.086 10.261
3149.116 10.298
3138.146 10.336
3127.177 10.374
3116.207 10.413
3105.237 10.451
3094.268 10.490
3083.298 10.530
3072.329 10.569
3061.359 10.609
3050.389 10.649
3039.420 10.689
3028.450 10.729
3017.480 10.770
3006.511 10.811
2995.541 10.850
2984.572 10.888
2973.602 10.927
2962.632 10.966
2951.663 11.006
2940.693 11.046
2929.723 11.086
2918.754 11.126
2907.784 11.166
2896.814 11.207
2885.845 11.248
2874.793 11.289
2863.741 11.331
2852.689 11.372
2841.637 11.414
2830.585 11.457
2819.533 11.499
2808.482 11.542
2797.430 11.585
2786.378 11.629
2775.326 11.673
2764.274 11.717
2753.222 11.761
2742.170 11.805
2731.118 11.851
2720.066 11.906
2709.015 11.962
2697.963 12.018
2686.911 12.075
2675.859 12.132
2664.807 12.190
2653.755 12.248
2642.703 12.307
2631.651 12.366
2620.599 12.426
2609.547 12.486
2598.254 12.546
2586.961 12.608
2575.667 12.669
2564.374 12.732
2553.080 12.795
2541.787 12.858
2530.494 12.922
2519.200 12.986
2507.907 13.052
2496.613 13.117
2485.320 13.184
2474.027 13.251
2462.733 13.318
2451.440 13.387
2440.146 13.477
2428.853 13.569
2417.559 13.661
2406.266 13.754
2394.973 13.849
2383.679 13.945
2372.386 14.042
2361.092 14.140
2349.799 14.239
2338.506 14.340
2327.212 14.442
2316.240 14.546
2305.267 14.651
2294.295 14.757
2283.322 14.865
2272.350 14.974
2261.378 15.085
2250.405 15.197
2239.433 15.311
2228.460 15.426
2217.488 15.543
2206.515 15.662
2195.543 15.782
2184.571 15.904
2173.598 16.029
2162.626 16.167
2151.653 16.308
2140.681 16.452
2129.709 16.597
2118.736 16.745
2107.764 16.896
2096.791 17.049
2085.819 17.204
2074.846 17.362
2063.874 17.524
2052.902 17.687
2041.710 17.854
2030.519 18.024
2019.328 18.196
2008.136 18.372
1996.945 18.551
1985.754 18.734
1974.563 18.920
1963.371 19.109
1952.180 19.302
1940.989 19.499
1929.797 19.699
1918.606 19.904
1907.415 20.112
1896.224 20.319
1885.032 20.417
1873.841 20.517
1862.650 20.617
1851.459 20.718
1840.267 20.820
1829.076 20.923
1817.885 21.027
1806.693 21.132
1795.502 21.238
1784.311 21.345
1773.120 21.453
1762.029 21.562
1750.938 21.672
1739.847 21.783
1728.756 21.895
1717.664 22.008
1706.573 22.123
1695.482 22.238
1684.391 22.355
1673.300 22.473
1662.209 22.592
1651.118 22.712
1640.027 22.834
1628.936 22.956
1617.845 23.087
1606.754 23.358
1595.663 23.635
1584.572 23.919
1573.481 24.209
1562.390 24.506
1551.299 24.810
1540.208 25.121
1529.117 25.440
1518.026 25.767
1506.935 26.102
1495.844 26.445
1484.845 26.797
1473.846 27.159
1462.847 27.530
1451.848 27.910
1440.849 28.301
1429.850 28.703
1418.850 29.116
1407.851 29.541
1396.852 29.977
1385.853 30.427
1374.854 30.889
1363.855 31.366
1352.856 31.856
1341.857 32.356
1330.858 32.753
1319.858 33.160
1308.859 33.576
1297.860 34.003
1286.861 34.441
1275.862 34.889
1264.863 35.349
1253.864 35.821
1242.865 36.305
1231.865 36.802
1220.866 37.313
1209.625 37.837
1198.384 38.375
1187.143 38.929
1175.903 39.499
1164.662 40.085
1153.421 40.688
1142.180 41.310
1130.939 41.950
1119.698 42.610
1108.457 43.290
1097.216 43.992
1085.975 44.716
1074.734 45.465
1063.493 46.212
1052.252 46.469
1041.011 46.729
1029.770 46.992
1018.529 47.258
1007.288 47.527
996.047 47.799
984.806 48.074
973.565 48.352
962.324 48.633
951.083 48.918
939.843 49.206
942.052 49.528
944.262 49.854
946.472 50.184
948.681 50.519
950.891 50.858
953.101 51.201
955.310 51.549
957.520 51.901
959.730 52.258
961.939 52.620
964.149 52.986
966.359 53.358
968.569 53.734
970.778 54.046
972.988 53.053
975.198 52.096
977.407 51.172
979.617 50.281
981.827 49.420
984.036 48.588
986.246 47.784
988.456 47.006
990.666 46.253
992.875 45.523
995.085 44.816
1006.326 44.148
1017.568 43.500
1028.810 42.870
1040.051 42.258
1051.293 41.664
1062.534 41.086
1073.776 40.524
1085.018 39.977
1096.259 39.445
1107.501 38.927
1118.742 38.423
1129.984 37.931
1141.225 37.452
1152.467 36.971
1163.709 36.245
1174.950 35.547
1186.192 34.875
1197.433 34.228
1208.675 33.604
1219.916 33.003
1231.158 32.423
1242.400 31.863
1253.641 31.322
1264.883 30.799
1276.124 30.293
1287.225 29.803
1298.325 29.329
1309.426 28.870
1320.527 28.425
1331.627 27.993
1342.728 27.575
1353.829 27.168
1364.929 26.774
1376.030 26.391
1387.131 26.018
1398.231 25.656
1409.332 25.304
1420.432 24.962
1431.533 24.631
1442.634 24.354
1453.734 24.084
1464.835 23.819
1475.936 23.560
1487.036 23.307
1498.137 23.059
1509.238 22.816
1520.338 22.579
1531.439 22.346
1542.539 22.119
1553.640 21.896
1564.750 21.677
1575.860 21.463
1586.970 21.253
1598.080 21.047
1609.190 20.845
1620.300 20.647
1631.410 20.453
1642.520 20.262
1653.630 20.075
1664.740 19.891
1675.849 19.711
1686.959 19.534
1698.069 19.361
1709.179 19.189
1720.289 18.995
1731.399 18.805
1742.509 18.619
1753.619 18.437
1764.729 18.258
1775.839 18.083
1786.949 17.911
1798.059 17.742
1809.169 17.577
1820.279 17.414
1831.389 17.255
1842.670 17.099
1853.952 16.945
1865.234 16.794
1876.515 16.646
1887.797 16.501
1899.078 16.358
1910.360 16.218
1921.642 16.080
1932.923 15.944
1944.205 15.811
1955.487 15.680
1966.768 15.551
1978.050 15.424
1989.331 15.300
2000.613 15.187
2011.895 15.077
2023.176 14.968
2034.458 14.860
2045.739 14.754
2057.021 14.650
2068.303 14.547
2079.584 14.445
2090.866 14.345
2102.148 14.247
2113.429 14.150
2124.421 14.054
2135.413 13.959
2146.405 13.866
2157.397 13.774
2168.389 13.683
2179.381 13.594
2190.373 13.505
2201.365 13.418
2212.357 13.332
2223.349 13.247
2234.341 13.163
2245.333 13.081
2256.325 12.999
2267.317 12.920
2278.309 12.864
2289.301 12.810
2300.293 12.755
2311.285 12.701
2322.277 12.648
2333.269 12.595
2344.261 12.543
2355.253 12.491
2366.245 12.439
2377.237 12.388
2388.229 12.338
2399.265 12.288
2410.302 12.238
2421.339 12.189
2432.375 12.140
2443.412 12.091
2454.449 12.043
2465.485 11.996
2476.522 11.949
2487.559 11.902
2498.595 11.855
2509.632 11.809
2520.669 11.764
2531.706 11.719
2542.742 11.675
2553.779 11.661
2564.816 11.646
2575.852 11.631
2586.889 11.617
2597.926 11.602
2608.962 11.588
2619.999 11.574
2631.036 11.559
2642.072 11.545
2653.109 11.531
2664.146 11.517
2675.448 11.503
2686.751 11.489
2698.054 11.475
2709.357 11.461
2720.659 11.447
2731.962 11.433
2743.265 11.419
2754.568 11.406
2765.870 11.392
2777.173 11.378
2788.476 11.365
2799.778 11.351
2811.081 11.338
2822.384 11.323
2833.687 11.280
2844.989 11.238
2856.292 11.196
2867.595 11.154
2878.898 11.113
2890.200 11.072
2901.503 11.031
2912.806 10.991
2924.108 10.951
2935.411 10.911
2946.714 10.872
2957.699 10.832
2968.685 10.794
2979.670 10.755
2990.656 10.717
3001.641 10.679
3012.627 10.641
3023.612 10.604
3034.598 10.567
3045.583 10.530
3056.569 10.493
3067.554 10.457
3078.539 10.421
3089.525 10.386
3100.510 10.351
3111.496 10.341
3122.481 10.330
3133.467 10.319
3144.452 10.309
3155.438 10.298
3166.423 10.288
3177.409 10.277
3188.394 10.267
3199.380 10.257
3210.365 10.246
3221.350 10.236
3232.365 10.226
3243.379 10.215
3254.393 10.205
3265.408 10.195
3276.422 10.185
3287.436 10.175
3298.451 10.164
3309.465 10.154
3320.479 10.144
3331.494 10.134
3342.508 10.124
3353.522 10.114
3364.537 10.105
3375.551 10.093
3386.565 10.054
3397.580 10.016
3408.594 9.977
3419.608 9.939
3430.623 9.902
3441.637 9.865
3452.651 9.827
3463.666 9.791
3474.680 9.754
3485.694 9.718
3496.709 9.682
3508.021 9.647
3519.333 9.612
3530.646 9.577
3541.958 9.542
3553.270 9.508
3564.583 9.474
3575.895 9.440
3587.208 9.406
3598.520 9.373
3609.832 9.340
3621.145 9.307
3632.457 9.274
3643.769 9.242
3655.082 9.210
3666.394 9.174
3677.706 9.139
3689.019 9.104
3700.331 9.070
3711.643 9.035
3722.956 9.001
3734.268 8.967
3745.580 8.934
3756.893 8.900
3768.205 8.868
3779.518 8.835
3790.500 8.802
3801.482 8.770
3812.465 8.738
3823.447 8.706
3834.429 8.675
3845.412 8.644
3856.394 8.613
3867.376 8.582
3878.359 8.551
3889.341 8.521
3900.323 8.491
3911.306 8.461
3922.288 8.432
3933.271 8.404
3944.253 8.407
3955.235 8.411
3966.218 8.415
3977.200 8.418
3988.182 8.422
3999.165 8.426
4010.147 8.429
4021.129 8.433
4032.112 8.436
4043.094 8.440
4054.076 8.444
4058.731 8.446
4063.386 8.449
4068.041 8.451
4072.695 8.454
4077.350 8.456
4082.005 8.459
4086.659 8.461
4091.314 8.464
4095.969 8.466
4100.623 8.468
4105.278 8.471
4109.933 8.473
4114.588 8.476
4119.242 8.480
4123.897 8.522
4128.552 8.565
4133.206 8.608
4137.861 8.651
4142.516 8.694
4147.171 8.738
4151.825 8.783
4156.480 8.827
4161.135 8.872
4165.789 8.918
4170.444 8.964
4159.002 9.007
4147.559 9.050
4136.117 9.093
4124.674 9.137
4113.232 9.181
4101.789 9.226
4090.347 9.271
4078.905 9.317
4067.462 9.363
4056.020 9.409
4044.577 9.455
4033.135 9.503
4021.693 9.550
4010.250 9.598
3998.808 9.648
3987.365 9.699
3975.923 9.750
3964.480 9.802
3953.038 9.855
3941.596 9.907
3930.153 9.961
3918.711 10.014
3907.268 10.069
3895.826 10.124
3884.383 10.179
3873.291 10.235
3862.199 10.292
3851.107 10.349
3840.014 10.406
3828.922 10.465
3817.830 10.524
3806.738 10.583
3795.645 10.643
3784.553 10.704
3773.461 10.765
3762.369 10.827
3751.276 10.890
3740.184 10.953
3729.092 11.017
3718.000 11.068
3706.907 11.120
3695.815 11.173
3684.723 11.226
3673.631 11.280
3662.538 11.334
3651.446 11.388
3640.354 11.443
3629.262 11.499
3618.169 11.554
3607.077 11.611
3595.905 11.668
3584.734 11.725
3573.562 11.783
3562.390 11.841
3551.219 11.900
3540.047 11.960
3528.875 12.020
3517.703 12.081
3506.532 12.142
3495.360 12.203
3484.188 12.266
3473.016 12.328
3461.845 12.392
3450.673 12.455
3439.501 12.504
3428.330 12.552
3417.158 12.602
3405.986 12.651
3394.814 12.701
3383.643 12.751
3372.471 12.802
3361.299 12.853
3350.127 12.904
3338.956 12.956
3327.784 13.008
3316.602 13.060
3305.421 13.113
3294.239 13.167
3283.057 13.220
3271.876 13.274
3260.694 13.329
3249.512 13.384
3238.331 13.439
3227.149 13.494
3215.967 13.551
3204.786 13.607
3193.604 13.664
3182.422 13.722
3171.241 13.779
3160.059 13.821
3148.878 13.864
3137.696 13.908
3126.514 13.951
3115.333 13.995
3104.151 14.039
3092.969 14.083
3081.788 14.127
3070.606 14.172
3059.424 14.217
3048.243 14.262
3037.254 14.308
3026.265 14.354
3015.276 14.400
3004.287 14.446
2993.298 14.493
2982.309 14.540
2971.320 14.587
2960.332 14.635
2949.343 14.683
2938.354 14.731
2927.365 14.779
2916.376 14.828
2905.387 14.877
2894.398 14.926
2883.409 14.985
2872.421 15.044
2861.432 15.104
2850.443 15.164
2839.454 15.224
2828.465 15.285
2817.476 15.346
2806.487 15.408
2795.498 15.470
2784.510 15.532
2773.521 15.595
2762.301 15.659
2751.080 15.723
2739.860 15.787
2728.640 15.852
2717.420 15.918
2706.200 15.984
2694.980 16.050
2683.760 16.117
2672.539 16.184
2661.319 16.252
2650.099 16.321
2638.879 16.390
2627.659 16.460
2616.439 16.530
2605.218 16.618
2593.998 16.706
2582.778 16.795
2571.558 16.884
2560.338 16.975
2549.118 17.067
2537.898 17.159
2526.677 17.253
2515.457 17.347
2504.237 17.442
2493.017 17.539
2481.908 17.636
2470.799 17.734
2459.690 17.834
2448.581 17.934
2437.472 18.036
2426.363 18.139
2415.254 18.242
2404.145 18.347
2393.036 18.453
2381.927 18.560
2370.818 18.668
2359.709 18.778
2348.600 18.889
2337.491 19.003
2326.382 19.168
2315.273 19.335
2304.164 19.506
2293.055 19.679
2281.946 19.855
2270.837 20.034
2259.728 20.216
2248.619 20.401
2237.510 20.590
2226.401 20.781
2215.292 20.977
2204.341 21.176
2193.391 21.378
2182.440 21.584
2171.490 21.794
2160.540 22.008
2149.589 22.226
2138.639 22.449
2127.689 22.675
2116.738 22.906
2105.788 23.141
2094.837 23.381
2083.887 23.626
2072.937 23.876
2061.986 24.125
2051.036 24.262
2040.085 24.401
2029.135 24.541
2018.185 24.683
2007.234 24.826
1996.284 24.971
1985.334 25.118
1974.383 25.266
1963.433 25.416
1952.482 25.567
1941.532 25.720
1930.200 25.875
1918.868 26.032
1907.535 26.190
1896.203 26.350
1884.871 26.512
1873.539 26.676
1862.206 26.842
1850.874 27.010
1839.542 27.180
1828.210 27.352
1816.878 27.526
1805.545 27.702
1794.213 27.881
1782.881 28.062
1771.549 28.260
1760.217 28.461
1748.884 28.665
1737.552 28.871
1726.220 29.081
1714.888 29.293
1703.555 29.508
1692.223 29.727
1680.891 29.948
1669.559 30.173
1658.227 30.401
1647.190 30.633
1636.153 30.868
1625.116 31.106
1614.079 31.348
1603.042 31.594
1592.005 31.844
1580.968 32.097
1569.931 32.354
1558.894 32.616
1547.857 32.881
1536.820 33.151
1525.783 33.425
1514.746 33.703
1503.709 33.993
1492.672 34.437
1481.635 34.892
1470.598 35.360
1459.561 35.839
1448.524 36.331
1437.487 36.837
1426.450 37.356
1415.413 37.890
1404.376 38.439
1393.339 39.004
1382.302 39.585
1371.327 40.183
1360.353 40.799
1349.378 41.434
1338.403 42.089
1327.429 42.764
1316.454 43.461
1305.480 44.180
1294.505 44.923
1283.530 45.691
1272.556 46.485
1261.581 47.306
1250.607 48.156
1239.632 49.037
1228.657 49.933
1217.683 50.520
1206.708 51.121
1195.734 51.736
1184.759 52.365
1173.784 53.010
1162.810 53.670
1151.835 54.347
1140.861 55.041
1129.886 55.753
1118.911 56.482
1107.937 57.231
1097.638 58.002
1087.340 58.794
1077.041 59.607
1066.743 60.442
1056.445 61.301
1046.146 62.184
1035.848 63.093
1025.549 64.028
1015.251 64.991
1004.952 65.983
994.654 67.005
984.355 68.059
974.057 69.146
963.758 70.200
953.460 69.970
943.161 69.743
932.863 69.517
922.564 69.293
912.266 69.070
901.968 68.849
891.669 68.630
881.371 68.412
871.072 68.195
860.774 67.981
850.475 67.767
861.966 67.646
873.458 67.526
884.949 67.406
896.440 67.287
907.931 67.169
919.422 67.051
930.913 66.933
942.405 66.816
953.896 66.700
965.387 66.584
976.878 66.469
988.369 66.354
999.860 66.239
1011.352 66.049
1022.843 64.436
1034.334 62.900
1045.825 61.435
1057.316 60.037
1068.807 58.701
1080.299 57.423
1091.790 56.200
1103.281 55.028
1114.772 53.903
1126.263 52.824
1137.754 51.787
1148.908 50.789
1160.062 49.829
1171.216 48.904
1182.369 48.014
1193.523 47.155
1204.677 46.326
1215.830 45.526
1226.984 44.753
1238.138 44.006
1249.292 43.283
1260.445 42.584
1271.599 41.907
1282.753 41.252
1293.906 40.611
1305.060 39.903
1316.214 39.219
1327.368 38.559
1338.521 37.920
1349.675 37.302
1360.829 36.703
1371.982 36.124
1383.136 35.563
1394.290 35.019
1405.444 34.491
1416.597 33.979
1427.755 33.482
1438.913 32.999
1450.071 32.530
1461.230 32.075
1472.388 31.631
1483.546 31.200
1494.704 30.781
1505.862 30.373
1517.020 29.975
1528.178 29.588
1539.336 29.211
1550.494 28.843
1561.652 28.484
1572.810 28.139
1583.968 27.888
1595.126 27.642
1606.284 27.400
1617.442 27.162
1628.601 26.928
1639.759 26.698
1650.917 26.472
1662.075 26.251
1673.233 26.032
1684.391 25.818
1695.549 25.607
1706.643 25.399
1717.738 25.195
1728.832 24.995
1739.927 24.797
1751.021 24.603
1762.115 24.411
1773.210 24.223
1784.304 24.038
1795.399 23.855
1806.493 23.675
1817.588 23.498
1828.682 23.324
1839.776 23.152
1850.871 22.980
1861.965 22.744
1873.060 22.513
1884.154 22.286
1895.249 22.064
1906.343 21.847
1917.437 21.633
1928.532 21.424
1939.626 21.219
1950.721 21.018
1961.815 20.821
1972.910 20.627
1984.005 20.437
1995.100 20.251
2006.195 20.068
2017.290 19.888
2028.385 19.711
2039.480 19.538
2050.575 19.368
2061.670 19.200
2072.765 19.036
2083.860 18.874
2094.955 18.716
2106.050 18.559
2117.145 18.406
2128.240 18.257
2139.335 18.140
2150.430 18.025
2161.525 17.911
2172.620 17.799
2183.715 17.688
2194.810 17.579
2205.905 17.471
2217.001 17.364
2228.096 17.259
2239.191 17.155
2250.286 17.052
2261.338 16.951
2272.389 16.851
2283.441 16.752
2294.493 16.654
2305.545 16.557
2316.597 16.462
2327.649 16.368
2338.701 16.274
2349.753 16.182
2360.805 16.091
2371.856 16.001
2382.908 15.912
2393.960 15.824
2405.012 15.740
2416.064 15.701
2427.116 15.663
2438.168 15.625
2449.220 15.587
2460.272 15.549
2471.324 15.511
2482.375 15.474
2493.427 15.437
2504.479 15.400
2515.531 15.363
2526.583 15.326
2537.740 15.290
2548.896 15.254
2560.053 15.218
2571.209 15.182
2582.366 15.147
2593.522 15.111
2604.679 15.076
2615.835 15.041
2626.992 15.006
2638.148 14.972
2649.305 14.937
2660.461 14.903
2671.618 14.869
2682.774 14.836
2693.931 14.820
2705.087 14.804
2716.244 14.788
2727.400 14.772
2738.557 14.756
2749.713 14.740
2760.870 14.724
2772.026 14.708
2783.183 14.692
2794.339 14.677
2805.496 14.661
2816.717 14.646
2827.938 14.630
2839.159 14.614
2850.380 14.599
2861.601 14.584
2872.822 14.568
2884.043 14.553
2895.264 14.538
2906.486 14.523
2917.707 14.507
2928.928 14.492
2940.149 14.477
2951.370 14.462
2962.591 14.446
2973.812 14.400
2985.033 14.354
2996.254 14.309
3007.475 14.264
3018.696 14.219
3029.917 14.175
3041.139 14.130
3052.360 14.087
3063.581 14.043
3074.802 14.000
3086.023 13.957
3097.016 13.914
3108.009 13.872
3119.003 13.830
3129.996 13.788
3140.989 13.746
3151.982 13.705
3162.975 13.664
3173.969 13.623
3184.962 13.583
3195.955 13.543
3206.948 13.503
3217.942 13.463
3228.935 13.424
3239.928 13.383
3250.921 13.321
3261.914 13.259
3272.908 13.197
3283.901 13.136
3294.894 13.076
3305.887 13.016
3316.881 12.957
3327.874 12.899
3338.867 12.841
3349.860 12.783
3360.853 12.726
3371.951 12.670
3383.048 12.614
3394.146 12.559
3405.244 12.504
3416.341 12.450
3427.439 12.396
3438.536 12.343
3449.634 12.290
3460.731 12.238
3471.829 12.186
3482.926 12.135
3494.024 12.084
3505.121 12.033
3516.219 11.984
3527.316 11.953
3538.414 11.922
3549.511 11.891
3560.609 11.860
3571.706 11.830
3582.804 11.800
3593.902 11.769
3604.999 11.739
3616.097 11.710
3627.194 11.680
3638.292 11.651
3649.524 11.621
3660.757 11.592
3671.989 11.563
3683.222 11.535
3694.454 11.506
3705.687 11.478
3716.920 11.450
3728.152 11.422
3739.385 11.394
3750.617 11.366
3761.850 11.338
3773.082 11.311
3784.315 11.284
3795.548 11.256
3806.780 11.210
3818.013 11.164
3829.245 11.119
3840.478 11.074
3851.710 11.029
3862.943 10.985
3874.176 10.941
3885.408 10.898
3896.641 10.855
3907.873 10.813
3919.106 10.770
3930.096 10.728
3941.085 10.687
3952.075 10.645
3963.065 10.605
3974.055 10.564
3985.045 10.524
3996.035 10.484
4007.024 10.444
4018.014 10.405
4029.004 10.366
4039.994 10.327
4050.984 10.289
4061.973 10.251
4072.963 10.217
4083.953 10.257
4094.943 10.298
4105.933 10.338
4116.922 10.379
4127.912 10.420
4138.902 10.462
4149.892 10.503
4160.882 10.546
4171.871 10.588
4182.861 10.630
4193.851 10.673
4187.256 10.711
4180.661 10.750
4174.065 10.788
4167.470 10.827
4160.875 10.866
4154.280 10.905
4147.684 10.944
4141.089 10.984
4134.494 11.024
4127.899 11.064
4121.303 11.104
4114.708 11.145
4108.113 11.186
4101.518 11.228
4094.922 11.291
4088.327 11.355
4081.732 11.419
4075.137 11.484
4068.541 11.549
4061.946 11.616
4055.351 11.682
4048.756 11.750
4042.160 11.818
4035.565 11.887
4028.970 11.957
4017.633 12.026
4006.297 12.096
3994.960 12.166
3983.624 12.237
3972.287 12.309
3960.950 12.381
3949.614 12.455
3938.277 12.529
3926.941 12.604
3915.604 12.680
3904.268 12.757
3892.931 12.834
3881.594 12.913
3870.258 12.992
3858.921 13.056
3847.585 13.121
3836.248 13.187
3824.912 13.254
3813.575 13.321
3802.238 13.388
3790.902 13.457
3779.565 13.525
3768.229 13.595
3756.892 13.665
3745.556 13.736
3734.439 13.808
3723.321 13.880
3712.204 13.954
3701.087 14.027
3689.970 14.102
3678.853 14.177
3667.736 14.254
3656.619 14.330
3645.502 14.408
3634.385 14.486
3623.268 14.566
3612.151 14.646
3601.034 14.726
3589.916 14.807
3578.799 14.865
3567.682 14.924
3556.565 14.984
3545.448 15.043
3534.331 15.104
3523.214 15.164
3512.097 15.226
3500.980 15.287
3489.863 15.349
3478.746 15.412
3467.628 15.475
3456.524 15.538
3445.420 15.602
3434.315 15.667
3423.211 15.732
3412.107 15.797
3401.002 15.863
3389.898 15.930
3378.794 15.997
3367.689 16.065
3356.585 16.133
3345.481 16.202
3334.376 16.271
3323.272 16.341
3312.167 16.410
3301.063 16.472
3289.959 16.533
3278.854 16.595
3267.750 16.658
3256.646 16.721
3245.541 16.784
3234.437 16.848
3223.333 16.913
3212.228 16.977
3201.124 17.043
3190.020 17.108
3178.871 17.175
3167.722 17.241
3156.573 17.309
3145.425 17.376
3134.276 17.444
3123.127 17.513
3111.978 17.582
3100.830 17.652
3089.681 17.722
3078.532 17.793
3067.383 17.864
3056.235 17.936
3045.086 18.009
3033.937 18.081
3022.788 18.137
3011.640 18.193
3000.491 18.250
2989.342 18.307
2978.193 18.364
2967.045 18.422
2955.896 18.480
2944.747 18.538
2933.598 18.597
2922.450 18.656
2911.301 18.716
2900.182 18.776
2889.063 18.836
2877.945 18.897
2866.826 18.958
2855.708 19.019
2844.589 19.081
2833.470 19.143
2822.352 19.205
2811.233 19.268
2800.114 19.331
2788.996 19.395
2777.877 19.459
2766.758 19.524
2755.640 19.590
2744.521 19.675
2733.403 19.762
2722.284 19.849
2711.165 19.937
2700.047 20.025
2688.928 20.115
2677.809 20.205
2666.691 20.296
2655.572 20.387
2644.453 20.480
2633.335 20.573
2622.268 20.667
2611.202 20.762
2600.135 20.858
2589.069 20.954
2578.002 21.052
2566.936 21.150
2555.869 21.249
2544.803 21.349
2533.736 21.450
2522.670 21.552
2511.603 21.655
2500.537 21.758
2489.470 21.863
2478.404 21.971
2467.338 22.136
2456.271 22.302
2445.205 22.471
2434.138 22.642
2423.072 22.816
2412.005 22.992
2400.939 23.171
2389.872 23.353
2378.806 23.537
2367.739 23.724
2356.673 23.914
2345.562 24.107
2334.451 24.303
2323.340 24.502
2312.229 24.705
2301.118 24.910
2290.007 25.119
2278.897 25.331
2267.786 25.546
2256.675 25.766
2245.564 25.988
2234.453 26.215
2223.342 26.445
2212.231 26.679
2201.120 26.914
2190.010 27.081
2178.899 27.250
2167.788 27.421
2156.677 27.594
2145.566 27.770
2134.455 27.947
2123.344 28.127
2112.233 28.309
2101.122 28.493
2090.012 28.680
2078.901 28.868
2067.807 29.060
2056.712 29.254
2045.618 29.450
2034.524 29.649
2023.430 29.850
2012.336 30.054
2001.242 30.261
1990.148 30.471
1979.054 30.683
1967.960 30.899
1956.865 31.117
1945.771 31.338
1934.677 31.562
1923.583 31.789
1912.489 32.008
1901.395 32.229
1890.301 32.454
1879.207 32.681
1868.113 32.912
1857.018 33.145
1845.924 33.382
1834.830 33.622
1823.736 33.866
1812.642 34.113
1801.548 34.364
1790.440 34.618
1779.333 34.876
1768.225 35.137
1757.118 35.403
1746.011 35.672
1734.903 35.946
1723.796 36.223
1712.688 36.505
1701.581 36.791
1690.473 37.081
1679.366 37.376
1668.258 37.676
1657.151 37.980
1646.043 38.292
1634.936 38.666
1623.828 39.047
1612.721 39.436
1601.614 39.833
1590.506 40.237
1579.399 40.650
1568.291 41.071
1557.184 41.500
1546.076 41.938
1534.969 42.386
1523.861 42.842
1512.875 43.309
1501.889 43.786
1490.902 44.273
1479.916 44.771
1468.929 45.280
1457.943 45.801
1446.957 46.333
1435.970 46.878
1424.984 47.435
1413.997 48.005
1403.011 48.589
1392.025 49.188
1381.038 49.800
1370.052 50.433
1359.065 51.173
1348.079 51.934
1337.093 52.718
1326.106 53.525
1315.120 54.357
1304.133 55.215
1293.147 56.100
1282.161 57.014
1271.174 57.957
1260.188 58.931
1249.202 59.939
