2.558 24.872
2.861 23.043
3.165 21.589
3.468 20.404
3.772 19.945
4.075 19.754
4.379 19.586
4.682 19.426
4.986 19.271
5.289 19.132
5.593 18.977
5.896 18.618
6.200 18.316
6.503 18.057
6.807 18.236
7.110 18.484
7.414 18.711
7.717 18.860
8.021 18.946
8.324 19.026
8.628 19.234
8.931 19.877
9.235 20.507
9.538 21.125
9.842 21.713
10.145 22.289
10.449 22.854
10.752 23.225
11.056 23.482
11.359 23.728
11.663 23.910
11.966 23.985
12.270 24.056
12.573 24.117
12.877 24.086
13.180 24.057
13.484 24.031
13.787 24.119
14.091 24.238
14.394 24.349
14.698 24.810
15.001 25.694
15.305 26.587
15.608 27.571
15.912 29.013
16.215 30.554
16.519 32.206
16.822 33.768
17.126 35.404
17.429 37.158
17.733 38.827
18.036 40.444
18.340 42.165
18.643 43.913
18.947 45.541
19.250 47.263
19.553 49.091
19.857 50.720
20.160 52.433
20.464 54.239
20.767 56.034
21.071 57.873
21.374 59.813
21.678 61.932
21.981 64.298
22.285 66.832
22.588 69.609
22.892 73.175
23.195 77.114
23.499 81.488
23.802 85.317
24.106 89.240
24.409 93.534
24.713 98.419
25.016 104.029
25.320 110.337
25.623 117.990
25.927 129.063
26.230 142.611
26.534 159.569
26.837 170.859
27.141 182.976
27.444 197.049
27.748 203.631
28.051 204.772
28.355 205.929
28.658 199.481
28.962 180.468
29.265 164.888
29.569 151.787
29.872 138.442
30.176 127.395
30.479 118.101
30.783 110.348
31.086 103.704
31.390 97.901
31.693 91.734
31.997 85.285
32.300 79.808
32.604 75.513
32.907 73.904
33.211 72.392
33.514 70.968
33.818 70.222
34.121 69.607
34.425 69.015
34.728 68.735
35.032 68.687
35.335 68.641
35.639 68.422
35.942 67.739
36.245 67.084
36.549 66.456
36.852 65.488
37.156 64.559
37.459 63.677
37.763 62.706
38.066 61.729
38.370 60.805
38.673 59.944
38.977 59.150
39.280 58.397
39.584 57.857
39.887 59.207
40.191 60.590
40.494 62.007
40.798 64.229
41.101 66.802
41.405 69.548
41.708 72.322
42.012 75.113
42.315 78.096
42.619 81.219
42.922 84.272
43.226 87.535
43.529 91.033
43.833 93.860
44.136 96.744
44.440 99.790
44.743 102.666
45.047 105.464
45.350 108.401
45.654 111.461
45.957 114.625
46.261 117.959
46.564 121.492
46.868 126.001
47.171 130.848
47.475 136.072
47.778 142.668
48.082 150.336
48.385 158.874
48.689 167.376
48.992 175.300
49.296 184.024
49.599 193.984
49.903 207.342
50.206 222.756
50.510 240.740
50.813 257.732
51.117 276.505
51.420 298.365
51.724 320.511
52.027 342.912
52.331 368.856
52.634 389.778
52.938 384.334
53.241 379.033
53.544 373.868
53.848 334.810
54.151 302.138
54.455 275.419
54.758 250.070
55.062 227.833
55.365 209.361
55.669 194.820
55.972 183.880
56.276 174.192
56.579 165.402
56.883 155.760
57.186 147.271
57.490 139.742
57.793 132.740
58.097 126.432
58.400 120.786
58.704 118.226
59.007 118.528
59.311 118.829
59.614 119.060
59.918 118.992
60.221 118.926
60.525 118.860
60.828 116.613
61.132 114.225
61.435 111.964
61.739 109.889
62.042 107.964
62.346 106.132
62.649 104.252
62.953 102.162
63.256 100.187
63.560 98.318
63.863 96.512
64.167 94.802
64.470 93.179
64.774 94.515
65.077 97.123
65.381 99.841
65.684 103.084
65.988 107.125
66.291 111.458
66.595 116.024
66.898 120.234
67.202 124.730
67.505 129.544
67.809 133.770
68.112 138.048
68.416 142.589
68.719 146.852
69.023 150.835
69.326 155.024
69.630 159.318
69.933 163.438
70.236 167.763
70.540 172.306
70.843 176.994
71.147 181.926
71.450 187.129
71.754 194.081
72.057 202.435
72.361 211.534
72.664 221.567
72.968 232.780
73.271 245.204
73.575 258.959
73.878 272.760
74.182 288.145
74.485 305.403
74.789 321.709
75.092 338.801
75.396 357.872
75.699 382.366
76.003 414.775
76.306 453.421
76.610 495.952
76.913 523.114
77.217 553.544
77.520 587.870
77.824 562.573
78.127 531.942
78.431 504.475
78.734 463.302
79.038 418.939
79.341 382.493
79.645 351.135
79.948 322.795
80.252 298.813
80.555 278.256
80.859 262.340
81.162 248.247
81.466 235.666
81.769 223.265
82.073 211.763
82.376 201.474
82.680 192.332
82.983 184.226
83.287 176.858
83.590 170.824
83.894 170.917
84.197 171.008
84.501 171.099
84.804 170.307
85.108 169.327
85.411 168.367
85.715 166.010
86.018 162.474
86.322 159.120
86.625 155.945
86.928 152.966
87.232 150.129
87.535 147.424
87.839 144.177
88.142 141.058
88.446 138.107
88.749 135.527
89.053 133.193
89.356 130.968
89.660 131.511
89.963 137.651
90.267 144.260
90.570 151.258
90.874 155.434
91.177 159.846
91.481 164.517
91.784 169.830
92.088 175.614
92.391 181.786
92.695 187.773
92.998 193.359
93.302 199.268
93.605 205.278
93.909 210.210
94.212 215.368
94.516 220.768
94.819 225.797
95.123 230.954
95.426 236.351
95.730 242.974
96.033 250.752
96.337 259.018
96.640 268.447
96.944 280.409
97.247 293.488
97.551 307.846
97.854 325.367
98.158 345.051
98.461 367.269
98.765 382.419
99.068 393.935
99.372 406.205
99.675 425.646
99.979 458.727
100.282 497.510
100.586 542.450
100.889 582.851
101.193 630.066
101.496 685.979
101.800 715.959
102.103 738.983
102.407 763.617
102.710 740.505
103.014 677.817
103.317 625.065
103.620 575.023
103.924 516.529
104.227 468.971
104.531 429.543
104.834 400.990
105.138 376.542
105.441 355.028
105.745 334.218
106.048 314.864
106.352 297.728
106.655 282.835
106.959 270.179
107.262 258.674
107.566 248.258
107.869 241.808
108.173 235.738
108.476 230.015
108.780 227.072
109.083 225.116
109.387 223.205
109.690 219.879
109.994 214.880
110.297 210.144
110.601 206.094
110.904 204.864
111.208 203.659
111.511 202.478
111.815 198.228
112.118 193.658
112.422 189.329
112.725 184.961
113.029 180.621
113.332 176.514
113.636 173.790
113.939 174.539
114.243 175.287
114.546 176.032
114.850 181.500
115.153 187.494
115.457 193.863
115.760 200.642
116.064 207.888
116.367 215.656
116.671 223.385
116.974 230.547
117.278 238.163
117.581 246.124
117.885 252.643
118.188 259.498
118.492 266.715
118.795 272.780
119.099 278.662
119.402 284.787
119.706 291.712
120.009 299.567
120.313 307.835
120.616 316.846
120.919 327.732
121.223 339.392
121.526 351.913
121.830 370.663
122.133 392.273
122.437 416.626
122.740 436.370
123.044 452.482
123.347 469.828
123.651 488.842
123.954 510.198
124.258 533.569
124.561 559.417
124.865 604.252
125.168 657.052
125.472 720.146
125.775 774.836
126.079 828.852
126.382 891.141
126.686 926.147
126.989 913.061
127.293 900.306
127.596 875.624
127.900 779.866
128.203 703.173
128.507 640.367
128.810 582.761
129.114 534.008
129.417 492.984
129.721 462.307
130.024 438.676
130.328 417.396
130.631 396.483
130.935 373.019
131.238 352.280
131.542 333.818
131.845 320.866
132.149 309.161
132.452 298.362
132.756 291.678
133.059 287.047
133.363 282.583
133.666 279.019
133.970 276.874
134.273 274.773
134.577 272.507
134.880 267.229
135.184 262.188
135.487 257.371
135.791 250.622
136.094 243.653
136.398 237.109
136.701 232.007
137.005 228.294
137.308 224.725
137.611 220.871
137.915 215.301
138.218 210.042
138.522 205.070
138.825 209.012
139.129 214.346
139.432 219.917
139.736 227.353
140.039 236.479
140.343 246.294
140.646 256.140
140.950 264.829
141.253 274.105
141.557 284.030
141.860 291.665
142.164 299.690
142.467 308.149
142.771 316.256
143.074 324.414
143.378 332.984
143.681 341.169
143.985 348.485
144.288 356.103
144.592 364.252
144.895 374.537
145.199 385.419
145.502 396.952
145.806 414.633
146.109 435.324
146.413 458.189
146.716 479.406
147.020 498.532
147.323 519.247
147.627 541.346
147.930 563.913
148.234 588.503
148.537 615.400
148.841 650.410
149.144 690.198
149.448 735.285
149.751 791.903
150.055 861.600
150.358 944.963
150.662 1022.242
150.965 1061.897
151.269 1104.964
151.572 1150.250
151.876 1163.704
152.179 1177.475
152.483 1191.577
152.786 1199.804
153.090 1206.087
153.393 1212.451
153.697 1218.496
154.000 1224.131
