2.560 1.568
2.835 1.633
3.111 1.698
3.386 1.763
3.662 1.841
3.937 1.940
4.213 2.039
4.488 2.137
4.763 2.243
5.039 2.352
5.314 2.460
5.590 2.575
5.865 2.744
6.141 2.912
6.416 3.081
6.691 3.255
6.967 3.437
7.242 3.618
7.518 3.799
7.793 3.946
8.069 4.086
8.344 4.227
8.619 4.375
8.895 4.548
9.170 4.722
9.446 4.895
9.721 5.067
9.997 5.236
10.272 5.405
10.547 5.575
10.823 5.752
11.098 5.930
11.374 6.108
11.649 6.289
11.925 6.480
12.200 6.670
12.476 6.860
12.751 7.087
13.026 7.331
13.302 7.575
13.577 7.820
13.853 8.085
14.128 8.349
14.404 8.614
14.679 8.867
14.954 9.107
15.230 9.347
15.505 9.586
15.781 9.763
16.056 9.924
16.332 10.085
16.607 10.240
16.882 10.368
17.158 10.496
17.433 10.625
17.709 10.737
17.984 10.836
18.260 10.935
18.535 11.034
18.810 11.118
19.086 11.201
19.361 11.284
19.637 11.363
19.912 11.433
20.188 11.503
20.463 11.574
20.738 11.638
21.014 11.700
21.289 11.762
21.565 11.824
21.840 11.865
22.116 11.907
22.391 11.948
22.666 11.979
22.942 11.996
23.217 12.012
23.493 12.029
23.768 12.039
24.044 12.047
24.319 12.056
24.594 12.061
24.870 12.044
25.145 12.028
25.421 12.011
25.696 11.970
25.972 11.904
26.247 11.837
26.522 11.771
26.798 11.730
27.073 11.693
27.349 11.656
27.624 11.624
27.900 11.607
28.175 11.591
28.451 11.574
28.726 11.595
29.001 11.641
29.277 11.686
29.552 11.732
29.828 11.806
30.103 11.880
30.379 11.954
30.654 12.033
30.929 12.120
31.205 12.207
31.480 12.293
31.756 12.416
32.031 12.552
32.307 12.689
32.582 12.823
32.857 12.939
33.133 13.055
33.408 13.170
33.684 13.295
33.959 13.432
34.235 13.568
34.510 13.705
34.785 13.837
35.061 13.970
35.336 14.102
35.612 14.237
35.887 14.386
36.163 14.535
36.438 14.684
36.713 14.842
36.989 15.007
37.264 15.172
37.540 15.338
37.815 15.522
38.091 15.708
38.366 15.894
38.641 16.086
38.917 16.293
39.192 16.500
39.468 16.706
39.743 16.891
40.019 17.064
40.294 17.238
40.569 17.409
40.845 17.525
41.120 17.640
41.396 17.756
41.671 17.860
41.947 17.947
42.222 18.034
42.497 18.120
42.773 18.191
43.048 18.257
43.324 18.323
43.599 18.388
43.875 18.446
44.150 18.504
44.425 18.562
44.701 18.615
44.976 18.665
45.252 18.714
45.527 18.764
45.803 18.803
46.078 18.840
46.354 18.877
46.629 18.909
46.904 18.925
47.180 18.942
47.455 18.958
47.731 18.965
48.006 18.965
48.282 18.965
48.557 18.965
48.832 18.952
49.108 18.940
49.383 18.927
49.659 18.904
49.934 18.863
50.210 18.822
50.485 18.780
50.760 18.733
51.036 18.683
51.311 18.634
51.587 18.584
51.862 18.530
52.138 18.476
52.413 18.423
52.688 18.389
52.964 18.376
53.239 18.364
53.515 18.351
53.790 18.391
54.066 18.441
54.341 18.490
54.616 18.543
54.892 18.610
55.167 18.676
55.443 18.742
55.718 18.818
55.994 18.900
56.269 18.983
56.544 19.066
56.820 19.164
57.095 19.263
57.371 19.362
57.646 19.477
57.922 19.626
58.197 19.775
58.472 19.924
58.748 20.035
59.023 20.130
59.299 20.225
59.574 20.321
59.850 20.433
60.125 20.545
60.400 20.656
60.676 20.775
60.951 20.903
61.227 21.031
61.502 21.159
61.778 21.304
62.053 21.452
62.328 21.601
62.604 21.753
62.879 21.923
63.155 22.092
63.430 22.262
63.706 22.438
63.981 22.620
64.257 22.801
64.532 22.983
64.807 23.128
65.083 23.268
65.358 23.409
65.634 23.536
65.909 23.627
66.185 23.717
66.460 23.808
66.735 23.886
67.011 23.956
67.286 24.026
67.562 24.096
67.837 24.146
68.113 24.196
68.388 24.245
68.663 24.292
68.939 24.333
69.214 24.374
69.490 24.416
69.765 24.454
70.041 24.491
70.316 24.528
70.591 24.564
70.867 24.589
71.142 24.613
71.418 24.638
71.693 24.655
71.969 24.663
72.244 24.672
72.519 24.680
72.795 24.670
73.070 24.658
73.346 24.645
73.621 24.631
73.897 24.611
74.172 24.590
74.447 24.569
74.723 24.541
74.998 24.508
75.274 24.475
75.549 24.442
75.825 24.381
76.100 24.319
76.375 24.257
76.651 24.202
76.926 24.161
77.202 24.119
77.477 24.078
77.753 24.066
78.028 24.066
78.303 24.066
78.579 24.070
78.854 24.124
79.130 24.177
79.405 24.231
79.681 24.288
79.956 24.350
80.232 24.412
80.507 24.474
80.782 24.543
81.058 24.613
81.333 24.684
81.609 24.759
81.884 24.858
82.160 24.958
82.435 25.057
82.710 25.174
82.986 25.306
83.261 25.439
83.537 25.571
83.812 25.657
84.088 25.740
84.363 25.823
84.638 25.913
84.914 26.020
85.189 26.127
85.465 26.235
85.740 26.353
86.016 26.477
86.291 26.601
86.566 26.725
86.842 26.858
87.117 26.990
87.393 27.122
87.668 27.264
87.944 27.421
88.219 27.578
88.494 27.735
88.770 27.899
89.045 28.064
89.321 28.229
89.596 28.406
89.872 28.652
90.147 28.898
90.422 29.144
90.698 29.266
90.973 29.266
91.249 29.266
91.524 29.266
91.800 29.302
92.075 29.343
92.350 29.384
92.626 29.425
92.901 29.466
93.177 29.507
93.452 29.548
93.728 29.589
94.003 29.631
94.278 29.672
94.554 29.713
94.829 29.713
95.105 29.713
95.380 29.713
95.656 29.728
95.931 29.769
96.206 29.810
96.482 29.851
96.757 29.863
97.033 29.863
97.308 29.863
97.584 29.863
97.859 29.863
98.135 29.863
98.410 29.863
98.685 29.844
98.961 29.803
99.236 29.762
99.512 29.720
99.787 29.679
100.063 29.638
100.338 29.597
100.613 29.548
100.889 29.465
101.164 29.383
101.440 29.301
101.715 29.242
101.991 29.201
102.266 29.160
102.541 29.119
102.817 29.155
103.092 29.196
103.368 29.237
103.643 29.278
103.919 29.319
104.194 29.361
104.469 29.402
104.745 29.471
105.020 29.553
105.296 29.635
105.571 29.717
105.847 29.800
106.122 29.882
106.397 29.964
106.673 30.046
106.948 30.129
107.224 30.211
107.499 30.293
107.775 30.408
108.050 30.531
108.325 30.655
108.601 30.771
108.876 30.854
109.152 30.936
109.427 31.018
109.703 31.122
109.978 31.245
110.253 31.369
110.529 31.492
110.804 31.616
111.080 31.739
111.355 31.862
111.631 31.986
111.906 32.109
112.181 32.232
112.457 32.356
112.732 32.479
113.008 32.603
113.283 32.726
113.559 32.849
113.834 33.014
114.109 33.178
114.385 33.343
114.660 33.477
114.936 33.559
115.211 33.641
115.487 33.724
115.762 33.775
116.038 33.817
116.313 33.858
116.588 33.899
116.864 33.940
117.139 33.981
117.415 34.022
117.690 34.063
117.966 34.104
118.241 34.146
118.516 34.187
118.792 34.228
119.067 34.269
119.343 34.310
119.618 34.351
119.894 34.392
120.169 34.433
120.444 34.475
120.720 34.492
120.995 34.492
121.271 34.492
121.546 34.492
121.822 34.452
122.097 34.411
122.372 34.370
122.648 34.342
122.923 34.342
123.199 34.342
123.474 34.342
123.750 34.314
124.025 34.272
124.300 34.231
124.576 34.190
124.851 34.149
125.127 34.108
125.402 34.067
125.678 34.026
125.953 33.985
126.228 33.943
126.504 33.902
126.779 33.861
127.055 33.820
127.330 33.779
127.606 33.752
127.881 33.793
128.156 33.834
128.432 33.875
128.707 33.939
128.983 34.021
129.258 34.103
129.534 34.186
129.809 34.230
130.084 34.272
130.360 34.313
130.635 34.365
130.911 34.448
131.186 34.530
131.462 34.612
131.737 34.721
132.013 34.844
132.288 34.968
132.563 35.090
132.839 35.173
133.114 35.255
133.390 35.337
133.665 35.419
133.941 35.502
134.216 35.584
134.491 35.666
134.767 35.780
135.042 35.903
135.318 36.026
135.593 36.150
135.869 36.273
136.144 36.396
136.419 36.520
136.695 36.643
136.970 36.767
137.246 36.890
137.521 37.013
137.797 37.137
138.072 37.260
138.347 37.383
138.623 37.507
138.898 37.630
139.174 37.754
139.449 37.877
139.725 38.000
140.000 38.124
