515.090 0.099
592.080 0.115
669.383 0.132
747.152 0.150
824.920 0.169
902.688 0.190
978.785 0.211
1054.387 0.234
1129.990 0.260
1205.687 0.287
1281.957 0.316
1358.227 0.349
1434.496 0.404
1511.554 0.462
1589.367 0.524
1667.180 0.584
1744.993 0.643
1820.893 0.704
1896.532 0.768
1972.171 0.825
2047.861 0.881
2123.701 0.939
2199.541 0.996
2275.381 1.045
2352.496 1.094
2430.399 1.145
2508.302 1.195
2586.205 1.246
2661.718 1.297
2737.201 1.349
2812.684 1.421
2888.346 1.495
2964.331 1.571
3040.317 1.655
3116.302 1.751
3193.684 1.850
3271.591 1.952
3349.498 2.084
3427.168 2.233
3502.600 2.386
3578.031 2.545
3653.463 2.707
3729.081 2.874
3804.912 3.047
3880.744 3.176
3956.575 3.245
4015.630 3.313
4071.355 3.381
4127.080 3.358
4155.111 3.312
4074.898 3.262
3994.684 3.210
3914.471 3.154
3836.594 3.096
3760.459 3.036
3684.324 2.978
3608.189 2.924
3530.475 2.868
3452.664 2.810
3374.853 2.759
3297.624 2.709
3221.679 2.657
3145.734 2.607
3069.790 2.562
2993.730 2.516
2917.616 2.470
2841.503 2.425
2765.322 2.380
2687.872 2.335
2610.422 2.289
2532.973 2.228
2456.042 2.168
2379.827 2.107
2303.613 2.036
2227.399 1.950
2150.875 1.864
2074.267 1.778
1997.660 1.707
1921.009 1.642
1844.128 1.576
1767.247 1.509
1690.366 1.433
1613.730 1.357
1537.313 1.281
1460.895 1.189
1384.478 1.083
1308.030 0.977
1231.579 0.872
1155.128 0.812
1078.878 0.759
1003.183 0.706
927.488 0.665
851.794 0.660
849.388 0.655
888.995 0.649
928.603 0.690
968.394 0.760
1045.003 0.831
1121.613 0.902
1198.222 0.994
1274.726 1.087
1351.054 1.181
1427.381 1.276
1503.709 1.373
1580.618 1.470
1657.728 1.569
1734.837 1.707
1811.848 1.862
1888.077 2.020
1964.306 2.174
2040.535 2.257
2116.540 2.342
2192.306 2.427
2268.071 2.507
2343.836 2.580
2420.830 2.653
2498.038 2.728
2575.246 2.786
2652.354 2.841
2729.109 2.897
2805.864 2.960
2882.619 3.050
2958.945 3.141
3034.973 3.233
3111.001 3.341
3187.029 3.461
3264.144 3.584
3341.306 3.708
3418.467 3.853
3495.434 4.002
3572.005 4.154
3648.576 4.311
3725.147 4.476
3801.273 4.645
3877.207 4.816
3953.141 4.872
4026.529 4.869
4064.747 4.866
4102.965 4.857
4141.184 4.753
4127.428 4.647
4046.672 4.539
3965.915 4.431
3885.159 4.323
3807.320 4.215
3730.182 4.105
3653.045 3.999
3576.185 3.894
3500.634 3.788
3425.082 3.686
3349.531 3.610
3273.169 3.534
3196.130 3.458
3119.091 3.388
3042.051 3.324
2965.118 3.260
2888.194 3.196
2811.270 3.129
2734.749 3.062
2659.247 2.994
2583.745 2.920
2508.242 2.830
2431.303 2.739
2353.599 2.648
2275.895 2.541
2198.219 2.424
2121.793 2.308
2045.367 2.191
1968.942 2.100
1892.904 2.009
1817.470 1.919
1742.036 1.819
1666.603 1.704
1589.033 1.589
1510.793 1.475
1432.552 1.378
1354.651 1.287
1279.021 1.197
1203.390 1.109
1127.760 1.039
1052.052 0.970
976.268 0.901
900.483 0.870
824.699 0.880
871.497 0.890
936.816 0.900
1002.134 0.989
1070.228 1.095
1147.203 1.200
1224.178 1.312
1301.153 1.444
1377.470 1.578
1453.362 1.712
1529.253 1.835
1605.144 1.950
1682.528 2.066
1759.948 2.183
1837.368 2.329
1914.322 2.479
1990.397 2.629
2066.473 2.788
2142.548 2.963
2218.611 3.141
2294.669 3.321
2370.727 3.394
2446.871 3.418
2523.947 3.443
2601.022 3.468
2678.098 3.508
2754.941 3.548
2831.506 3.589
2908.071 3.662
2984.635 3.779
3060.859 3.897
3137.009 4.016
3213.159 4.140
3289.519 4.265
3366.761 4.392
3444.004 4.525
3521.246 4.682
3598.170 4.840
3674.846 5.001
3751.522 5.167
3828.197 5.339
3903.985 5.513
3979.708 5.689
4055.430 5.642
4106.411 5.572
4099.835 5.500
4093.260 5.407
4086.685 5.264
4032.840 5.118
3955.709 4.972
3878.577 4.837
3801.421 4.709
3723.655 4.580
3645.889 4.450
3568.123 4.346
3490.985 4.241
3414.756 4.135
3338.527 4.038
3262.298 3.955
3186.588 3.871
3111.026 3.788
3035.464 3.711
2959.597 3.636
2881.965 3.561
2804.334 3.486
2726.703 3.409
2649.846 3.331
2573.716 3.254
2497.585 3.158
2421.454 3.043
2345.661 2.927
2269.910 2.812
2194.160 2.690
2117.870 2.567
2040.006 2.445
1962.142 2.325
1884.277 2.213
1807.668 2.102
1731.813 1.991
1655.958 1.893
1580.103 1.802
1503.230 1.712
1426.351 1.622
1349.472 1.505
1272.722 1.387
1196.195 1.270
1119.669 1.173
1043.143 1.113
990.620 1.054
946.861 0.995
903.102 1.016
872.059 1.069
953.127 1.123
1034.196 1.182
1115.264 1.309
1194.030 1.436
1270.210 1.563
1346.389 1.698
1422.569 1.841
1498.320 1.985
1573.989 2.129
1649.658 2.263
1725.743 2.395
1803.393 2.528
1881.044 2.666
1958.694 2.825
2035.387 2.985
2111.383 3.145
2187.379 3.310
2263.375 3.478
2339.195 3.647
2415.005 3.818
2490.815 3.852
2567.186 3.875
2644.759 3.898
2722.333 3.930
2799.906 3.984
2876.430 4.038
2952.475 4.092
3028.520 4.191
3104.569 4.314
3180.674 4.438
3256.779 4.563
3332.884 4.690
3409.509 4.818
3486.835 4.948
3564.160 5.091
3641.486 5.255
3718.222 5.421
3794.806 5.588
3871.390 5.750
3947.848 5.911
4023.669 6.073
4099.490 6.194
4175.311 6.048
4179.754 5.898
4121.848 5.745
4063.942 5.598
4006.037 5.460
3930.192 5.322
3852.422 5.184
3774.651 5.047
3697.360 4.910
3621.346 4.772
3545.333 4.641
3469.320 4.533
3392.242 4.424
3314.570 4.315
3236.899 4.225
3159.250 4.146
3083.716 4.066
3008.181 3.986
2932.647 3.907
2856.897 3.828
2780.796 3.749
2704.696 3.665
2628.595 3.572
2551.247 3.479
2473.483 3.386
2395.719 3.267
2318.219 3.139
2242.665 3.010
2167.112 2.880
2091.558 2.738
2015.268 2.596
1938.208 2.455
1861.147 2.347
1784.087 2.279
1707.618 2.211
1631.248 2.143
1554.878 2.014
1478.651 1.874
1402.914 1.733
1327.176 1.599
1251.439 1.490
1174.709 1.381
1097.306 1.272
1019.903 1.205
942.501 1.168
954.535 1.131
969.751 1.094
984.966 1.185
1021.015 1.285
1098.422 1.385
1175.829 1.503
1253.236 1.661
1329.959 1.820
1406.395 1.978
1482.832 2.124
1559.273 2.265
1635.774 2.406
1712.274 2.549
1788.775 2.712
1865.799 2.876
1943.481 3.040
2021.164 3.201
2098.847 3.355
2174.909 3.509
2250.598 3.665
2326.286 3.793
2402.030 3.914
2478.026 4.036
2554.022 4.149
2630.018 4.204
2707.024 4.260
2784.852 4.315
2862.680 4.409
2940.508 4.538
3016.325 4.668
3091.969 4.798
3167.612 4.870
3243.313 4.934
3319.155 4.999
3394.997 5.087
3470.839 5.238
3548.034 5.390
3625.928 5.544
3703.822 5.707
3781.652 5.875
3857.274 6.045
3932.896 6.216
4008.518 6.254
4066.819 6.292
4098.870 6.330
4130.921 6.298
4162.972 6.149
4110.022 5.998
4031.232 5.847
3952.442 5.684
3873.980 5.518
3797.602 5.351
3721.223 5.188
3644.844 5.055
3568.189 4.921
3491.263 4.788
3414.337 4.671
3337.411 4.571
3260.425 4.472
3183.431 4.372
3106.437 4.296
3029.766 4.224
2954.099 4.151
2878.433 4.076
2802.766 3.989
2726.122 3.902
2648.862 3.815
2571.603 3.712
2494.344 3.599
2417.836 3.486
2341.342 3.372
2264.848 3.207
2188.739 3.040
2113.337 2.873
2037.935 2.732
1962.533 2.645
1885.234 2.557
1807.203 2.470
1729.172 2.376
1651.326 2.279
1575.327 2.182
1499.329 2.082
1423.331 1.937
1347.530 1.792
1271.962 1.647
1196.393 1.525
1120.825 1.434
1049.118 1.342
978.205 1.251
907.292 1.243
866.204 1.257
945.329 1.270
1024.455 1.306
1103.580 1.454
1181.386 1.603
1258.188 1.753
1334.990 1.915
1411.792 2.089
1488.622 2.264
1565.453 2.440
1642.285 2.574
1718.983 2.705
1795.376 2.835
1871.770 2.981
1948.164 3.166
2024.560 3.352
2100.958 3.539
2177.356 3.706
2253.741 3.863
2329.842 4.021
2405.942 4.178
2482.043 4.260
2558.443 4.342
2635.264 4.425
2712.085 4.496
2788.906 4.549
2866.076 4.602
2943.342 4.655
3020.608 4.756
3097.633 4.873
3173.330 4.991
3249.027 5.117
3324.723 5.289
3400.796 5.462
3477.211 5.636
3553.626 5.786
3630.041 5.911
3707.285 6.036
3784.630 6.163
3861.975 6.343
3938.883 6.532
4014.556 6.722
4090.230 6.843
4165.903 6.734
4165.210 6.625
4119.797 6.514
4074.383 6.361
4028.970 6.178
