12.734 0.009
21.383 0.010
30.032 0.011
38.681 0.012
47.329 0.013
55.978 0.014
64.627 0.015
73.276 0.016
81.925 0.017
92.990 0.018
104.055 0.020
115.120 0.021
126.185 0.022
137.251 0.023
148.316 0.025
159.381 0.026
170.446 0.028
181.512 0.029
192.577 0.031
203.642 0.032
214.707 0.034
225.773 0.035
236.838 0.037
247.903 0.039
258.968 0.041
270.034 0.042
281.099 0.044
292.164 0.046
303.229 0.048
314.295 0.050
325.360 0.052
336.425 0.054
347.490 0.056
358.556 0.058
369.737 0.061
380.918 0.063
392.099 0.065
403.280 0.068
414.461 0.070
425.642 0.072
436.823 0.075
448.004 0.077
459.185 0.080
470.366 0.083
481.547 0.085
492.728 0.088
503.909 0.091
515.090 0.094
526.271 0.096
537.452 0.099
548.633 0.102
559.814 0.105
570.995 0.108
582.176 0.112
593.357 0.115
604.538 0.118
615.719 0.121
626.900 0.125
638.082 0.128
649.376 0.131
660.670 0.135
671.964 0.139
683.258 0.142
694.552 0.146
705.846 0.150
717.140 0.153
728.434 0.157
739.728 0.161
751.022 0.165
762.316 0.169
773.610 0.173
784.904 0.177
796.198 0.181
807.492 0.185
818.786 0.188
830.080 0.192
841.374 0.196
852.668 0.199
863.962 0.203
875.256 0.207
886.550 0.211
897.844 0.215
909.138 0.219
920.432 0.223
931.412 0.227
942.392 0.231
953.371 0.235
964.351 0.239
975.330 0.243
986.310 0.247
997.289 0.252
1008.269 0.256
1019.248 0.260
1030.228 0.265
1041.208 0.269
1052.187 0.274
1063.167 0.278
1074.146 0.283
1085.126 0.288
1096.105 0.293
1107.085 0.298
1118.065 0.303
1129.044 0.308
1140.024 0.313
1151.003 0.319
1161.983 0.324
1172.962 0.329
1183.942 0.335
1194.921 0.340
1205.998 0.346
1217.074 0.351
1228.151 0.357
1239.227 0.363
1250.304 0.368
1261.380 0.374
1272.456 0.380
1283.533 0.386
1294.609 0.392
1305.686 0.398
1316.762 0.404
1327.838 0.410
1338.915 0.416
1349.991 0.422
1361.068 0.432
1372.144 0.442
1383.221 0.451
1394.297 0.461
1405.373 0.471
1416.450 0.482
1427.526 0.492
1438.603 0.502
1449.679 0.513
1460.756 0.524
1471.832 0.534
1483.132 0.545
1494.433 0.556
1505.734 0.568
1517.034 0.579
1528.335 0.590
1539.635 0.602
1550.936 0.614
1562.236 0.626
1573.537 0.638
1584.837 0.650
1596.138 0.662
1607.439 0.674
1618.739 0.687
1630.040 0.699
1641.340 0.709
1652.641 0.719
1663.941 0.728
1675.242 0.738
1686.542 0.748
1697.843 0.758
1709.144 0.768
1720.444 0.778
1731.745 0.788
1743.045 0.799
1754.346 0.809
1765.331 0.819
1776.315 0.830
1787.300 0.840
1798.285 0.851
1809.270 0.862
1820.255 0.872
1831.240 0.883
1842.225 0.894
1853.209 0.905
1864.194 0.916
1875.179 0.928
1886.164 0.939
1897.149 0.950
1908.134 0.962
1919.118 0.972
1930.103 0.983
1941.088 0.993
1952.073 1.004
1963.058 1.015
1974.043 1.025
1985.027 1.036
1996.012 1.047
2006.997 1.058
2017.982 1.069
2028.967 1.080
2039.981 1.091
2050.995 1.103
2062.009 1.114
2073.023 1.125
2084.037 1.137
2095.051 1.148
2106.065 1.160
2117.079 1.171
2128.093 1.183
2139.107 1.195
2150.121 1.207
2161.135 1.219
2172.149 1.231
2183.163 1.242
2194.177 1.249
2205.191 1.256
2216.205 1.263
2227.219 1.270
2238.233 1.277
2249.247 1.284
2260.261 1.291
2271.275 1.298
2282.289 1.305
2293.303 1.312
2304.317 1.319
2315.631 1.326
2326.945 1.333
2338.258 1.340
2349.572 1.347
2360.885 1.354
2372.199 1.362
2383.512 1.369
2394.826 1.376
2406.140 1.383
2417.453 1.390
2428.767 1.397
2440.080 1.404
2451.394 1.411
2462.708 1.418
2474.021 1.426
2485.335 1.433
2496.648 1.440
2507.962 1.447
2519.276 1.454
2530.589 1.461
2541.903 1.469
2553.216 1.476
2564.530 1.483
2575.844 1.490
2587.157 1.497
2598.119 1.505
2609.082 1.512
2620.044 1.519
2631.006 1.526
2641.968 1.534
2652.930 1.541
2663.892 1.548
2674.855 1.555
2685.817 1.563
2696.779 1.570
2707.741 1.577
2718.703 1.585
2729.665 1.592
2740.628 1.599
2751.590 1.611
2762.552 1.622
2773.514 1.634
2784.476 1.645
2795.439 1.657
2806.401 1.668
2817.363 1.680
2828.325 1.692
2839.287 1.704
2850.249 1.715
2861.212 1.727
2872.247 1.739
2883.282 1.751
2894.317 1.763
2905.352 1.775
2916.387 1.787
2927.422 1.799
2938.458 1.811
2949.493 1.823
2960.528 1.836
2971.563 1.848
2982.598 1.860
2993.633 1.872
3004.668 1.885
3015.703 1.897
3026.739 1.913
3037.774 1.928
3048.809 1.944
3059.844 1.960
3070.879 1.975
3081.914 1.991
3092.949 2.007
3103.984 2.023
3115.020 2.039
3126.055 2.055
3137.090 2.071
3148.404 2.088
3159.718 2.104
3171.033 2.120
3182.347 2.137
3193.661 2.153
3204.975 2.170
3216.289 2.186
3227.604 2.203
3238.918 2.220
3250.232 2.237
3261.546 2.254
3272.860 2.271
3284.175 2.288
3295.489 2.305
3306.803 2.328
3318.117 2.351
3329.432 2.373
3340.746 2.396
3352.060 2.419
3363.374 2.442
3374.688 2.466
3386.003 2.489
3397.317 2.513
3408.631 2.536
3419.945 2.560
3430.900 2.584
3441.855 2.608
3452.809 2.632
3463.764 2.656
3474.719 2.681
3485.674 2.705
3496.628 2.730
3507.583 2.755
3518.538 2.780
3529.493 2.805
3540.447 2.830
3551.402 2.855
3562.357 2.881
3573.311 2.906
3584.266 2.930
3595.221 2.954
3606.176 2.978
3617.130 3.003
3628.085 3.027
3639.040 3.051
3649.995 3.076
3660.949 3.101
3671.904 3.126
3682.859 3.150
3693.813 3.176
3704.826 3.201
3715.839 3.226
3726.852 3.251
3737.865 3.277
3748.877 3.302
3759.890 3.328
3770.903 3.354
3781.916 3.380
3792.928 3.406
3803.941 3.432
3814.954 3.458
3825.967 3.485
3836.980 3.511
3847.992 3.537
3859.005 3.541
3870.018 3.546
3881.031 3.551
3892.043 3.555
3903.056 3.559
3914.069 3.564
3925.082 3.568
3936.095 3.572
3947.107 3.577
3958.120 3.581
3969.133 3.585
3977.226 3.589
3985.319 3.594
3993.411 3.598
4001.504 3.602
4009.597 3.606
4017.690 3.610
4025.783 3.614
4033.875 3.618
4041.968 3.622
4050.061 3.626
4058.154 3.630
4066.247 3.634
4074.339 3.638
4082.432 3.641
4090.525 3.628
4098.618 3.614
4106.711 3.601
4114.803 3.588
4122.896 3.574
4130.989 3.560
4139.082 3.547
4147.175 3.533
4155.267 3.520
4163.360 3.506
4171.453 3.492
4159.804 3.478
4148.155 3.465
4136.505 3.451
4124.856 3.437
4113.207 3.424
4101.558 3.410
4089.909 3.396
4078.260 3.382
4066.610 3.368
4054.961 3.354
4043.312 3.340
4031.663 3.326
4020.014 3.312
4008.364 3.298
3996.715 3.286
3985.066 3.274
3973.417 3.262
3961.768 3.250
3950.119 3.238
3938.469 3.225
3926.820 3.213
3915.171 3.201
3903.522 3.189
3891.873 3.176
3880.224 3.164
3869.167 3.151
3858.110 3.139
3847.053 3.126
3835.996 3.114
3824.939 3.101
3813.882 3.089
3802.826 3.076
3791.769 3.063
3780.712 3.051
3769.655 3.038
3758.598 3.025
3747.541 3.012
3736.484 3.000
3725.427 2.987
3714.371 2.977
3703.314 2.968
3692.257 2.958
3681.200 2.948
3670.143 2.938
3659.086 2.929
3648.029 2.919
3636.973 2.909
3625.916 2.899
3614.859 2.889
3603.802 2.879
3592.502 2.869
3581.202 2.859
3569.901 2.849
3558.601 2.839
3547.301 2.829
3536.001 2.819
3524.700 2.809
3513.400 2.799
3502.100 2.789
3490.800 2.778
3479.499 2.768
3468.199 2.758
3456.899 2.748
3445.599 2.737
3434.298 2.730
3422.998 2.722
3411.698 2.714
3400.398 2.706
3389.097 2.698
3377.797 2.689
3366.497 2.681
3355.197 2.673
3343.896 2.665
3332.596 2.657
3321.296 2.649
3310.267 2.641
3299.237 2.632
3288.208 2.624
3277.179 2.616
3266.150 2.608
3255.120 2.599
3244.091 2.591
3233.062 2.583
3222.033 2.574
3211.004 2.566
3199.974 2.557
3188.945 2.549
3177.916 2.541
3166.887 2.532
3155.857 2.526
3144.828 2.519
3133.799 2.513
3122.770 2.506
3111.740 2.499
3100.711 2.493
3089.682 2.486
3078.653 2.480
3067.624 2.473
3056.594 2.466
3045.565 2.459
3034.511 2.453
3023.458 2.446
3012.404 2.439
3001.350 2.432
2990.296 2.426
2979.243 2.419
2968.189 2.412
2957.135 2.405
2946.081 2.398
2935.028 2.391
2923.974 2.384
2912.920 2.377
2901.866 2.370
2890.812 2.363
2879.759 2.357
2868.705 2.351
2857.651 2.345
2846.597 2.339
2835.544 2.332
2824.490 2.326
2813.436 2.320
2802.382 2.313
2791.329 2.307
2780.275 2.301
2769.221 2.294
2757.973 2.288
2746.726 2.282
2735.478 2.275
2724.230 2.269
2712.982 2.262
2701.734 2.256
2690.487 2.249
2679.239 2.243
2667.991 2.236
2656.743 2.230
2645.496 2.223
2634.248 2.216
2623.000 2.210
2611.752 2.203
2600.504 2.195
2589.257 2.187
2578.009 2.178
2566.761 2.170
2555.513 2.162
2544.266 2.153
2533.018 2.145
2521.770 2.137
2510.522 2.128
2499.274 2.120
2488.027 2.111
2476.958 2.103
2465.890 2.094
2454.822 2.086
2443.753 2.077
2432.685 2.069
2421.617 2.060
2410.548 2.052
2399.480 2.043
2388.412 2.035
2377.343 2.026
2366.275 2.017
2355.206 2.009
2344.138 2.000
2333.070 1.991
2322.001 1.979
2310.933 1.967
2299.865 1.955
2288.796 1.943
2277.728 1.931
2266.660 1.919
2255.591 1.907
2244.523 1.895
2233.455 1.883
2222.386 1.871
2211.318 1.859
2200.192 1.847
2189.067 1.835
2177.942 1.823
2166.816 1.810
2155.691 1.798
2144.565 1.786
2133.440 1.774
2122.314 1.761
2111.189 1.749
2100.063 1.737
2088.938 1.725
2077.812 1.712
2066.687 1.700
2055.561 1.688
2044.436 1.679
2033.310 1.670
2022.185 1.661
2011.060 1.653
1999.934 1.644
1988.809 1.635
1977.683 1.626
1966.558 1.617
1955.432 1.608
1944.307 1.599
1933.181 1.590
1922.016 1.581
1910.851 1.572
1899.686 1.563
1888.520 1.554
1877.355 1.545
1866.190 1.536
1855.025 1.527
1843.860 1.518
1832.694 1.509
1821.529 1.500
1810.364 1.491
1799.199 1.482
1788.034 1.473
1776.868 1.464
1765.703 1.453
1754.538 1.443
1743.373 1.433
1732.208 1.422
1721.042 1.412
1709.877 1.402
1698.712 1.391
1687.547 1.381
1676.382 1.370
1665.216 1.360
1654.051 1.350
1642.953 1.339
1631.855 1.329
1620.758 1.318
1609.660 1.308
1598.562 1.297
1587.464 1.287
1576.366 1.276
1565.268 1.266
1554.171 1.255
1543.073 1.245
1531.975 1.234
1520.877 1.223
1509.779 1.213
1498.681 1.202
1487.584 1.187
1476.486 1.172
1465.388 1.157
1454.290 1.142
1443.192 1.127
1432.094 1.112
1420.997 1.098
1409.899 1.083
1398.801 1.068
1387.703 1.053
1376.605 1.038
1365.502 1.023
1354.400 1.008
1343.297 0.993
1332.194 0.978
1321.091 0.963
1309.988 0.948
1298.886 0.933
1287.783 0.918
1276.680 0.903
1265.577 0.888
1254.474 0.873
1243.371 0.858
1232.269 0.843
1221.166 0.828
1210.063 0.821
1198.960 0.814
1187.857 0.806
1176.755 0.799
1165.652 0.791
1154.549 0.784
1143.446 0.776
1132.343 0.769
1121.241 0.761
1110.138 0.754
1099.035 0.747
1088.042 0.739
1077.049 0.732
1066.056 0.724
1055.063 0.717
1044.070 0.709
1033.078 0.702
1022.085 0.694
1011.092 0.687
1000.099 0.679
989.106 0.672
978.113 0.664
967.120 0.657
956.127 0.649
945.134 0.642
934.141 0.642
923.148 0.641
912.156 0.641
901.163 0.641
890.170 0.641
879.177 0.640
868.184 0.640
857.191 0.640
846.198 0.640
835.205 0.639
824.212 0.639
829.964 0.639
835.716 0.638
841.469 0.638
847.221 0.637
852.973 0.637
858.725 0.637
864.477 0.636
870.229 0.636
875.981 0.636
881.733 0.635
887.485 0.635
893.237 0.634
898.990 0.634
904.742 0.634
910.494 0.645
916.246 0.656
921.998 0.667
927.750 0.679
933.502 0.690
939.254 0.701
945.006 0.712
950.758 0.723
956.511 0.735
962.263 0.746
968.015 0.757
979.141 0.769
990.266 0.780
1001.392 0.792
1012.518 0.803
1023.644 0.815
1034.769 0.826
1045.895 0.838
1057.021 0.849
1068.147 0.861
1079.273 0.872
1090.398 0.884
1101.524 0.896
1112.650 0.908
1123.776 0.919
1134.901 0.934
1146.027 0.949
1157.153 0.964
1168.279 0.979
1179.405 0.994
1190.530 1.009
1201.656 1.024
1212.782 1.039
1223.908 1.054
1235.033 1.069
1246.159 1.084
1257.244 1.099
1268.329 1.115
1279.414 1.130
1290.498 1.145
1301.583 1.161
1312.668 1.176
1323.753 1.192
1334.838 1.208
1345.922 1.223
1357.007 1.239
1368.092 1.255
1379.177 1.271
1390.262 1.287
1401.346 1.302
1412.431 1.318
1423.516 1.334
1434.601 1.350
1445.686 1.366
1456.770 1.382
1467.855 1.398
1478.940 1.414
1490.025 1.430
1501.110 1.446
1512.194 1.463
1523.279 1.479
1534.478 1.495
1545.676 1.512
1556.875 1.528
1568.073 1.545
1579.271 1.561
1590.470 1.578
1601.668 1.594
1612.867 1.611
1624.065 1.628
1635.263 1.645
1646.462 1.662
1657.660 1.679
1668.859 1.696
1680.057 1.713
1691.256 1.738
1702.454 1.763
1713.652 1.789
1724.851 1.814
1736.049 1.840
1747.248 1.865
1758.446 1.891
1769.645 1.917
1780.843 1.943
1792.041 1.969
1803.240 1.995
1814.310 2.022
1825.381 2.048
1836.451 2.075
1847.522 2.101
1858.592 2.128
1869.663 2.155
1880.733 2.182
1891.804 2.209
1902.874 2.236
1913.945 2.263
1925.015 2.291
1936.086 2.318
1947.157 2.346
1958.227 2.373
1969.298 2.387
1980.368 2.401
1991.439 2.415
2002.509 2.429
2013.580 2.443
2024.650 2.457
2035.721 2.471
2046.791 2.485
2057.862 2.500
2068.932 2.514
2080.003 2.528
2091.006 2.542
2102.009 2.557
2113.012 2.571
2124.015 2.586
2135.019 2.600
2146.022 2.615
2157.025 2.629
2168.028 2.644
2179.031 2.658
2190.034 2.673
2201.037 2.688
2212.041 2.702
2223.044 2.717
2234.047 2.732
2245.050 2.743
2256.053 2.754
2267.056 2.766
2278.060 2.777
2289.063 2.789
2300.066 2.800
2311.069 2.811
2322.072 2.823
2333.075 2.834
2344.079 2.846
2355.082 2.857
2366.294 2.869
2377.507 2.880
2388.720 2.892
2399.932 2.904
2411.145 2.915
2422.358 2.927
2433.571 2.938
2444.783 2.950
2455.996 2.962
2467.209 2.973
2478.421 2.985
2489.634 2.997
2500.847 3.009
2512.059 3.020
2523.272 3.029
2534.485 3.037
2545.698 3.045
2556.910 3.053
2568.123 3.061
2579.336 3.069
2590.548 3.078
2601.761 3.086
2612.974 3.094
2624.186 3.102
2635.399 3.110
2646.546 3.119
2657.693 3.127
2668.840 3.135
2679.987 3.143
2691.134 3.152
2702.281 3.160
2713.427 3.168
2724.574 3.177
2735.721 3.185
2746.868 3.193
2758.015 3.201
2769.162 3.210
2780.309 3.218
2791.456 3.227
2802.603 3.240
2813.749 3.254
2824.896 3.268
2836.043 3.282
2847.190 3.296
2858.337 3.309
2869.484 3.323
2880.631 3.337
2891.778 3.351
2902.925 3.365
2914.071 3.379
2925.113 3.393
2936.154 3.407
2947.195 3.421
2958.237 3.435
2969.278 3.449
2980.319 3.464
2991.361 3.478
3002.402 3.492
3013.443 3.506
3024.485 3.520
3035.526 3.535
3046.567 3.549
3057.609 3.563
3068.650 3.578
3079.691 3.596
3090.733 3.615
3101.774 3.633
3112.816 3.651
3123.857 3.670
3134.898 3.688
3145.940 3.707
3156.981 3.726
3168.022 3.744
3179.064 3.763
3190.105 3.782
3201.311 3.800
3212.517 3.819
3223.723 3.838
3234.928 3.857
3246.134 3.876
3257.340 3.895
3268.546 3.914
3279.752 3.933
3290.958 3.952
3302.164 3.971
3313.369 3.991
3324.575 4.010
3335.781 4.029
3346.987 4.049
3358.193 4.071
3369.399 4.093
3380.605 4.116
3391.811 4.138
3403.016 4.161
3414.222 4.183
3425.428 4.206
3436.634 4.228
3447.840 4.251
3459.046 4.274
3470.252 4.297
3481.372 4.320
3492.492 4.343
3503.612 4.366
3514.732 4.389
3525.853 4.412
3536.973 4.435
3548.093 4.458
3559.213 4.482
3570.333 4.505
3581.454 4.528
3592.574 4.552
3603.694 4.575
3614.814 4.599
3625.934 4.623
3637.055 4.647
3648.175 4.671
3659.295 4.696
3670.415 4.720
3681.535 4.745
3692.655 4.769
3703.776 4.794
3714.896 4.818
3726.016 4.843
3737.136 4.868
3748.256 4.893
3759.284 4.918
3770.312 4.943
3781.339 4.968
3792.367 4.993
3803.395 5.018
3814.423 5.044
3825.450 5.069
3836.478 5.094
3847.506 5.120
3858.533 5.145
3869.561 5.171
3880.589 5.196
3891.616 5.222
3902.644 5.246
3913.672 5.241
3924.699 5.236
3935.727 5.231
3946.755 5.226
3957.782 5.221
3968.810 5.216
3979.838 5.211
3990.865 5.206
4001.893 5.201
4012.921 5.196
4023.948 5.190
4029.499 5.185
4035.049 5.180
4040.599 5.175
4046.150 5.170
4051.700 5.165
4057.250 5.160
4062.801 5.154
4068.351 5.149
4073.901 5.144
4079.452 5.139
4085.002 5.133
4090.552 5.128
4096.103 5.123
4101.653 5.117
4107.203 5.096
4112.754 5.076
4118.304 5.056
4123.854 5.035
4129.404 5.015
4134.955 4.995
4140.505 4.974
4146.055 4.954
4151.606 4.933
4157.156 4.913
4162.706 4.892
4150.978 4.872
4139.250 4.852
4127.522 4.832
4115.794 4.812
4104.066 4.792
4092.338 4.772
4080.610 4.752
4068.882 4.732
4057.154 4.712
4045.426 4.692
4033.698 4.672
4021.970 4.652
4010.242 4.632
3998.514 4.612
3986.786 4.593
3975.058 4.575
3963.330 4.557
3951.602 4.538
3939.874 4.520
3928.146 4.501
3916.418 4.483
3904.690 4.465
3892.962 4.446
3881.234 4.428
3869.506 4.409
3858.303 4.391
3847.101 4.372
3835.898 4.353
3824.696 4.335
3813.493 4.316
3802.291 4.297
3791.088 4.279
3779.886 4.260
3768.684 4.241
3757.481 4.223
3746.279 4.204
3735.076 4.185
3723.874 4.166
3712.671 4.148
3701.469 4.131
3690.266 4.114
3679.064 4.097
3667.861 4.080
3656.659 4.063
3645.457 4.046
3634.254 4.029
3623.052 4.012
3611.849 3.995
3600.647 3.978
3589.444 3.960
3578.472 3.943
3567.500 3.926
3556.528 3.909
3545.556 3.892
3534.584 3.875
3523.612 3.857
3512.639 3.840
3501.667 3.823
3490.695 3.806
3479.723 3.788
3468.751 3.771
3457.779 3.754
3446.807 3.736
3435.835 3.719
3424.863 3.707
3413.890 3.696
3402.918 3.684
3391.946 3.672
3380.974 3.661
3370.002 3.649
3359.030 3.637
3348.058 3.625
3337.086 3.613
3326.114 3.602
3315.141 3.590
3303.953 3.578
3292.765 3.566
3281.577 3.554
3270.389 3.542
3259.201 3.531
3248.012 3.519
3236.824 3.507
3225.636 3.495
3214.448 3.483
3203.260 3.471
3192.072 3.459
3180.883 3.447
3169.695 3.435
3158.507 3.423
3147.319 3.413
3136.131 3.404
3124.942 3.394
3113.754 3.385
3102.566 3.375
3091.378 3.366
3080.190 3.356
3069.002 3.347
3057.813 3.337
3046.625 3.327
3035.437 3.318
3024.266 3.308
3013.094 3.299
3001.923 3.289
2990.751 3.279
2979.580 3.270
2968.409 3.260
2957.237 3.250
2946.066 3.240
2934.894 3.231
2923.723 3.221
2912.552 3.211
2901.380 3.202
2890.209 3.192
2879.037 3.182
2867.866 3.172
2856.694 3.162
2845.523 3.153
2834.352 3.143
2823.180 3.133
2812.009 3.123
2800.837 3.113
2789.666 3.103
2778.495 3.093
2767.323 3.084
2756.152 3.074
2745.187 3.064
2734.222 3.054
2723.257 3.044
2712.292 3.034
2701.327 3.024
2690.362 3.014
2679.397 3.004
2668.432 2.994
2657.467 2.984
2646.502 2.974
2635.537 2.964
2624.572 2.954
2613.607 2.944
2602.642 2.934
2591.677 2.920
2580.712 2.907
2569.747 2.894
2558.782 2.880
2547.817 2.867
2536.852 2.854
2525.887 2.841
2514.922 2.827
2503.957 2.814
2492.992 2.800
2482.027 2.787
2470.743 2.774
2459.458 2.760
2448.173 2.747
2436.889 2.733
2425.604 2.720
2414.319 2.707
2403.034 2.693
2391.750 2.680
2380.465 2.666
2369.180 2.653
2357.895 2.639
2346.611 2.626
2335.326 2.612
2324.041 2.598
2312.757 2.581
2301.472 2.564
2290.187 2.546
2278.902 2.529
2267.618 2.511
2256.333 2.494
2245.048 2.477
2233.764 2.459
2222.479 2.442
2211.194 2.424
2199.909 2.407
2188.810 2.389
2177.711 2.372
2166.612 2.354
2155.513 2.337
2144.414 2.319
2133.315 2.302
2122.216 2.284
2111.117 2.267
2100.018 2.249
2088.919 2.231
2077.819 2.214
2066.720 2.196
2055.621 2.179
2044.522 2.161
2033.423 2.148
2022.324 2.135
2011.225 2.122
2000.126 2.108
1989.027 2.095
1977.928 2.082
1966.829 2.069
1955.730 2.055
1944.630 2.042
1933.531 2.029
1922.432 2.015
1911.477 2.002
1900.522 1.989
1889.567 1.975
1878.612 1.962
1867.657 1.949
1856.702 1.935
1845.747 1.922
1834.792 1.909
1823.837 1.895
1812.882 1.882
1801.927 1.868
1790.972 1.855
1780.017 1.842
1769.062 1.828
1758.107 1.811
1747.152 1.794
1736.197 1.777
1725.242 1.760
1714.287 1.743
1703.332 1.726
1692.377 1.708
1681.422 1.691
1670.466 1.674
1659.511 1.657
1648.556 1.640
1637.194 1.623
1625.831 1.606
1614.468 1.589
1603.106 1.572
1591.743 1.555
1580.381 1.537
1569.018 1.520
1557.655 1.503
1546.293 1.486
1534.930 1.469
1523.567 1.452
1512.205 1.434
1500.842 1.417
1489.479 1.400
1478.117 1.387
1466.754 1.374
1455.391 1.360
1444.029 1.347
1432.666 1.333
1421.304 1.320
1409.941 1.306
1398.578 1.293
1387.216 1.280
1375.853 1.266
1364.490 1.253
1353.507 1.239
1342.523 1.226
1331.540 1.212
1320.556 1.199
1309.572 1.185
1298.589 1.172
1287.605 1.158
1276.622 1.145
1265.638 1.131
1254.654 1.118
1243.671 1.104
1232.687 1.091
1221.704 1.077
1210.720 1.064
1199.736 1.054
1188.753 1.043
1177.769 1.033
1166.786 1.023
1155.802 1.013
1144.818 1.002
1133.835 0.992
1122.851 0.982
1111.868 0.971
1100.884 0.961
1089.900 0.951
1078.894 0.940
1067.888 0.930
1056.883 0.920
1045.877 0.909
1034.871 0.899
1023.865 0.889
1012.859 0.878
1001.853 0.868
990.847 0.857
979.841 0.847
968.835 0.837
957.829 0.826
946.823 0.816
935.817 0.806
924.811 0.808
913.805 0.810
902.799 0.812
891.793 0.815
880.787 0.817
869.781 0.819
858.775 0.821
847.769 0.823
836.764 0.825
825.758 0.827
814.752 0.829
824.238 0.831
833.724 0.833
843.210 0.834
852.696 0.836
862.182 0.838
871.668 0.840
881.154 0.841
890.640 0.843
900.126 0.845
909.612 0.847
919.098 0.848
928.584 0.850
938.070 0.852
947.556 0.854
957.042 0.871
966.528 0.888
976.014 0.905
985.500 0.922
994.987 0.939
1004.473 0.956
1013.959 0.972
1023.445 0.989
1032.931 1.006
1042.417 1.023
1051.903 1.040
1063.082 1.057
1074.261 1.075
1085.439 1.092
1096.618 1.109
1107.797 1.126
1118.976 1.143
1130.155 1.160
1141.334 1.177
1152.513 1.195
1163.691 1.212
1174.870 1.229
1186.049 1.247
1197.228 1.264
1208.407 1.281
1219.586 1.303
1230.765 1.324
1241.943 1.346
1253.122 1.368
1264.301 1.389
1275.480 1.411
1286.659 1.433
1297.838 1.454
1309.017 1.476
1320.196 1.498
1331.374 1.520
1342.396 1.542
1353.417 1.564
1364.439 1.586
1375.460 1.608
1386.482 1.630
1397.503 1.652
1408.525 1.674
1419.546 1.696
1430.568 1.718
1441.589 1.741
1452.611 1.763
1463.632 1.785
1474.654 1.808
1485.675 1.830
1496.696 1.849
1507.718 1.867
1518.739 1.886
1529.761 1.905
1540.782 1.923
1551.804 1.942
1562.825 1.961
1573.847 1.980
1584.868 1.999
1595.890 2.018
1606.911 2.037
1618.155 2.056
1629.398 2.075
1640.641 2.094
1651.885 2.113
1663.128 2.132
1674.372 2.151
1685.615 2.170
1696.859 2.189
1708.102 2.209
1719.346 2.228
1730.589 2.247
1741.832 2.267
1753.076 2.286
1764.319 2.306
1775.563 2.330
1786.806 2.354
1798.050 2.379
1809.293 2.403
1820.536 2.427
1831.780 2.452
1843.023 2.476
1854.267 2.501
1865.510 2.526
1876.754 2.550
1887.997 2.575
1899.045 2.600
1910.093 2.625
1921.142 2.650
1932.190 2.675
1943.238 2.700
1954.286 2.725
1965.334 2.750
1976.382 2.775
1987.431 2.800
1998.479 2.826
2009.527 2.851
2020.575 2.876
2031.623 2.902
2042.671 2.927
2053.720 2.955
2064.768 2.983
2075.816 3.012
2086.864 3.040
2097.912 3.068
2108.960 3.096
2120.009 3.125
2131.057 3.153
2142.105 3.182
2153.153 3.210
2164.201 3.239
2175.247 3.268
2186.293 3.297
2197.338 3.326
2208.384 3.354
2219.430 3.383
2230.475 3.412
2241.521 3.442
2252.567 3.471
2263.612 3.500
2274.658 3.529
2285.704 3.559
2296.749 3.588
2307.795 3.618
2318.841 3.646
2329.887 3.649
2340.932 3.652
2351.978 3.656
2363.024 3.659
2374.069 3.662
2385.115 3.665
2396.161 3.669
2407.206 3.672
2418.252 3.675
2429.298 3.678
2440.343 3.681
2451.537 3.685
2462.730 3.688
2473.924 3.691
2485.117 3.694
2496.311 3.697
2507.504 3.701
2518.698 3.704
2529.891 3.707
2541.084 3.710
2552.278 3.713
2563.471 3.716
2574.665 3.720
2585.858 3.723
2597.052 3.726
2608.245 3.731
2619.439 3.737
2630.632 3.742
2641.826 3.747
2653.019 3.753
2664.212 3.758
2675.406 3.763
2686.599 3.769
2697.793 3.774
2708.986 3.779
2720.180 3.785
2731.299 3.790
2742.418 3.795
2753.538 3.801
2764.657 3.806
2775.776 3.811
2786.895 3.817
2798.015 3.822
2809.134 3.827
2820.253 3.833
2831.372 3.838
2842.492 3.843
2853.611 3.849
2864.730 3.854
2875.849 3.860
2886.969 3.878
2898.088 3.896
2909.207 3.914
2920.326 3.932
2931.446 3.951
2942.565 3.969
2953.684 3.987
2964.803 4.005
2975.923 4.023
2987.042 4.042
2998.161 4.060
3009.220 4.078
3020.279 4.097
3031.338 4.115
3042.397 4.134
3053.456 4.152
3064.515 4.171
3075.574 4.189
3086.634 4.208
3097.693 4.226
3108.752 4.245
3119.811 4.263
3130.870 4.282
3141.929 4.301
3152.988 4.319
3164.047 4.338
3175.106 4.357
3186.165 4.376
3197.224 4.394
3208.283 4.413
3219.342 4.432
3230.401 4.451
3241.460 4.470
3252.519 4.489
3263.578 4.508
3274.637 4.527
3285.855 4.546
3297.072 4.565
3308.290 4.584
3319.508 4.603
3330.725 4.622
3341.943 4.641
3353.161 4.660
3364.378 4.679
3375.596 4.698
3386.814 4.718
3398.031 4.737
3409.249 4.756
3420.467 4.776
3431.684 4.795
3442.902 4.818
3454.120 4.842
3465.337 4.865
3476.555 4.888
3487.773 4.912
3498.990 4.935
3510.208 4.959
3521.426 4.982
3532.643 5.006
3543.861 5.030
3555.079 5.053
3566.214 5.077
3577.350 5.101
3588.485 5.125
3599.620 5.148
3610.756 5.172
3621.891 5.196
3633.027 5.220
3644.162 5.244
3655.297 5.268
3666.433 5.292
3677.568 5.316
3688.704 5.340
3699.839 5.364
3710.974 5.388
3722.110 5.413
3733.245 5.439
3744.381 5.464
3755.516 5.489
3766.651 5.514
3777.787 5.539
3788.922 5.564
3800.058 5.590
3811.193 5.615
3822.328 5.640
3833.464 5.666
3844.461 5.691
3855.458 5.717
3866.455 5.742
3877.452 5.768
3888.449 5.793
3899.446 5.819
3910.442 5.845
3921.439 5.871
3932.436 5.896
3943.433 5.922
3954.430 5.948
3965.427 5.974
3976.424 6.000
3987.421 6.024
3998.418 6.008
4009.415 5.992
4020.412 5.977
4031.409 5.961
4042.406 5.945
4053.403 5.929
4064.400 5.913
4075.397 5.898
4086.394 5.882
4097.391 5.866
4108.388 5.850
4107.433 5.835
4106.478 5.819
4105.523 5.804
4104.568 5.789
4103.613 5.774
4102.658 5.759
4101.703 5.743
4100.748 5.728
4099.793 5.713
4098.838 5.697
4097.884 5.682
4096.929 5.667
4095.974 5.651
4095.019 5.635
4094.064 5.610
4093.109 5.585
4092.154 5.559
4091.199 5.534
4090.244 5.508
4089.289 5.483
4088.334 5.457
4087.380 5.432
4086.425 5.406
4085.470 5.381
4084.515 5.355
4073.313 5.330
4062.112 5.305
4050.910 5.280
4039.709 5.255
4028.507 5.230
4017.306 5.205
4006.104 5.180
3994.903 5.155
3983.701 5.130
3972.500 5.105
3961.298 5.080
3950.097 5.055
3938.895 5.030
3927.694 5.005
3916.492 4.984
3905.290 4.963
3894.089 4.942
3882.887 4.921
3871.686 4.900
3860.484 4.879
3849.283 4.858
3838.081 4.836
3826.880 4.815
3815.678 4.794
3804.477 4.773
3793.183 4.752
3781.889 4.731
3770.596 4.709
3759.302 4.688
3748.008 4.667
3736.714 4.646
3725.421 4.625
3714.127 4.603
3702.833 4.582
3691.539 4.561
3680.246 4.539
3668.952 4.518
3657.658 4.497
3646.365 4.476
3635.071 4.459
3623.777 4.443
3612.483 4.426
3601.190 4.410
3589.896 4.393
3578.602 4.377
3567.308 4.360
3556.015 4.344
3544.721 4.327
3533.427 4.311
3522.134 4.294
3511.063 4.278
3499.993 4.261
3488.922 4.245
3477.852 4.228
3466.781 4.211
3455.710 4.195
3444.640 4.178
3433.569 4.161
3422.499 4.145
3411.428 4.128
3400.358 4.111
3389.287 4.095
3378.217 4.078
3367.146 4.061
3356.076 4.049
3345.005 4.036
3333.935 4.024
3322.864 4.011
3311.794 3.998
3300.723 3.986
3289.653 3.973
3278.582 3.960
3267.512 3.948
3256.441 3.935
3245.371 3.922
3234.397 3.909
3223.423 3.897
3212.450 3.884
3201.476 3.871
3190.502 3.858
3179.529 3.846
3168.555 3.833
3157.581 3.820
3146.608 3.807
3135.634 3.794
3124.660 3.781
3113.687 3.769
3102.713 3.756
3091.739 3.743
3080.766 3.732
3069.792 3.721
3058.818 3.709
3047.845 3.698
3036.871 3.687
3025.897 3.676
3014.924 3.664
3003.950 3.653
2992.976 3.642
2982.003 3.630
2971.029 3.619
2959.755 3.608
2948.481 3.596
2937.206 3.585
2925.932 3.574
2914.658 3.562
2903.384 3.551
2892.110 3.540
2880.836 3.528
2869.561 3.517
2858.287 3.506
2847.013 3.494
2835.739 3.483
2824.465 3.471
2813.191 3.460
2801.916 3.448
2790.642 3.437
2779.368 3.426
2768.094 3.414
2756.820 3.403
2745.546 3.391
2734.271 3.380
2722.997 3.368
2711.723 3.357
2700.449 3.345
2689.175 3.334
2678.119 3.322
2667.062 3.311
2656.006 3.299
2644.950 3.288
2633.894 3.276
2622.837 3.264
2611.781 3.253
2600.725 3.241
2589.669 3.230
2578.612 3.218
2567.556 3.206
2556.500 3.195
2545.444 3.183
2534.387 3.171
2523.331 3.154
2512.275 3.136
2501.219 3.119
2490.162 3.101
2479.106 3.084
2468.050 3.066
2456.994 3.049
2445.937 3.031
2434.881 3.014
2423.825 2.996
2412.769 2.979
2401.768 2.961
2390.767 2.944
2379.766 2.926
2368.765 2.908
2357.764 2.891
2346.763 2.873
2335.762 2.856
2324.761 2.838
2313.760 2.820
2302.759 2.803
2291.758 2.785
2280.757 2.768
2269.756 2.750
2258.755 2.732
2247.754 2.714
2236.753 2.695
2225.752 2.677
2214.751 2.658
2203.750 2.640
2192.749 2.621
2181.748 2.603
2170.747 2.584
2159.746 2.565
2148.745 2.547
2137.744 2.528
2126.436 2.510
2115.128 2.491
2103.820 2.473
2092.512 2.454
2081.204 2.435
2069.896 2.417
2058.588 2.398
2047.280 2.380
2035.972 2.361
2024.664 2.342
2013.356 2.324
2002.048 2.305
1990.740 2.286
1979.432 2.268
1968.124 2.251
1956.816 2.234
1945.508 2.218
1934.200 2.201
1922.892 2.184
1911.584 2.167
1900.276 2.150
1888.968 2.134
1877.660 2.117
1866.352 2.100
1855.044 2.083
1844.028 2.066
1833.012 2.050
1821.995 2.033
1810.979 2.016
1799.963 1.999
1788.947 1.982
1777.931 1.965
1766.915 1.948
1755.898 1.932
1744.882 1.915
1733.866 1.898
1722.850 1.881
1711.834 1.864
1700.817 1.847
1689.801 1.834
1678.785 1.820
1667.769 1.807
1656.753 1.793
1645.736 1.780
1634.720 1.766
1623.704 1.753
1612.688 1.739
1601.672 1.726
1590.655 1.712
1579.639 1.699
1568.474 1.685
1557.309 1.671
1546.145 1.658
1534.980 1.644
1523.815 1.631
1512.650 1.617
1501.485 1.604
1490.320 1.590
1479.155 1.577
1467.990 1.563
1456.825 1.549
1445.660 1.536
1434.496 1.522
1423.331 1.508
1412.166 1.490
1401.001 1.472
1389.836 1.455
1378.671 1.437
1367.506 1.419
1356.341 1.401
1345.176 1.383
1334.012 1.365
1322.847 1.347
1311.682 1.329
1300.517 1.311
1289.403 1.293
1278.290 1.275
1267.176 1.257
1256.062 1.239
1244.949 1.221
1233.835 1.203
1222.721 1.185
1211.607 1.167
1200.494 1.149
1189.380 1.131
1178.266 1.114
1167.153 1.096
1156.039 1.078
1144.925 1.060
1133.812 1.051
1122.698 1.042
1111.584 1.033
1100.471 1.024
1089.357 1.016
1078.243 1.007
1067.130 0.998
1056.016 0.989
1044.902 0.980
1033.789 0.971
1022.675 0.962
1016.320 0.953
1009.965 0.944
1003.610 0.935
997.255 0.926
990.900 0.917
984.545 0.908
978.190 0.898
971.835 0.889
965.480 0.880
959.125 0.871
952.770 0.862
946.415 0.853
940.060 0.844
933.705 0.836
927.351 0.845
920.996 0.854
914.641 0.863
908.286 0.872
901.931 0.881
895.576 0.890
889.221 0.899
882.866 0.909
876.511 0.918
870.156 0.927
863.801 0.936
875.574 0.945
887.348 0.953
899.121 0.962
910.894 0.970
922.668 0.979
934.441 0.988
946.214 0.996
957.988 1.005
969.761 1.014
981.534 1.022
993.308 1.031
1005.081 1.040
1016.854 1.048
1028.628 1.058
1040.401 1.078
1052.174 1.098
1063.948 1.118
1075.721 1.138
1087.494 1.159
1099.268 1.179
1111.041 1.199
1122.815 1.220
1134.588 1.240
1146.361 1.260
1158.135 1.281
1169.198 1.301
1180.261 1.322
1191.325 1.342
1202.388 1.363
1213.451 1.383
1224.515 1.404
1235.578 1.424
1246.642 1.445
1257.705 1.465
1268.768 1.486
1279.832 1.507
1290.895 1.527
1301.959 1.548
1313.022 1.569
1324.085 1.592
1335.149 1.615
1346.212 1.638
1357.275 1.661
1368.339 1.684
1379.402 1.707
1390.466 1.731
1401.529 1.754
1412.592 1.777
1423.656 1.800
1434.719 1.824
1445.708 1.847
1456.697 1.870
1467.687 1.894
1478.676 1.917
1489.665 1.941
1500.654 1.964
1511.643 1.988
1522.633 2.011
1533.622 2.035
1544.611 2.058
1555.600 2.082
1566.589 2.106
1577.579 2.129
1588.568 2.153
1599.557 2.174
1610.546 2.196
1621.535 2.217
1632.524 2.238
1643.514 2.260
1654.503 2.281
1665.492 2.303
1676.481 2.324
1687.470 2.346
1698.460 2.367
1709.449 2.389
1720.726 2.410
1732.003 2.432
1743.280 2.453
1754.557 2.475
1765.834 2.497
1777.111 2.518
1788.387 2.540
1799.664 2.562
1810.941 2.583
1822.218 2.605
1833.495 2.627
1844.772 2.649
1856.049 2.671
1867.326 2.693
1878.603 2.718
1889.880 2.744
1901.157 2.769
1912.434 2.795
1923.711 2.821
1934.988 2.846
1946.265 2.872
1957.542 2.898
1968.819 2.923
1980.096 2.949
1991.373 2.975
2002.409 3.001
2013.446 3.027
2024.483 3.053
2035.520 3.078
2046.556 3.104
2057.593 3.131
2068.630 3.157
2079.666 3.183
2090.703 3.209
2101.740 3.235
2112.776 3.261
2123.813 3.287
2134.850 3.314
2145.886 3.340
2156.923 3.366
2167.960 3.393
2178.996 3.419
2190.033 3.445
2201.070 3.472
2212.106 3.498
2223.143 3.525
2234.180 3.552
2245.217 3.578
2256.253 3.605
2267.290 3.632
2278.300 3.658
2289.309 3.685
2300.319 3.712
2311.329 3.739
2322.338 3.765
2333.348 3.792
2344.358 3.819
2355.367 3.846
2366.377 3.873
2377.387 3.900
2388.396 3.927
2399.406 3.955
2410.416 3.982
2421.425 4.008
2432.435 4.010
2443.445 4.013
2454.454 4.016
2465.464 4.019
2476.474 4.021
2487.483 4.024
2498.493 4.027
2509.503 4.030
2520.512 4.032
2531.522 4.035
2542.532 4.038
2553.798 4.041
2565.063 4.043
2576.329 4.046
2587.595 4.049
2598.861 4.051
2610.126 4.054
2621.392 4.057
2632.658 4.059
2643.924 4.062
2655.190 4.065
2666.455 4.067
2677.721 4.070
2688.987 4.073
2700.253 4.075
2711.519 4.083
2722.784 4.090
2734.050 4.097
2745.316 4.104
2756.582 4.112
2767.847 4.119
2779.113 4.126
2790.379 4.133
2801.645 4.140
2812.911 4.148
2824.176 4.155
2835.220 4.162
2846.264 4.169
2857.308 4.177
2868.352 4.184
2879.396 4.191
2890.439 4.198
2901.483 4.206
2912.527 4.213
2923.571 4.220
2934.615 4.227
2945.658 4.235
2956.702 4.242
2967.746 4.249
2978.790 4.257
2989.834 4.275
3000.878 4.294
3011.921 4.312
3022.965 4.330
3034.009 4.349
3045.053 4.367
3056.097 4.386
3067.141 4.404
3078.184 4.423
3089.228 4.441
3100.272 4.460
3111.324 4.479
3122.377 4.497
3133.430 4.516
3144.482 4.534
3155.535 4.553
3166.587 4.572
3177.640 4.590
3188.692 4.609
3199.745 4.628
3210.797 4.647
3221.850 4.665
3232.902 4.684
3243.955 4.703
3255.007 4.722
3266.060 4.740
3277.112 4.759
3288.165 4.778
3299.217 4.797
3310.270 4.816
3321.322 4.835
3332.375 4.854
3343.427 4.873
3354.480 4.892
3365.532 4.910
3376.585 4.929
3387.815 4.948
3399.044 4.967
3410.274 4.986
3421.504 5.006
3432.734 5.025
3443.964 5.044
3455.193 5.063
3466.423 5.082
3477.653 5.101
3488.883 5.120
3500.112 5.139
3511.342 5.158
3522.572 5.178
3533.802 5.197
3545.031 5.221
3556.261 5.245
3567.491 5.269
3578.721 5.293
3589.951 5.317
3601.180 5.342
3612.410 5.366
3623.640 5.390
3634.870 5.414
3646.099 5.438
3657.329 5.463
3668.451 5.487
3679.573 5.511
3690.695 5.536
3701.817 5.560
3712.939 5.585
3724.062 5.609
3735.184 5.633
3746.306 5.658
3757.428 5.682
3768.550 5.707
3779.672 5.732
3790.794 5.756
3801.916 5.781
3813.038 5.805
3824.160 5.828
3835.282 5.851
3846.404 5.873
3857.526 5.896
3868.648 5.919
3879.770 5.942
3890.892 5.965
3902.014 5.988
3913.136 6.010
3924.259 6.033
3935.381 6.056
3946.392 6.079
3957.403 6.102
3968.414 6.125
3979.425 6.148
3990.437 6.171
4001.448 6.194
4012.459 6.217
4023.470 6.240
4034.482 6.264
4045.493 6.287
4056.504 6.310
4067.515 6.333
4078.527 6.356
4089.538 6.377
4100.549 6.344
4111.560 6.311
4122.571 6.279
4133.583 6.246
4144.594 6.213
4155.605 6.180
4166.616 6.148
4177.628 6.115
4188.639 6.082
4199.650 6.049
4210.661 6.016
4202.252 5.985
4193.842 5.955
4185.433 5.924
4177.023 5.893
4168.614 5.862
4160.205 5.831
4151.795 5.800
4143.386 5.769
4134.976 5.738
4126.567 5.707
4118.157 5.676
4109.748 5.645
4101.338 5.614
4092.929 5.584
4084.520 5.563
4076.110 5.543
4067.701 5.523
4059.291 5.503
4050.882 5.483
4042.472 5.463
4034.063 5.442
4025.653 5.422
4017.244 5.402
4008.834 5.382
4000.425 5.361
3989.131 5.341
3977.836 5.321
3966.542 5.301
3955.248 5.281
3943.953 5.261
3932.659 5.241
3921.365 5.221
3910.070 5.201
3898.776 5.181
3887.482 5.161
3876.187 5.141
3864.893 5.121
3853.599 5.100
3842.304 5.080
3831.010 5.059
3819.715 5.038
3808.421 5.017
3797.127 4.995
3785.832 4.974
3774.538 4.953
3763.244 4.932
3751.949 4.911
3740.655 4.889
3729.361 4.868
3718.066 4.847
3707.027 4.825
3695.988 4.804
3684.949 4.783
3673.910 4.761
3662.871 4.740
3651.831 4.719
3640.792 4.697
3629.753 4.676
3618.714 4.654
3607.675 4.633
3596.636 4.611
3585.596 4.590
3574.557 4.568
3563.518 4.547
3552.479 4.531
3541.440 4.514
3530.401 4.498
3519.361 4.481
3508.322 4.464
3497.283 4.448
3486.244 4.431
3475.205 4.415
3464.166 4.398
3453.126 4.381
3442.087 4.365
3430.807 4.348
3419.527 4.331
3408.247 4.315
3396.967 4.298
3385.687 4.281
3374.407 4.265
3363.127 4.248
3351.847 4.231
3340.567 4.214
3329.287 4.198
3318.006 4.181
3306.726 4.164
3295.446 4.147
3284.166 4.131
3272.886 4.119
3261.606 4.107
3250.326 4.095
3239.046 4.083
3227.766 4.072
3216.486 4.060
3205.206 4.048
3193.926 4.036
3182.646 4.024
3171.366 4.012
3160.086 4.000
3149.116 3.988
3138.146 3.976
3127.177 3.964
3116.207 3.952
3105.237 3.940
3094.268 3.928
3083.298 3.916
3072.329 3.904
3061.359 3.892
3050.389 3.880
3039.420 3.868
3028.450 3.856
3017.480 3.844
3006.511 3.832
2995.541 3.821
2984.572 3.810
2973.602 3.799
2962.632 3.788
2951.663 3.776
2940.693 3.765
2929.723 3.754
2918.754 3.743
2907.784 3.732
2896.814 3.721
2885.845 3.710
2874.793 3.698
2863.741 3.687
2852.689 3.676
2841.637 3.665
2830.585 3.654
2819.533 3.643
2808.482 3.631
2797.430 3.620
2786.378 3.609
2775.326 3.598
2764.274 3.586
2753.222 3.575
2742.170 3.564
2731.118 3.553
2720.066 3.538
2709.015 3.524
2697.963 3.510
2686.911 3.496
2675.859 3.481
2664.807 3.467
2653.755 3.453
2642.703 3.438
2631.651 3.424
2620.599 3.410
2609.547 3.396
2598.254 3.381
2586.961 3.367
2575.667 3.353
2564.374 3.338
2553.080 3.324
2541.787 3.310
2530.494 3.295
2519.200 3.281
2507.907 3.267
2496.613 3.252
2485.320 3.238
2474.027 3.223
2462.733 3.209
2451.440 3.194
2440.146 3.175
2428.853 3.156
2417.559 3.136
2406.266 3.117
2394.973 3.098
2383.679 3.078
2372.386 3.059
2361.092 3.039
2349.799 3.020
2338.506 3.001
2327.212 2.981
2316.240 2.962
2305.267 2.942
2294.295 2.923
2283.322 2.903
2272.350 2.884
2261.378 2.864
2250.405 2.845
2239.433 2.825
2228.460 2.806
2217.488 2.786
2206.515 2.767
2195.543 2.747
2184.571 2.728
2173.598 2.708
2162.626 2.686
2151.653 2.664
2140.681 2.643
2129.709 2.621
2118.736 2.599
2107.764 2.578
2096.791 2.556
2085.819 2.534
2074.846 2.512
2063.874 2.491
2052.902 2.469
2041.710 2.447
2030.519 2.425
2019.328 2.404
2008.136 2.382
1996.945 2.360
1985.754 2.338
1974.563 2.317
1963.371 2.295
1952.180 2.273
1940.989 2.251
1929.797 2.229
1918.606 2.208
1907.415 2.186
1896.224 2.165
1885.032 2.155
1873.841 2.146
1862.650 2.136
1851.459 2.127
1840.267 2.117
1829.076 2.108
1817.885 2.098
1806.693 2.089
1795.502 2.079
1784.311 2.070
1773.120 2.060
1762.029 2.051
1750.938 2.041
1739.847 2.032
1728.756 2.022
1717.664 2.013
1706.573 2.003
1695.482 1.994
1684.391 1.984
1673.300 1.974
1662.209 1.965
1651.118 1.955
1640.027 1.946
1628.936 1.936
1617.845 1.926
1606.754 1.905
1595.663 1.883
1584.572 1.862
1573.481 1.840
1562.390 1.819
1551.299 1.797
1540.208 1.776
1529.117 1.754
1518.026 1.733
1506.935 1.711
1495.844 1.690
1484.845 1.668
1473.846 1.647
1462.847 1.625
1451.848 1.604
1440.849 1.582
1429.850 1.561
1418.850 1.539
1407.851 1.518
1396.852 1.496
1385.853 1.475
1374.854 1.453
1363.855 1.432
1352.856 1.410
1341.857 1.389
1330.858 1.372
1319.858 1.356
1308.859 1.340
1297.860 1.323
1286.861 1.307
1275.862 1.291
1264.863 1.274
1253.864 1.258
1242.865 1.241
1231.865 1.225
1220.866 1.209
1209.625 1.192
1198.384 1.176
1187.143 1.160
1175.903 1.143
1164.662 1.127
1153.421 1.111
1142.180 1.094
1130.939 1.078
1119.698 1.061
1108.457 1.045
1097.216 1.029
1085.975 1.012
1074.734 0.996
1063.493 0.980
1052.252 0.975
1041.011 0.970
1029.770 0.965
1018.529 0.959
1007.288 0.954
996.047 0.949
984.806 0.944
973.565 0.939
962.324 0.933
951.083 0.928
939.843 0.923
942.052 0.917
944.262 0.911
946.472 0.906
948.681 0.900
950.891 0.894
953.101 0.888
955.310 0.882
957.520 0.877
959.730 0.871
961.939 0.865
964.149 0.859
966.359 0.854
968.569 0.848
970.778 0.843
972.988 0.859
975.198 0.875
977.407 0.891
979.617 0.907
981.827 0.923
984.036 0.939
986.246 0.955
988.456 0.971
990.666 0.987
992.875 1.003
995.085 1.019
1006.326 1.034
1017.568 1.050
1028.810 1.066
1040.051 1.081
1051.293 1.097
1062.534 1.113
1073.776 1.128
1085.018 1.144
1096.259 1.160
1107.501 1.175
1118.742 1.191
1129.984 1.207
1141.225 1.223
1152.467 1.239
1163.709 1.264
1174.950 1.289
1186.192 1.314
1197.433 1.339
1208.675 1.365
1219.916 1.390
1231.158 1.415
1242.400 1.440
1253.641 1.465
1264.883 1.491
1276.124 1.516
1287.225 1.541
1298.325 1.567
1309.426 1.592
1320.527 1.617
1331.627 1.643
1342.728 1.668
1353.829 1.694
1364.929 1.719
1376.030 1.745
1387.131 1.770
1398.231 1.796
1409.332 1.821
1420.432 1.847
1431.533 1.872
1442.634 1.894
1453.734 1.916
1464.835 1.938
1475.936 1.960
1487.036 1.982
1498.137 2.004
1509.238 2.026
1520.338 2.048
1531.439 2.070
1542.539 2.092
1553.640 2.114
1564.750 2.136
1575.860 2.158
1586.970 2.181
1598.080 2.203
1609.190 2.225
1620.300 2.247
1631.410 2.269
1642.520 2.292
1653.630 2.314
1664.740 2.336
1675.849 2.358
1686.959 2.381
1698.069 2.403
1709.179 2.426
1720.289 2.451
1731.399 2.477
1742.509 2.503
1753.619 2.528
1764.729 2.554
1775.839 2.580
1786.949 2.606
1798.059 2.632
1809.169 2.658
1820.279 2.684
1831.389 2.710
1842.670 2.736
1853.952 2.762
1865.234 2.788
1876.515 2.814
1887.797 2.840
1899.078 2.866
1910.360 2.892
1921.642 2.918
1932.923 2.944
1944.205 2.970
1955.487 2.996
1966.768 3.023
1978.050 3.049
1989.331 3.075
2000.613 3.099
2011.895 3.124
2023.176 3.148
2034.458 3.172
2045.739 3.197
2057.021 3.221
2068.303 3.245
2079.584 3.270
2090.866 3.294
2102.148 3.319
2113.429 3.343
2124.421 3.367
2135.413 3.392
2146.405 3.417
2157.397 3.441
2168.389 3.466
2179.381 3.490
2190.373 3.515
2201.365 3.540
2212.357 3.564
2223.349 3.589
2234.341 3.614
2245.333 3.638
2256.325 3.663
2267.317 3.688
2278.309 3.706
2289.301 3.724
2300.293 3.741
2311.285 3.759
2322.277 3.777
2333.269 3.795
2344.261 3.813
2355.253 3.831
2366.245 3.849
2377.237 3.867
2388.229 3.885
2399.265 3.903
2410.302 3.921
2421.339 3.939
2432.375 3.958
2443.412 3.976
2454.449 3.994
2465.485 4.012
2476.522 4.030
2487.559 4.048
2498.595 4.066
2509.632 4.084
2520.669 4.103
2531.706 4.121
2542.742 4.139
2553.779 4.146
2564.816 4.154
2575.852 4.162
2586.889 4.169
2597.926 4.177
2608.962 4.185
2619.999 4.192
2631.036 4.200
2642.072 4.208
2653.109 4.216
2664.146 4.223
2675.448 4.231
2686.751 4.239
2698.054 4.246
2709.357 4.254
2720.659 4.262
2731.962 4.269
2743.265 4.277
2754.568 4.285
2765.870 4.292
2777.173 4.300
2788.476 4.308
2799.778 4.315
2811.081 4.323
2822.384 4.331
2833.687 4.350
2844.989 4.369
2856.292 4.388
2867.595 4.407
2878.898 4.426
2890.200 4.444
2901.503 4.463
2912.806 4.482
2924.108 4.501
2935.411 4.520
2946.714 4.539
2957.699 4.558
2968.685 4.577
2979.670 4.596
2990.656 4.615
3001.641 4.634
3012.627 4.653
3023.612 4.672
3034.598 4.691
3045.583 4.710
3056.569 4.729
3067.554 4.748
3078.539 4.767
3089.525 4.787
3100.510 4.805
3111.496 4.813
3122.481 4.821
3133.467 4.829
3144.452 4.837
3155.438 4.845
3166.423 4.852
3177.409 4.860
3188.394 4.868
3199.380 4.876
3210.365 4.884
3221.350 4.892
3232.365 4.900
3243.379 4.907
3254.393 4.915
3265.408 4.923
3276.422 4.931
3287.436 4.939
3298.451 4.947
3309.465 4.955
3320.479 4.963
3331.494 4.970
3342.508 4.978
3353.522 4.986
3364.537 4.994
3375.551 5.002
3386.565 5.025
3397.580 5.047
3408.594 5.069
3419.608 5.091
3430.623 5.113
3441.637 5.135
3452.651 5.158
3463.666 5.180
3474.680 5.202
3485.694 5.224
3496.709 5.247
3508.021 5.269
3519.333 5.291
3530.646 5.313
3541.958 5.336
3553.270 5.358
3564.583 5.380
3575.895 5.403
3587.208 5.425
3598.520 5.448
3609.832 5.470
3621.145 5.492
3632.457 5.515
3643.769 5.537
3655.082 5.560
3666.394 5.584
3677.706 5.609
3689.019 5.634
3700.331 5.659
3711.643 5.683
3722.956 5.708
3734.268 5.733
3745.580 5.758
3756.893 5.783
3768.205 5.808
3779.518 5.832
3790.500 5.857
3801.482 5.882
3812.465 5.907
3823.447 5.932
3834.429 5.957
3845.412 5.982
3856.394 6.007
3867.376 6.032
3878.359 6.058
3889.341 6.083
3900.323 6.108
3911.306 6.133
3922.288 6.158
3933.271 6.182
3944.253 6.183
3955.235 6.185
3966.218 6.186
3977.200 6.188
3988.182 6.189
3999.165 6.190
4010.147 6.192
4021.129 6.193
4032.112 6.195
4043.094 6.196
4054.076 6.197
4058.731 6.199
4063.386 6.202
4068.041 6.204
4072.695 6.206
4077.350 6.208
4082.005 6.210
4086.659 6.212
4091.314 6.215
4095.969 6.217
4100.623 6.219
4105.278 6.221
4109.933 6.223
4114.588 6.225
4119.242 6.226
4123.897 6.200
4128.552 6.173
4133.206 6.147
4137.861 6.121
4142.516 6.094
4147.171 6.068
4151.825 6.042
4156.480 6.015
4161.135 5.989
4165.789 5.962
4170.444 5.936
4159.002 5.912
4147.559 5.887
4136.117 5.863
4124.674 5.839
4113.232 5.814
4101.789 5.790
4090.347 5.766
4078.905 5.742
4067.462 5.717
4056.020 5.693
4044.577 5.668
4033.135 5.644
4021.693 5.620
4010.250 5.595
3998.808 5.570
3987.365 5.544
3975.923 5.518
3964.480 5.493
3953.038 5.467
3941.596 5.442
3930.153 5.416
3918.711 5.390
3907.268 5.365
3895.826 5.339
3884.383 5.313
3873.291 5.287
3862.199 5.262
3851.107 5.236
3840.014 5.210
3828.922 5.184
3817.830 5.158
3806.738 5.133
3795.645 5.107
3784.553 5.081
3773.461 5.055
3762.369 5.029
3751.276 5.003
3740.184 4.977
3729.092 4.952
3718.000 4.931
3706.907 4.911
3695.815 4.891
3684.723 4.871
3673.631 4.850
3662.538 4.830
3651.446 4.810
3640.354 4.789
3629.262 4.769
3618.169 4.749
3607.077 4.728
3595.905 4.708
3584.734 4.687
3573.562 4.667
3562.390 4.647
3551.219 4.626
3540.047 4.606
3528.875 4.585
3517.703 4.565
3506.532 4.545
3495.360 4.524
3484.188 4.504
3473.016 4.483
3461.845 4.463
3450.673 4.442
3439.501 4.428
3428.330 4.413
3417.158 4.398
3405.986 4.383
3394.814 4.368
3383.643 4.353
3372.471 4.338
3361.299 4.323
3350.127 4.308
3338.956 4.293
3327.784 4.278
3316.602 4.263
3305.421 4.248
3294.239 4.234
3283.057 4.219
3271.876 4.204
3260.694 4.189
3249.512 4.174
3238.331 4.159
3227.149 4.143
3215.967 4.128
3204.786 4.113
3193.604 4.098
3182.422 4.083
3171.241 4.068
3160.059 4.058
3148.878 4.047
3137.696 4.037
3126.514 4.026
3115.333 4.016
3104.151 4.005
3092.969 3.994
3081.788 3.984
3070.606 3.973
3059.424 3.963
3048.243 3.952
3037.254 3.941
3026.265 3.931
3015.276 3.920
3004.287 3.909
2993.298 3.899
2982.309 3.888
2971.320 3.877
2960.332 3.867
2949.343 3.856
2938.354 3.845
2927.365 3.834
2916.376 3.824
2905.387 3.813
2894.398 3.802
2883.409 3.789
2872.421 3.776
2861.432 3.763
2850.443 3.750
2839.454 3.737
2828.465 3.724
2817.476 3.711
2806.487 3.698
2795.498 3.685
2784.510 3.672
2773.521 3.659
2762.301 3.646
2751.080 3.633
2739.860 3.619
2728.640 3.606
2717.420 3.593
2706.200 3.580
2694.980 3.567
2683.760 3.554
2672.539 3.541
2661.319 3.528
2650.099 3.515
2638.879 3.501
2627.659 3.488
2616.439 3.475
2605.218 3.458
2593.998 3.442
2582.778 3.425
2571.558 3.409
2560.338 3.392
2549.118 3.375
2537.898 3.359
2526.677 3.342
2515.457 3.326
2504.237 3.309
2493.017 3.292
2481.908 3.276
2470.799 3.259
2459.690 3.242
2448.581 3.226
2437.472 3.209
2426.363 3.192
2415.254 3.175
2404.145 3.159
2393.036 3.142
2381.927 3.125
2370.818 3.109
2359.709 3.092
2348.600 3.075
2337.491 3.058
2326.382 3.033
2315.273 3.008
2304.164 2.983
2293.055 2.958
2281.946 2.934
2270.837 2.909
2259.728 2.884
2248.619 2.859
2237.510 2.834
2226.401 2.809
2215.292 2.784
2204.341 2.759
2193.391 2.734
2182.440 2.709
2171.490 2.684
2160.540 2.659
2149.589 2.634
2138.639 2.609
2127.689 2.584
2116.738 2.559
2105.788 2.534
2094.837 2.509
2083.887 2.484
2072.937 2.459
2061.986 2.435
2051.036 2.422
2040.085 2.409
2029.135 2.396
2018.185 2.383
2007.234 2.371
1996.284 2.358
1985.334 2.345
1974.383 2.332
1963.433 2.319
1952.482 2.306
1941.532 2.293
1930.200 2.280
1918.868 2.267
1907.535 2.254
1896.203 2.242
1884.871 2.229
1873.539 2.216
1862.206 2.203
1850.874 2.190
1839.542 2.177
1828.210 2.164
1816.878 2.151
1805.545 2.138
1794.213 2.125
1782.881 2.112
1771.549 2.098
1760.217 2.084
1748.884 2.070
1737.552 2.056
1726.220 2.042
1714.888 2.028
1703.555 2.013
1692.223 1.999
1680.891 1.985
1669.559 1.971
1658.227 1.957
1647.190 1.943
1636.153 1.929
1625.116 1.914
1614.079 1.900
1603.042 1.886
1592.005 1.872
1580.968 1.858
1569.931 1.844
1558.894 1.829
1547.857 1.815
1536.820 1.801
1525.783 1.787
1514.746 1.773
1503.709 1.758
1492.672 1.736
1481.635 1.714
1470.598 1.692
1459.561 1.670
1448.524 1.648
1437.487 1.625
1426.450 1.603
1415.413 1.581
1404.376 1.559
1393.339 1.537
1382.302 1.515
1371.327 1.493
1360.353 1.471
1349.378 1.449
1338.403 1.426
1327.429 1.404
1316.454 1.382
1305.480 1.360
1294.505 1.338
1283.530 1.316
1272.556 1.294
1261.581 1.272
1250.607 1.249
1239.632 1.227
1228.657 1.206
1217.683 1.192
1206.708 1.178
1195.734 1.164
1184.759 1.151
1173.784 1.137
1162.810 1.123
1151.835 1.109
1140.861 1.096
1129.886 1.082
1118.911 1.068
1107.937 1.054
1097.638 1.041
1087.340 1.027
1077.041 1.013
1066.743 0.999
1056.445 0.985
1046.146 0.972
1035.848 0.958
1025.549 0.944
1015.251 0.930
1004.952 0.916
994.654 0.903
984.355 0.889
974.057 0.875
963.758 0.862
953.460 0.865
943.161 0.868
932.863 0.871
922.564 0.874
912.266 0.877
901.968 0.880
891.669 0.883
881.371 0.886
871.072 0.889
860.774 0.892
850.475 0.895
861.966 0.896
873.458 0.898
884.949 0.900
896.440 0.902
907.931 0.903
919.422 0.905
930.913 0.907
942.405 0.909
953.896 0.910
965.387 0.912
976.878 0.914
988.369 0.915
999.860 0.917
1011.352 0.920
1022.843 0.943
1034.334 0.966
1045.825 0.989
1057.316 1.013
1068.807 1.036
1080.299 1.059
1091.790 1.082
1103.281 1.105
1114.772 1.129
1126.263 1.152
1137.754 1.175
1148.908 1.198
1160.062 1.222
1171.216 1.245
1182.369 1.268
1193.523 1.292
1204.677 1.315
1215.830 1.338
1226.984 1.362
1238.138 1.385
1249.292 1.409
1260.445 1.432
1271.599 1.455
1282.753 1.479
1293.906 1.502
1305.060 1.529
1316.214 1.556
1327.368 1.583
1338.521 1.610
1349.675 1.637
1360.829 1.664
1371.982 1.692
1383.136 1.719
1394.290 1.746
1405.444 1.773
1416.597 1.800
1427.755 1.827
1438.913 1.854
1450.071 1.881
1461.230 1.909
1472.388 1.936
1483.546 1.963
1494.704 1.990
1505.862 2.018
1517.020 2.045
1528.178 2.072
1539.336 2.100
1550.494 2.127
1561.652 2.154
1572.810 2.181
1583.968 2.202
1595.126 2.222
1606.284 2.242
1617.442 2.262
1628.601 2.283
1639.759 2.303
1650.917 2.323
1662.075 2.344
1673.233 2.364
1684.391 2.385
1695.549 2.405
1706.643 2.425
1717.738 2.446
1728.832 2.466
1739.927 2.487
1751.021 2.507
1762.115 2.528
1773.210 2.548
1784.304 2.568
1795.399 2.589
1806.493 2.609
1817.588 2.630
1828.682 2.651
1839.776 2.671
1850.871 2.692
1861.965 2.721
1873.060 2.750
1884.154 2.779
1895.249 2.807
1906.343 2.836
1917.437 2.865
1928.532 2.894
1939.626 2.923
1950.721 2.952
1961.815 2.981
1972.910 3.010
1984.005 3.039
1995.100 3.068
2006.195 3.097
2017.290 3.126
2028.385 3.155
2039.480 3.185
2050.575 3.214
2061.670 3.243
2072.765 3.272
2083.860 3.301
2094.955 3.331
2106.050 3.360
2117.145 3.389
2128.240 3.418
2139.335 3.442
2150.430 3.465
2161.525 3.488
2172.620 3.512
2183.715 3.535
2194.810 3.559
2205.905 3.582
2217.001 3.606
2228.096 3.629
2239.191 3.652
2250.286 3.676
2261.338 3.700
2272.389 3.723
2283.441 3.747
2294.493 3.770
2305.545 3.794
2316.597 3.817
2327.649 3.841
2338.701 3.865
2349.753 3.888
2360.805 3.912
2371.856 3.936
2382.908 3.959
2393.960 3.983
2405.012 4.006
2416.064 4.018
2427.116 4.029
2438.168 4.041
2449.220 4.053
2460.272 4.065
2471.324 4.076
2482.375 4.088
2493.427 4.100
2504.479 4.111
2515.531 4.123
2526.583 4.135
2537.740 4.147
2548.896 4.158
2560.053 4.170
2571.209 4.182
2582.366 4.194
2593.522 4.205
2604.679 4.217
2615.835 4.229
2626.992 4.240
2638.148 4.252
2649.305 4.264
2660.461 4.276
2671.618 4.287
2682.774 4.299
2693.931 4.306
2705.087 4.312
2716.244 4.319
2727.400 4.326
2738.557 4.332
2749.713 4.339
2760.870 4.346
2772.026 4.353
2783.183 4.359
2794.339 4.366
2805.496 4.373
2816.717 4.379
2827.938 4.386
2839.159 4.393
2850.380 4.399
2861.601 4.406
2872.822 4.413
2884.043 4.419
2895.264 4.426
2906.486 4.433
2917.707 4.439
2928.928 4.446
2940.149 4.453
2951.370 4.459
2962.591 4.466
2973.812 4.483
2985.033 4.499
2996.254 4.515
3007.475 4.531
3018.696 4.547
3029.917 4.564
3041.139 4.580
3052.360 4.596
3063.581 4.612
3074.802 4.629
3086.023 4.645
3097.016 4.661
3108.009 4.678
3119.003 4.694
3129.996 4.710
3140.989 4.727
3151.982 4.743
3162.975 4.759
3173.969 4.775
3184.962 4.792
3195.955 4.808
3206.948 4.825
3217.942 4.841
3228.935 4.857
3239.928 4.874
3250.921 4.899
3261.914 4.924
3272.908 4.949
3283.901 4.974
3294.894 4.999
3305.887 5.024
3316.881 5.049
3327.874 5.075
3338.867 5.100
3349.860 5.125
3360.853 5.150
3371.951 5.175
3383.048 5.200
3394.146 5.226
3405.244 5.251
3416.341 5.276
3427.439 5.301
3438.536 5.327
3449.634 5.352
3460.731 5.377
3471.829 5.402
3482.926 5.428
3494.024 5.453
3505.121 5.478
3516.219 5.503
3527.316 5.520
3538.414 5.537
3549.511 5.554
3560.609 5.571
3571.706 5.588
3582.804 5.605
3593.902 5.622
3604.999 5.639
3616.097 5.656
3627.194 5.673
3638.292 5.690
3649.524 5.707
3660.757 5.724
3671.989 5.741
3683.222 5.758
3694.454 5.775
3705.687 5.792
3716.920 5.810
3728.152 5.827
3739.385 5.844
3750.617 5.861
3761.850 5.878
3773.082 5.895
3784.315 5.912
3795.548 5.929
3806.780 5.956
3818.013 5.984
3829.245 6.011
3840.478 6.038
3851.710 6.065
3862.943 6.092
3874.176 6.119
3885.408 6.146
3896.641 6.174
3907.873 6.201
3919.106 6.228
3930.096 6.255
3941.085 6.283
3952.075 6.310
3963.065 6.337
3974.055 6.365
3985.045 6.392
3996.035 6.419
4007.024 6.447
4018.014 6.474
4029.004 6.502
4039.994 6.529
4050.984 6.556
4061.973 6.584
4072.963 6.609
4083.953 6.587
4094.943 6.565
4105.933 6.543
4116.922 6.521
4127.912 6.499
4138.902 6.477
4149.892 6.455
4160.882 6.433
4171.871 6.411
4182.861 6.389
4193.851 6.366
4187.256 6.347
4180.661 6.328
4174.065 6.309
4167.470 6.290
4160.875 6.271
4154.280 6.252
4147.684 6.233
4141.089 6.214
4134.494 6.194
4127.899 6.175
4121.303 6.156
4114.708 6.137
4108.113 6.118
4101.518 6.098
4094.922 6.067
4088.327 6.037
4081.732 6.006
4075.137 5.975
4068.541 5.945
4061.946 5.914
4055.351 5.883
4048.756 5.853
4042.160 5.822
4035.565 5.791
4028.970 5.761
4017.633 5.731
4006.297 5.701
3994.960 5.671
3983.624 5.641
3972.287 5.611
3960.950 5.581
3949.614 5.551
3938.277 5.521
3926.941 5.491
3915.604 5.460
3904.268 5.430
3892.931 5.400
3881.594 5.370
3870.258 5.340
3858.921 5.317
3847.585 5.293
3836.248 5.269
3824.912 5.245
3813.575 5.221
3802.238 5.197
3790.902 5.173
3779.565 5.150
3768.229 5.126
3756.892 5.102
3745.556 5.078
3734.439 5.054
3723.321 5.030
3712.204 5.006
3701.087 4.982
3689.970 4.958
3678.853 4.934
3667.736 4.910
3656.619 4.886
3645.502 4.862
3634.385 4.838
3623.268 4.813
3612.151 4.789
3601.034 4.765
3589.916 4.742
3578.799 4.725
3567.682 4.708
3556.565 4.692
3545.448 4.675
3534.331 4.659
3523.214 4.642
3512.097 4.625
3500.980 4.609
3489.863 4.592
3478.746 4.575
3467.628 4.559
3456.524 4.542
3445.420 4.525
3434.315 4.509
3423.211 4.492
3412.107 4.475
3401.002 4.459
3389.898 4.442
3378.794 4.425
3367.689 4.408
3356.585 4.392
3345.481 4.375
3334.376 4.358
3323.272 4.341
3312.167 4.325
3301.063 4.310
3289.959 4.296
3278.854 4.282
3267.750 4.267
3256.646 4.253
3245.541 4.239
3234.437 4.224
3223.333 4.210
3212.228 4.196
3201.124 4.181
3190.020 4.167
3178.871 4.153
3167.722 4.138
3156.573 4.124
3145.425 4.110
3134.276 4.095
3123.127 4.081
3111.978 4.066
3100.830 4.052
3089.681 4.037
3078.532 4.023
3067.383 4.009
3056.235 3.994
3045.086 3.980
3033.937 3.965
3022.788 3.955
3011.640 3.944
3000.491 3.933
2989.342 3.922
2978.193 3.912
2967.045 3.901
2955.896 3.890
2944.747 3.880
2933.598 3.869
2922.450 3.858
2911.301 3.847
2900.182 3.836
2889.063 3.826
2877.945 3.815
2866.826 3.804
2855.708 3.793
2844.589 3.782
2833.470 3.772
2822.352 3.761
2811.233 3.750
2800.114 3.739
2788.996 3.728
2777.877 3.717
2766.758 3.707
2755.640 3.696
2744.521 3.681
2733.403 3.666
2722.284 3.652
2711.165 3.637
2700.047 3.622
2688.928 3.607
2677.809 3.593
2666.691 3.578
2655.572 3.563
2644.453 3.549
2633.335 3.534
2622.268 3.519
2611.202 3.504
2600.135 3.490
2589.069 3.475
2578.002 3.460
2566.936 3.445
2555.869 3.431
2544.803 3.416
2533.736 3.401
2522.670 3.386
2511.603 3.371
2500.537 3.356
2489.470 3.342
2478.404 3.326
2467.338 3.303
2456.271 3.280
2445.205 3.256
2434.138 3.233
2423.072 3.209
2412.005 3.186
2400.939 3.163
2389.872 3.139
2378.806 3.116
2367.739 3.092
2356.673 3.069
2345.562 3.045
2334.451 3.022
2323.340 2.998
2312.229 2.975
2301.118 2.951
2290.007 2.928
2278.897 2.904
2267.786 2.881
2256.675 2.857
2245.564 2.834
2234.453 2.810
2223.342 2.787
2212.231 2.763
2201.120 2.740
2190.010 2.724
2178.899 2.708
2167.788 2.692
2156.677 2.676
2145.566 2.660
2134.455 2.644
2123.344 2.628
2112.233 2.612
2101.122 2.596
2090.012 2.580
2078.901 2.564
2067.807 2.548
2056.712 2.532
2045.618 2.516
2034.524 2.499
2023.430 2.483
2012.336 2.467
2001.242 2.451
1990.148 2.435
1979.054 2.419
1967.960 2.403
1956.865 2.387
1945.771 2.370
1934.677 2.354
1923.583 2.338
1912.489 2.323
1901.395 2.308
1890.301 2.292
1879.207 2.277
1868.113 2.262
1857.018 2.247
1845.924 2.231
1834.830 2.216
1823.736 2.201
1812.642 2.185
1801.548 2.170
1790.440 2.155
1779.333 2.139
1768.225 2.124
1757.118 2.109
1746.011 2.093
1734.903 2.078
1723.796 2.063
1712.688 2.047
1701.581 2.032
1690.473 2.017
1679.366 2.001
1668.258 1.986
1657.151 1.970
1646.043 1.955
1634.936 1.936
1623.828 1.918
1612.721 1.900
1601.614 1.881
1590.506 1.863
1579.399 1.844
1568.291 1.826
1557.184 1.808
1546.076 1.789
1534.969 1.771
1523.861 1.752
1512.875 1.734
1501.889 1.715
1490.902 1.697
1479.916 1.678
1468.929 1.660
1457.943 1.642
1446.957 1.623
1435.970 1.605
1424.984 1.586
1413.997 1.568
1403.011 1.549
1392.025 1.531
1381.038 1.512
1370.052 1.494
1359.065 1.472
1348.079 1.451
1337.093 1.430
1326.106 1.409
1315.120 1.387
1304.133 1.366
1293.147 1.345
1282.161 1.324
1271.174 1.302
1260.188 1.281
1249.202 1.260
