2.558 0.099
2.861 0.117
3.165 0.136
3.468 0.156
3.772 0.177
4.075 0.200
4.379 0.225
4.682 0.252
4.986 0.282
5.289 0.314
5.593 0.350
5.896 0.410
6.200 0.475
6.503 0.544
6.807 0.609
7.110 0.675
7.414 0.744
7.717 0.809
8.021 0.871
8.324 0.935
8.628 0.997
8.931 1.051
9.235 1.106
9.538 1.162
9.842 1.217
10.145 1.273
10.449 1.330
10.752 1.402
11.056 1.484
11.359 1.567
11.663 1.659
11.966 1.766
12.270 1.876
12.573 1.991
12.877 2.152
13.180 2.318
13.484 2.490
13.787 2.668
14.091 2.851
14.394 3.041
14.698 3.181
15.001 3.257
15.305 3.332
15.608 3.386
15.912 3.337
16.215 3.284
16.519 3.227
16.822 3.166
17.126 3.103
17.429 3.037
17.733 2.974
18.036 2.913
18.340 2.851
18.643 2.790
18.947 2.734
19.250 2.678
19.553 2.620
19.857 2.571
20.160 2.521
20.464 2.470
20.767 2.420
21.071 2.371
21.374 2.321
21.678 2.264
21.981 2.197
22.285 2.130
22.588 2.060
22.892 1.966
23.195 1.871
23.499 1.776
23.802 1.699
24.106 1.627
24.409 1.555
24.713 1.476
25.016 1.392
25.320 1.309
25.623 1.218
25.927 1.100
26.230 0.983
26.534 0.868
26.837 0.805
27.141 0.746
27.444 0.688
27.748 0.663
28.051 0.657
28.355 0.651
28.658 0.673
28.962 0.750
29.265 0.828
29.569 0.907
29.872 1.009
30.176 1.112
30.479 1.216
30.783 1.321
31.086 1.428
31.390 1.537
31.693 1.672
31.997 1.842
32.300 2.016
32.604 2.181
32.907 2.273
33.211 2.366
33.514 2.461
33.818 2.542
34.121 2.623
34.425 2.705
34.728 2.775
35.032 2.835
35.335 2.897
35.639 2.969
35.942 3.068
36.245 3.169
36.549 3.271
36.852 3.402
37.156 3.535
37.459 3.671
37.763 3.825
38.066 3.989
38.370 4.156
38.673 4.330
38.977 4.513
39.280 4.699
39.584 4.873
39.887 4.871
40.191 4.867
40.494 4.863
40.798 4.771
41.101 4.654
41.405 4.535
41.708 4.416
42.012 4.298
42.315 4.178
42.619 4.058
42.922 3.942
43.226 3.826
43.529 3.708
43.833 3.622
44.136 3.538
44.440 3.454
44.743 3.378
45.047 3.308
45.350 3.237
45.654 3.165
45.957 3.091
46.261 3.017
46.564 2.942
46.868 2.842
47.171 2.742
47.475 2.642
47.778 2.521
48.082 2.392
48.385 2.264
48.689 2.147
48.992 2.047
49.296 1.948
49.599 1.844
49.903 1.717
50.206 1.590
50.510 1.465
50.813 1.360
51.117 1.260
51.420 1.161
51.724 1.074
52.027 0.998
52.331 0.922
52.634 0.868
52.938 0.879
53.241 0.890
53.544 0.901
53.848 1.011
54.151 1.127
54.455 1.244
54.758 1.380
55.062 1.527
55.365 1.674
55.669 1.815
55.972 1.941
56.276 2.069
56.579 2.200
56.883 2.363
57.186 2.528
57.490 2.695
57.793 2.881
58.097 3.076
58.400 3.274
58.704 3.390
59.007 3.417
59.311 3.444
59.614 3.474
59.918 3.518
60.221 3.563
60.525 3.607
60.828 3.726
61.132 3.856
61.435 3.987
61.739 4.122
62.042 4.260
62.346 4.400
62.649 4.551
62.953 4.724
63.256 4.899
63.560 5.077
63.863 5.265
64.167 5.456
64.470 5.649
64.774 5.651
65.077 5.573
65.381 5.494
65.684 5.381
65.988 5.222
66.291 5.062
66.595 4.903
66.898 4.762
67.202 4.620
67.505 4.477
67.809 4.357
68.112 4.241
68.416 4.124
68.719 4.021
69.023 3.929
69.326 3.838
69.630 3.748
69.933 3.666
70.236 3.583
70.540 3.500
70.843 3.415
71.147 3.330
71.450 3.245
71.754 3.132
72.057 3.005
72.361 2.878
72.664 2.748
72.968 2.613
73.271 2.478
73.575 2.343
73.878 2.221
74.182 2.098
74.485 1.976
74.789 1.871
75.092 1.771
75.396 1.672
75.699 1.558
76.003 1.428
76.306 1.299
76.610 1.182
76.913 1.116
77.217 1.051
77.520 0.986
77.824 1.029
78.127 1.089
78.431 1.148
78.734 1.254
79.038 1.393
79.341 1.533
79.645 1.679
79.948 1.837
80.252 1.995
80.555 2.155
80.859 2.300
81.162 2.446
81.466 2.592
81.769 2.759
82.073 2.934
82.376 3.111
82.680 3.291
82.983 3.476
83.287 3.663
83.590 3.834
83.894 3.859
84.197 3.884
84.501 3.910
84.804 3.962
85.108 4.022
85.411 4.081
85.715 4.180
86.018 4.315
86.322 4.452
86.625 4.590
86.928 4.730
87.232 4.872
87.535 5.015
87.839 5.193
88.142 5.375
88.446 5.559
88.749 5.738
89.053 5.915
89.356 6.094
89.660 6.160
89.963 5.998
90.267 5.832
90.570 5.662
90.874 5.510
91.177 5.358
91.481 5.206
91.784 5.055
92.088 4.903
92.391 4.752
92.695 4.614
92.998 4.495
93.302 4.375
93.605 4.260
93.909 4.173
94.212 4.085
94.516 3.997
94.819 3.910
95.123 3.823
95.426 3.736
95.730 3.640
96.033 3.538
96.337 3.435
96.640 3.322
96.944 3.180
97.247 3.039
97.551 2.897
97.854 2.741
98.158 2.585
98.461 2.428
98.765 2.327
99.068 2.252
99.372 2.178
99.675 2.072
99.979 1.917
100.282 1.762
100.586 1.610
100.889 1.490
101.193 1.369
101.496 1.250
101.800 1.193
102.103 1.153
102.407 1.112
102.710 1.147
103.014 1.257
103.317 1.367
103.620 1.490
103.924 1.664
104.227 1.839
104.531 2.014
104.834 2.170
105.138 2.325
105.441 2.481
105.745 2.652
106.048 2.832
106.352 3.013
106.655 3.191
106.959 3.360
107.262 3.531
107.566 3.702
107.869 3.835
108.173 3.968
108.476 4.103
108.780 4.184
109.083 4.246
109.387 4.307
109.690 4.404
109.994 4.545
110.297 4.688
110.601 4.822
110.904 4.893
111.208 4.964
111.511 5.036
111.815 5.188
112.118 5.355
112.422 5.524
112.725 5.702
113.029 5.888
113.332 6.076
113.636 6.227
113.939 6.268
114.243 6.310
114.546 6.352
114.850 6.196
115.153 6.030
115.457 5.863
115.760 5.686
116.064 5.502
116.367 5.318
116.671 5.148
116.974 5.001
117.278 4.854
117.581 4.710
117.885 4.601
118.188 4.491
118.492 4.381
118.795 4.295
119.099 4.215
119.402 4.136
119.706 4.048
120.009 3.952
120.313 3.856
120.616 3.755
120.919 3.630
121.223 3.505
121.526 3.381
121.830 3.202
122.133 3.018
122.437 2.834
122.740 2.703
123.044 2.606
123.347 2.510
123.651 2.411
123.954 2.304
124.258 2.197
124.561 2.090
124.865 1.930
125.168 1.770
125.472 1.611
125.775 1.493
126.079 1.392
126.382 1.291
126.686 1.239
126.989 1.253
127.293 1.268
127.596 1.301
127.900 1.465
128.203 1.629
128.507 1.793
128.810 1.980
129.114 2.172
129.417 2.366
129.721 2.533
130.024 2.676
130.328 2.820
130.631 2.978
130.935 3.182
131.238 3.388
131.542 3.594
131.845 3.768
132.149 3.941
132.452 4.115
132.756 4.235
133.059 4.326
133.363 4.417
133.666 4.496
133.970 4.554
134.273 4.613
134.577 4.675
134.880 4.804
135.184 4.934
135.487 5.064
135.791 5.240
136.094 5.430
136.398 5.622
136.701 5.788
137.005 5.926
137.308 6.065
137.611 6.216
137.915 6.424
138.218 6.633
138.522 6.843
138.825 6.763
139.129 6.643
139.432 6.521
139.736 6.353
140.039 6.152
140.343 5.949
140.646 5.753
140.950 5.577
141.253 5.401
141.557 5.225
141.860 5.100
142.164 4.975
142.467 4.850
142.771 4.737
143.074 4.628
143.378 4.520
143.681 4.422
143.985 4.339
144.288 4.256
144.592 4.169
144.895 4.055
145.199 3.940
145.502 3.826
145.806 3.663
146.109 3.489
146.413 3.315
146.716 3.168
147.020 3.046
147.323 2.925
147.627 2.804
147.930 2.686
148.234 2.567
148.537 2.449
148.841 2.312
149.144 2.174
149.448 2.036
149.751 1.886
150.055 1.729
150.358 1.573
150.662 1.449
150.965 1.389
151.269 1.328
151.572 1.270
151.876 1.256
152.179 1.241
152.483 1.226
152.786 1.216
153.090 1.206
153.393 1.197
153.697 1.188
154.000 1.180
