515.090 0.371
592.080 0.279
669.383 0.204
747.152 0.142
824.920 0.104
902.688 0.094
978.785 0.085
1054.387 0.077
1129.990 0.069
1205.687 0.062
1281.957 0.055
1358.227 0.047
1434.496 0.029
1511.554 0.013
1589.367 0.000
1667.180 0.000
1744.993 0.013
1820.893 0.025
1896.532 0.036
1972.171 0.042
2047.861 0.046
2123.701 0.050
2199.541 0.060
2275.381 0.092
2352.496 0.124
2430.399 0.155
2508.302 0.185
2586.205 0.214
2661.718 0.243
2737.201 0.271
2812.684 0.285
2888.346 0.297
2964.331 0.310
3040.317 0.319
3116.302 0.323
3193.684 0.326
3271.591 0.330
3349.498 0.329
3427.168 0.328
3502.600 0.327
3578.031 0.326
3653.463 0.332
3729.081 0.338
3804.912 0.343
3880.744 0.366
3956.575 0.410
4015.630 0.454
4071.355 0.500
4127.080 0.566
4155.111 0.640
4074.898 0.720
3994.684 0.802
3914.471 0.880
3836.594 0.963
3760.459 1.051
3684.324 1.135
3608.189 1.215
3530.475 1.300
3452.664 1.390
3374.853 1.471
3297.624 1.555
3221.679 1.644
3145.734 1.732
3069.790 1.815
2993.730 1.901
2917.616 1.992
2841.503 2.082
2765.322 2.173
2687.872 2.269
2610.422 2.370
2532.973 2.485
2456.042 2.608
2379.827 2.738
2303.613 2.889
2227.399 3.071
2150.875 3.271
2074.267 3.490
1997.660 3.683
1921.009 3.877
1844.128 4.087
1767.247 4.318
1690.366 4.585
1613.730 4.881
1537.313 5.212
1460.895 5.645
1384.478 6.220
1308.030 6.913
1231.579 7.763
1155.128 8.345
1078.878 8.937
1003.183 9.613
927.488 10.208
851.794 10.265
849.388 10.322
888.995 10.380
928.603 9.751
968.394 8.834
1045.003 8.066
1121.613 7.415
1198.222 6.736
1274.726 6.164
1351.054 5.676
1427.381 5.259
1503.709 4.904
1580.618 4.591
1657.728 4.313
1734.837 3.982
1811.848 3.668
1888.077 3.397
1964.306 3.172
2040.535 3.091
2116.540 3.014
2192.306 2.942
2268.071 2.889
2343.836 2.858
2420.830 2.827
2498.038 2.798
2575.246 2.791
2652.354 2.789
2729.109 2.787
2805.864 2.778
2882.619 2.743
2958.945 2.710
3034.973 2.679
3111.001 2.637
3187.029 2.589
3264.144 2.544
3341.306 2.500
3418.467 2.450
3495.434 2.401
3572.005 2.355
3648.576 2.312
3725.147 2.271
3801.273 2.233
3877.207 2.197
3953.141 2.231
4026.529 2.299
4064.747 2.369
4102.965 2.442
4141.184 2.565
4127.428 2.694
4046.672 2.832
3965.915 2.971
3885.159 3.110
3807.320 3.256
3730.182 3.412
3653.045 3.565
3576.185 3.722
3500.634 3.890
3425.082 4.061
3349.531 4.199
3273.169 4.344
3196.130 4.497
3119.091 4.643
3042.051 4.781
2965.118 4.926
2888.194 5.078
2811.270 5.233
2734.749 5.395
2659.247 5.565
2583.745 5.754
2508.242 5.982
2431.303 6.226
2353.599 6.487
2275.895 6.808
2198.219 7.184
2121.793 7.597
2045.367 8.055
1968.942 8.435
1892.904 8.848
1817.470 9.300
1742.036 9.838
1666.603 10.520
1589.033 11.299
1510.793 12.194
1432.552 13.053
1354.651 13.963
1279.021 15.005
1203.390 16.177
1127.760 17.223
1052.052 18.413
976.268 19.777
900.483 20.447
824.699 20.176
871.497 19.911
936.816 19.652
1002.134 17.860
1070.228 16.140
1147.203 14.714
1224.178 13.459
1301.153 12.226
1377.470 11.194
1453.362 10.317
1529.253 9.644
1605.144 9.104
1682.528 8.621
1759.948 8.185
1837.368 7.697
1914.322 7.259
1990.397 6.866
2066.473 6.506
2142.548 6.171
2218.611 5.868
2294.669 5.594
2370.727 5.524
2446.871 5.539
2523.947 5.554
2601.022 5.568
2678.098 5.565
2754.941 5.562
2831.506 5.558
2908.071 5.502
2984.635 5.379
3060.859 5.261
3137.009 5.150
3213.159 5.048
3289.519 4.952
3366.761 4.860
3444.004 4.769
3521.246 4.663
3598.170 4.562
3674.846 4.467
3751.522 4.375
3828.197 4.287
3903.985 4.203
3979.708 4.123
4055.430 4.230
4106.411 4.360
4099.835 4.496
4093.260 4.651
4086.685 4.850
4032.840 5.063
3955.709 5.289
3878.577 5.506
3801.421 5.723
3723.655 5.953
3645.889 6.197
3568.123 6.401
3490.985 6.616
3414.756 6.842
3338.527 7.062
3262.298 7.259
3186.588 7.465
3111.026 7.681
3035.464 7.889
2959.597 8.099
2881.965 8.319
2804.334 8.548
2726.703 8.784
2649.846 9.032
2573.716 9.291
2497.585 9.619
2421.454 10.028
2345.661 10.471
2269.910 10.949
2194.160 11.481
2117.870 12.064
2040.006 12.706
1962.142 13.396
1884.277 14.095
1807.668 14.866
1731.813 15.722
1655.958 16.555
1580.103 17.387
1503.230 18.304
1426.351 19.321
1349.472 20.795
1272.722 22.522
1196.195 24.557
1119.669 26.552
1043.143 27.925
990.620 29.448
946.861 31.146
903.102 30.459
872.059 28.876
953.127 27.445
1034.196 26.028
1115.264 23.528
1194.030 21.460
1270.210 19.721
1346.389 18.170
1422.569 16.770
1498.320 15.566
1573.989 14.519
1649.658 13.682
1725.743 12.952
1803.393 12.294
1881.044 11.683
1958.694 11.067
2035.387 10.513
2111.383 10.011
2187.379 9.563
2263.375 9.159
2339.195 8.789
2415.005 8.448
2490.815 8.427
2567.186 8.432
2644.759 8.436
2722.333 8.425
2799.906 8.375
2876.430 8.326
2952.475 8.279
3028.520 8.141
3104.569 7.964
3180.674 7.796
3256.779 7.635
3332.884 7.484
3409.509 7.340
3486.835 7.202
3564.160 7.055
3641.486 6.893
3718.222 6.739
3794.806 6.593
3871.390 6.467
3947.848 6.351
4023.669 6.239
4099.490 6.187
4175.311 6.488
4179.754 6.811
4121.848 7.156
4063.942 7.439
4006.037 7.653
3930.192 7.877
3852.422 8.113
3774.651 8.384
3697.360 8.674
3621.346 8.981
3545.333 9.291
3469.320 9.566
3392.242 9.856
3314.570 10.161
3236.899 10.432
3159.250 10.683
3083.716 10.944
3008.181 11.217
2932.647 11.465
2856.897 11.723
2780.796 11.992
2704.696 12.303
2628.595 12.685
2551.247 13.089
2473.483 13.517
2395.719 14.057
2318.219 14.674
2242.665 15.343
2167.112 16.080
2091.558 16.965
2015.268 17.947
1938.208 19.042
1861.147 19.936
1784.087 20.502
1707.618 21.101
1631.248 21.736
1554.878 23.122
1478.651 24.862
1402.914 26.879
1327.176 29.115
1251.439 31.151
1174.709 33.496
1097.306 36.226
1019.903 38.157
942.501 39.285
954.535 40.483
969.751 41.759
984.966 38.561
1021.015 35.589
1098.422 33.040
1175.829 30.455
1253.236 27.546
1329.959 25.136
1406.395 23.106
1482.832 21.554
1559.273 20.274
1635.774 19.136
1712.274 18.113
1788.775 17.064
1865.799 16.130
1943.481 15.291
2021.164 14.560
2098.847 13.928
2174.909 13.347
2250.598 12.813
2326.286 12.448
2402.030 12.137
2478.026 11.843
2554.022 11.591
2630.018 11.492
2707.024 11.394
2784.852 11.299
2862.680 11.118
2940.508 10.868
3016.325 10.629
3091.969 10.402
3167.612 10.323
3243.313 10.263
3319.155 10.203
3394.997 10.095
3470.839 9.858
3548.034 9.632
3625.928 9.417
3703.822 9.198
3781.652 8.980
3857.274 8.773
3932.896 8.577
4008.518 8.614
4066.819 8.651
4098.870 8.689
4130.921 8.816
4162.972 9.104
4110.022 9.409
4031.232 9.730
3952.442 10.071
3873.980 10.433
3797.602 10.818
3721.223 11.220
3644.844 11.572
3568.189 11.943
3491.263 12.337
3414.337 12.704
3337.411 13.036
3260.425 13.383
3183.431 13.747
3106.437 14.044
3029.766 14.338
2954.099 14.643
2878.433 14.971
2802.766 15.358
2726.122 15.763
2648.862 16.187
2571.603 16.680
2494.344 17.236
2417.836 17.828
2341.342 18.460
2264.848 19.416
2188.739 20.489
2113.337 21.683
2037.935 22.813
1962.533 23.600
1885.234 24.440
1807.203 25.339
1729.172 26.338
1651.326 27.434
1575.327 28.625
1499.329 29.970
1423.331 32.214
1347.530 34.816
1271.962 37.869
1196.393 40.866
1120.825 43.438
1049.118 46.354
978.205 49.688
907.292 49.866
866.204 49.215
945.329 48.579
1024.455 47.121
1103.580 42.313
1181.386 38.387
1258.188 35.120
1334.990 32.179
1411.792 29.560
1488.622 27.334
1565.453 25.420
1642.285 24.109
1718.983 22.956
1795.376 21.908
1871.770 20.853
1948.164 19.674
2024.560 18.620
2100.958 17.672
2177.356 16.944
2253.741 16.338
2329.842 15.775
2405.942 15.257
2482.043 15.019
2558.443 14.789
2635.264 14.567
2712.085 14.392
2788.906 14.285
2866.076 14.179
2943.342 14.076
3020.608 13.849
3097.633 13.591
3173.330 13.345
3249.027 13.089
3324.723 12.724
3400.796 12.380
3477.211 12.055
3553.626 11.803
3630.041 11.616
3707.285 11.437
3784.630 11.263
3861.975 10.995
3938.883 10.725
4014.556 10.468
4090.230 10.340
4165.903 10.599
4165.210 10.869
4119.797 11.149
4074.383 11.524
4028.970 11.978
