514.531 0.099
599.365 0.117
684.664 0.136
770.355 0.156
856.046 0.177
941.144 0.200
1024.449 0.225
1107.754 0.252
1191.059 0.282
1275.065 0.314
1359.104 0.350
1443.144 0.410
1528.304 0.475
1614.045 0.544
1699.785 0.609
1784.654 0.675
1867.999 0.744
1951.344 0.809
2034.704 0.871
2118.271 0.935
2201.837 0.997
2285.404 1.051
2370.729 1.106
2456.568 1.162
2542.407 1.217
2626.970 1.273
2710.143 1.330
2793.316 1.402
2876.591 1.484
2960.318 1.567
3044.044 1.659
3127.771 1.766
3213.379 1.876
3299.223 1.991
3385.067 2.152
3469.292 2.318
3552.409 2.490
3635.525 2.668
3718.773 2.851
3802.330 3.041
3885.887 3.181
3969.362 3.257
4030.764 3.332
4092.166 3.386
4153.569 3.337
4108.811 3.284
4020.426 3.227
3932.040 3.166
3845.514 3.103
3761.623 3.037
3677.731 2.974
3593.620 2.913
3507.882 2.851
3422.144 2.790
3336.406 2.734
3252.362 2.678
3168.680 2.620
3084.998 2.571
3001.218 2.521
2917.350 2.470
2833.482 2.420
2749.270 2.371
2663.930 2.321
2578.590 2.264
2493.250 2.197
2409.189 2.130
2325.210 2.060
2241.231 1.966
2156.974 1.871
2072.562 1.776
1988.150 1.699
1903.633 1.627
1818.919 1.555
1734.206 1.476
1649.520 1.392
1565.317 1.309
1481.115 1.218
1396.913 1.100
1312.682 0.983
1228.442 0.868
1144.202 0.805
1060.348 0.746
976.942 0.688
893.536 0.663
831.581 0.657
875.224 0.651
918.867 0.673
962.509 0.750
1041.780 0.828
1126.195 0.907
1210.609 1.009
1294.843 1.112
1378.947 1.216
1463.050 1.321
1547.398 1.428
1632.364 1.537
1717.329 1.672
1802.295 1.842
1886.301 2.016
1970.296 2.181
2054.291 2.273
2137.931 2.366
2221.415 2.461
2304.899 2.542
2389.018 2.623
2474.091 2.705
2559.165 2.775
2644.187 2.835
2728.762 2.897
2813.336 2.969
2897.911 3.068
2981.837 3.169
3065.611 3.271
3149.385 3.402
3233.800 3.535
3318.822 3.671
3403.844 3.825
3488.724 3.989
3573.096 4.156
3657.468 4.330
3741.839 4.513
3825.563 4.699
3909.233 4.873
3992.903 4.871
4050.435 4.867
4092.547 4.863
4134.658 4.771
4132.989 4.654
4044.005 4.535
3955.022 4.416
3866.193 4.298
3781.197 4.178
3696.201 4.058
3611.205 3.942
3527.509 3.826
3444.261 3.708
3361.012 3.622
3277.028 3.538
3192.140 3.454
3107.252 3.378
3022.384 3.308
2937.623 3.237
2852.863 3.165
2768.102 3.091
2684.687 3.017
2601.493 2.942
2518.299 2.842
2433.736 2.742
2348.116 2.642
2262.495 2.521
2177.254 2.392
2093.042 2.264
2008.831 2.147
1924.619 2.047
1841.472 1.948
1758.353 1.844
1675.234 1.717
1590.015 1.590
1503.803 1.465
1417.592 1.360
1332.485 1.260
1249.149 1.161
1165.814 1.074
1082.463 0.998
998.958 0.922
915.453 0.868
831.948 0.879
871.904 0.890
943.877 0.901
1015.850 1.011
1094.234 1.127
1179.051 1.244
1263.868 1.380
1348.441 1.527
1432.064 1.674
1515.687 1.815
1599.310 1.941
1684.464 2.069
1769.771 2.200
1855.078 2.363
1939.475 2.528
2023.301 2.695
2107.126 2.881
2190.946 3.076
2274.752 3.274
2358.559 3.390
2442.393 3.417
2527.320 3.444
2612.248 3.474
2697.176 3.518
2781.693 3.563
2866.058 3.607
2950.423 3.726
3034.590 3.856
3118.497 3.987
3202.405 4.122
3286.481 4.260
3371.592 4.400
3456.704 4.551
3541.815 4.724
3626.400 4.899
3710.887 5.077
3795.375 5.265
3879.285 5.456
3962.722 5.649
4046.159 5.651
4106.546 5.573
4099.301 5.494
4092.056 5.381
4084.811 5.222
4002.994 5.062
3918.005 4.903
3833.016 4.762
3747.562 4.620
3661.874 4.477
3576.185 4.357
3491.122 4.241
3407.127 4.124
3323.132 4.021
3239.191 3.929
3155.931 3.838
3072.671 3.748
2989.410 3.666
2904.374 3.583
2818.833 3.500
2733.293 3.415
2648.554 3.330
2564.667 3.245
2480.780 3.132
2396.973 3.005
2313.505 2.878
2230.038 2.748
2146.570 2.613
2061.020 2.478
1975.223 2.343
1889.426 2.221
1804.956 2.098
1721.373 1.976
1637.790 1.871
1553.864 1.771
1469.153 1.672
1384.442 1.558
1299.734 1.428
1215.412 1.299
1131.089 1.182
1046.767 1.116
988.234 1.051
940.017 0.986
891.800 1.029
901.256 1.089
990.584 1.148
1079.911 1.254
1168.569 1.393
1252.510 1.533
1336.451 1.679
1420.392 1.837
1503.866 1.995
1587.244 2.155
1670.622 2.300
1755.167 2.446
1840.728 2.592
1926.290 2.759
2011.415 2.934
2095.153 3.111
2178.891 3.291
2262.630 3.476
2346.175 3.663
2429.708 3.834
2513.241 3.859
2598.037 3.884
2683.513 3.910
2768.990 3.962
2853.870 4.022
2937.662 4.081
3021.455 4.180
3105.251 4.315
3189.110 4.452
3272.968 4.590
3356.827 4.730
3441.713 4.872
3526.916 5.015
3612.120 5.193
3696.940 5.375
3781.326 5.559
3865.712 5.738
3949.951 5.915
4033.496 6.094
4117.042 6.160
4200.587 5.998
4154.551 5.832
4090.746 5.662
4026.941 5.510
3950.344 5.358
3864.651 5.206
3778.957 5.055
3693.824 4.903
3610.067 4.752
3526.310 4.614
3442.553 4.495
3356.978 4.375
3271.393 4.260
3185.808 4.173
3101.871 4.085
3018.641 3.997
2935.412 3.910
2851.929 3.823
2768.076 3.736
2684.222 3.640
2600.168 3.538
2514.481 3.435
2428.795 3.322
2343.109 3.180
2259.406 3.039
2176.156 2.897
2092.905 2.741
2008.791 2.585
1923.880 2.428
1838.969 2.327
1754.228 2.252
1670.078 2.178
1585.927 2.072
1501.777 1.917
1418.274 1.762
1334.821 1.610
1251.367 1.490
1166.750 1.369
1081.462 1.250
996.173 1.193
945.535 1.153
962.300 1.112
979.066 1.147
998.883 1.257
1084.176 1.367
1169.469 1.490
1254.762 1.664
1339.253 1.839
1423.477 2.014
1507.700 2.170
1591.956 2.325
1676.250 2.481
1760.544 2.652
1845.046 2.832
1930.643 3.013
2016.240 3.191
2101.837 3.360
2185.533 3.531
2268.933 3.702
2352.332 3.835
2435.924 3.968
2519.663 4.103
2603.401 4.184
2687.693 4.246
2773.450 4.307
2859.207 4.404
2944.964 4.545
3028.363 4.688
3111.713 4.822
3195.062 4.893
3278.562 4.964
3362.131 5.036
3445.700 5.188
3530.149 5.355
3615.979 5.524
3701.809 5.702
3787.402 5.888
3870.728 6.076
3954.054 6.227
4037.381 6.268
4082.317 6.310
4117.633 6.352
4152.950 6.196
4126.633 6.030
4039.816 5.863
3952.999 5.686
3866.739 5.502
3782.579 5.318
3698.419 5.148
3614.259 5.001
3529.548 4.854
3444.785 4.710
3360.022 4.601
3275.212 4.491
3190.374 4.381
3105.536 4.295
3021.172 4.215
2937.797 4.136
2854.421 4.048
2770.993 3.952
2685.863 3.856
2600.733 3.755
2515.602 3.630
2431.091 3.505
2346.804 3.381
2262.517 3.202
2178.759 3.018
2095.676 2.834
2012.592 2.703
1929.089 2.606
1843.109 2.510
1757.128 2.411
1671.147 2.304
1587.070 2.197
1503.329 2.090
1419.589 1.930
1336.111 1.770
1252.843 1.611
1169.576 1.493
1087.641 1.392
1009.504 1.291
931.367 1.239
853.229 1.253
934.589 1.268
1021.775 1.301
1108.962 1.465
1194.434 1.629
1279.060 1.793
1363.686 1.980
1448.325 2.172
1532.984 2.366
1617.644 2.533
1702.264 2.676
1786.441 2.820
1870.617 2.978
1954.794 3.182
2038.974 3.388
2123.155 3.594
2207.336 3.768
2291.357 3.941
2375.211 4.115
2459.065 4.235
2543.073 4.326
2627.720 4.417
2712.368 4.496
2797.016 4.554
2882.104 4.613
2967.241 4.675
3052.379 4.804
3136.471 4.934
3219.879 5.064
3303.288 5.240
3386.942 5.430
3471.142 5.622
3555.342 5.788
3639.557 5.926
3724.781 6.065
3810.006 6.216
3895.230 6.424
3979.129 6.633
4062.512 6.843
4145.895 6.763
4172.591 6.643
4122.551 6.521
4072.511 6.353
4017.799 6.152
3931.785 5.949
3845.772 5.753
3759.758 5.577
3675.135 5.401
3590.786 5.225
3506.438 5.100
3422.142 4.975
3337.890 4.850
3253.638 4.737
3169.304 4.628
3084.715 4.520
3000.127 4.422
2915.538 4.339
2831.166 4.256
2746.806 4.169
2662.446 4.055
2578.345 3.940
2494.381 3.826
2410.416 3.663
2326.330 3.489
2242.029 3.315
2157.728 3.168
2073.435 3.046
1989.261 2.925
1905.087 2.804
1820.913 2.686
1736.660 2.567
1652.385 2.449
1568.110 2.312
1484.271 2.174
1400.914 2.036
1317.557 1.886
1233.843 1.729
1148.498 1.573
1063.153 1.449
977.808 1.389
936.243 1.328
900.369 1.270
864.494 1.256
849.716 1.241
849.601 1.226
849.486 1.216
849.456 1.206
849.633 1.197
849.810 1.188
849.986 1.180
