2.560 5.824
2.835 5.989
3.111 6.154
3.386 6.372
3.662 6.599
3.937 6.826
4.213 7.060
4.488 7.321
4.763 7.581
5.039 7.841
5.314 8.085
5.590 8.316
5.865 8.548
6.141 8.779
6.416 8.936
6.691 9.089
6.967 9.242
7.242 9.395
7.518 9.548
7.793 9.701
8.069 9.854
8.344 10.074
8.619 10.327
8.895 10.579
9.170 10.834
9.446 11.139
9.721 11.445
9.997 11.751
10.272 12.081
10.547 12.445
10.823 12.808
11.098 13.172
11.374 13.457
11.649 13.722
11.925 13.986
12.200 14.220
12.476 14.295
12.751 14.369
13.026 14.443
13.302 14.496
13.577 14.529
13.853 14.562
14.128 14.595
14.404 14.613
14.679 14.630
14.954 14.646
15.230 14.666
15.505 14.695
15.781 14.724
16.056 14.753
16.332 14.777
16.607 14.797
16.882 14.818
17.158 14.839
17.433 14.859
17.709 14.880
17.984 14.901
18.260 14.912
18.535 14.908
18.810 14.904
19.086 14.900
19.361 14.855
19.637 14.798
19.912 14.740
20.188 14.677
20.463 14.578
20.738 14.479
21.014 14.380
21.289 14.268
21.565 14.144
21.840 14.020
22.116 13.897
22.391 13.787
22.666 13.679
22.942 13.572
23.217 13.503
23.493 13.569
23.768 13.635
24.044 13.701
24.319 13.821
24.594 13.978
24.870 14.135
25.145 14.292
25.421 14.525
25.696 14.760
25.972 14.996
26.247 15.204
26.522 15.357
26.798 15.510
27.073 15.663
27.349 15.830
27.624 16.004
27.900 16.177
28.175 16.348
28.451 16.485
28.726 16.621
29.001 16.757
29.277 16.894
29.552 17.030
29.828 17.167
30.103 17.303
30.379 17.503
30.654 17.718
30.929 17.933
31.205 18.155
31.480 18.411
31.756 18.667
32.031 18.923
32.307 19.184
32.582 19.449
32.857 19.713
33.133 19.978
33.408 20.128
33.684 20.269
33.959 20.409
34.235 20.523
34.510 20.568
34.785 20.614
35.061 20.659
35.336 20.686
35.612 20.702
35.887 20.719
36.163 20.735
36.438 20.748
36.713 20.760
36.989 20.772
37.264 20.786
37.540 20.803
37.815 20.820
38.091 20.836
38.366 20.849
38.641 20.862
38.917 20.874
39.192 20.887
39.468 20.904
39.743 20.920
40.019 20.937
40.294 20.928
40.569 20.895
40.845 20.862
41.120 20.829
41.396 20.764
41.671 20.694
41.947 20.623
42.222 20.547
42.497 20.452
42.773 20.357
43.048 20.262
43.324 20.132
43.599 19.979
43.875 19.826
44.150 19.673
44.425 19.645
44.701 19.621
44.976 19.596
45.252 19.614
45.527 19.713
45.803 19.813
46.078 19.912
46.354 20.052
46.629 20.209
46.904 20.366
47.180 20.528
47.455 20.734
47.731 20.941
48.006 21.148
48.282 21.324
48.557 21.465
48.832 21.605
49.108 21.746
49.383 21.883
49.659 22.019
49.934 22.155
50.210 22.288
50.485 22.404
50.760 22.519
51.036 22.635
51.311 22.774
51.587 22.931
51.862 23.088
52.138 23.245
52.413 23.445
52.688 23.647
52.964 23.849
53.239 24.058
53.515 24.281
53.790 24.505
54.066 24.728
54.341 24.954
54.616 25.181
54.892 25.408
55.167 25.629
55.443 25.708
55.718 25.786
55.994 25.865
56.269 25.921
56.544 25.946
56.820 25.971
57.095 25.996
57.371 26.008
57.646 26.016
57.922 26.024
58.197 26.034
58.472 26.050
58.748 26.067
59.023 26.083
59.299 26.098
59.574 26.110
59.850 26.122
60.125 26.135
60.400 26.147
60.676 26.160
60.951 26.172
61.227 26.180
61.502 26.176
61.778 26.172
62.053 26.168
62.328 26.138
62.604 26.092
62.879 26.047
63.155 26.001
63.430 25.927
63.706 25.853
63.981 25.778
64.257 25.686
64.532 25.562
64.807 25.438
65.083 25.314
65.358 25.223
65.634 25.145
65.909 25.066
66.185 24.997
66.460 25.005
66.735 25.013
67.011 25.022
67.286 25.087
67.562 25.215
67.837 25.343
68.113 25.471
68.388 25.613
68.663 25.758
68.939 25.902
69.214 26.056
69.490 26.247
69.765 26.437
70.041 26.627
70.316 26.776
70.591 26.896
70.867 27.016
71.142 27.136
71.418 27.255
71.693 27.375
71.969 27.495
72.244 27.611
72.519 27.718
72.795 27.826
73.070 27.933
73.346 28.185
73.621 28.501
73.897 28.818
74.172 29.123
74.447 29.247
74.723 29.370
74.998 29.494
75.274 29.652
75.549 29.858
75.825 30.063
76.100 30.269
76.375 30.442
76.651 30.606
76.926 30.771
77.202 30.915
77.477 30.956
77.753 30.997
78.028 31.038
78.303 31.057
78.579 31.057
78.854 31.057
79.130 31.057
79.405 31.095
79.681 31.136
79.956 31.177
80.232 31.207
80.507 31.207
80.782 31.207
81.058 31.207
81.333 31.207
81.609 31.207
81.884 31.207
82.160 31.207
82.435 31.248
82.710 31.289
82.986 31.331
83.261 31.340
83.537 31.299
83.812 31.258
84.088 31.217
84.363 31.176
84.638 31.135
84.914 31.093
85.189 31.047
85.465 30.965
85.740 30.883
86.016 30.801
86.291 30.678
86.566 30.514
86.842 30.349
87.117 30.185
87.393 30.126
87.668 30.085
87.944 30.044
88.219 30.031
88.494 30.113
88.770 30.195
89.045 30.278
89.321 30.409
89.596 30.574
89.872 30.738
90.147 30.903
90.422 31.027
90.698 31.151
90.973 31.274
91.249 31.411
91.524 31.576
91.800 31.740
92.075 31.905
92.350 32.040
92.626 32.164
92.901 32.287
93.177 32.407
93.452 32.490
93.728 32.572
94.003 32.654
94.278 32.755
94.554 32.878
94.829 33.001
95.105 33.125
95.380 33.282
95.656 33.446
95.931 33.611
96.206 33.783
96.482 33.988
96.757 34.194
97.033 34.400
97.308 34.628
97.584 34.875
97.859 35.121
98.135 35.368
98.410 35.425
98.685 35.466
98.961 35.508
99.236 35.549
99.512 35.590
99.787 35.631
100.063 35.672
100.338 35.686
100.613 35.686
100.889 35.686
101.164 35.686
101.440 35.686
101.715 35.686
101.991 35.686
102.266 35.702
102.541 35.744
102.817 35.785
103.092 35.826
103.368 35.835
103.643 35.835
103.919 35.835
104.194 35.835
104.469 35.835
104.745 35.835
105.020 35.835
105.296 35.835
105.571 35.835
105.847 35.835
106.122 35.835
106.397 35.727
106.673 35.604
106.948 35.480
107.224 35.367
107.499 35.285
107.775 35.203
108.050 35.120
108.325 35.063
108.601 35.022
108.876 34.981
109.152 34.940
109.427 34.939
109.703 34.939
109.978 34.939
110.253 34.969
110.529 35.051
110.804 35.133
111.080 35.215
111.355 35.357
111.631 35.522
111.906 35.686
112.181 35.847
112.457 35.970
112.732 36.094
113.008 36.217
113.283 36.359
113.559 36.524
113.834 36.688
114.109 36.853
114.385 36.949
114.660 37.031
114.936 37.113
115.211 37.196
115.487 37.278
115.762 37.360
116.038 37.442
116.313 37.595
116.588 37.801
116.864 38.006
117.139 38.212
117.415 38.456
117.690 38.703
117.966 38.950
118.241 39.171
118.516 39.336
118.792 39.500
119.067 39.665
119.343 39.801
119.618 39.925
119.894 40.048
120.169 40.169
120.444 40.252
120.720 40.334
120.995 40.416
121.271 40.464
121.546 40.464
121.822 40.464
122.097 40.464
122.372 40.464
122.648 40.464
122.923 40.464
123.199 40.470
123.474 40.512
123.750 40.553
124.025 40.594
124.300 40.613
124.576 40.613
124.851 40.613
125.127 40.613
125.402 40.613
125.678 40.613
125.953 40.613
126.228 40.603
126.504 40.561
126.779 40.520
127.055 40.479
127.330 40.438
127.606 40.397
127.881 40.356
128.156 40.315
128.432 40.232
128.707 40.150
128.983 40.068
129.258 39.986
129.534 39.903
129.809 39.821
130.084 39.739
130.360 39.687
130.635 39.646
130.911 39.605
131.186 39.564
131.462 39.523
131.737 39.481
132.013 39.440
132.288 39.419
132.563 39.419
132.839 39.419
133.114 39.419
133.390 39.384
133.665 39.343
133.941 39.302
134.216 39.270
134.491 39.270
134.767 39.270
135.042 39.270
135.318 39.270
135.593 39.270
135.869 39.270
136.144 39.270
136.419 39.230
136.695 39.189
136.970 39.148
137.246 39.120
137.521 39.120
137.797 39.120
138.072 39.120
138.347 39.092
138.623 39.051
138.898 39.009
139.174 38.971
139.449 38.971
139.725 38.971
140.000 38.971
