2.156 14.298
2.445 14.433
2.733 14.567
3.022 14.701
3.310 14.868
3.599 15.063
3.887 15.257
4.176 15.452
4.465 15.647
4.753 15.842
5.042 16.037
5.330 16.216
5.619 16.385
5.908 16.554
6.196 16.717
6.485 16.847
6.773 16.977
7.062 17.107
7.350 17.234
7.639 17.359
7.928 17.485
8.216 17.621
8.505 17.799
8.793 17.976
9.082 18.154
9.370 18.399
9.659 18.667
9.948 18.936
10.236 19.208
10.525 19.489
10.813 19.771
11.102 20.052
11.390 20.348
11.679 20.646
11.968 20.945
12.256 21.173
12.545 21.268
12.833 21.364
13.122 21.459
13.411 21.531
13.699 21.601
13.988 21.670
14.276 21.719
14.565 21.741
14.853 21.763
15.142 21.784
15.431 21.785
15.719 21.785
16.008 21.785
16.296 21.802
16.585 21.837
16.873 21.871
17.162 21.906
17.451 21.954
17.739 22.002
18.028 22.049
18.316 22.097
18.605 22.144
18.893 22.192
19.182 22.237
19.471 22.259
19.759 22.281
20.048 22.302
20.336 22.305
20.625 22.296
20.914 22.288
21.202 22.272
21.491 22.220
21.779 22.168
22.068 22.116
22.356 22.055
22.645 21.990
22.934 21.925
23.222 21.865
23.511 21.822
23.799 21.779
24.088 21.735
24.376 21.748
24.665 21.779
24.954 21.809
25.242 21.863
25.531 21.971
25.819 22.079
26.108 22.187
26.396 22.317
26.685 22.451
26.974 22.586
27.262 22.731
27.551 22.896
27.839 23.060
28.128 23.225
28.417 23.330
28.705 23.430
28.994 23.530
29.282 23.633
29.571 23.741
29.859 23.850
30.148 23.958
30.437 24.062
30.725 24.166
31.014 24.270
31.302 24.395
31.591 24.543
31.879 24.690
32.168 24.840
32.457 25.056
32.745 25.273
33.034 25.489
33.322 25.711
33.611 25.936
33.899 26.161
34.188 26.387
34.477 26.616
34.765 26.846
35.054 27.075
35.342 27.218
35.631 27.313
35.920 27.409
36.208 27.498
36.497 27.563
36.785 27.628
37.074 27.693
37.362 27.705
37.651 27.697
37.940 27.688
38.228 27.687
38.517 27.709
38.805 27.730
39.094 27.752
39.382 27.787
39.671 27.826
39.960 27.865
40.248 27.906
40.537 27.949
40.825 27.992
41.114 28.035
41.402 28.071
41.691 28.106
41.980 28.141
42.268 28.170
42.557 28.192
42.845 28.213
43.134 28.235
43.423 28.225
43.711 28.212
44.000 28.199
44.288 28.172
44.577 28.129
44.865 28.085
45.154 28.042
45.443 27.986
45.731 27.930
46.020 27.873
46.308 27.838
46.597 27.820
46.885 27.803
47.174 27.788
47.463 27.814
47.751 27.840
48.040 27.866
48.328 27.934
48.617 28.029
48.905 28.124
49.194 28.241
49.483 28.504
49.771 28.766
50.060 29.029
50.348 29.145
50.637 29.188
50.926 29.231
51.214 29.283
51.503 29.369
51.791 29.455
52.080 29.541
52.368 29.628
52.657 29.714
52.946 29.800
53.234 29.886
53.523 29.972
53.811 30.058
54.100 30.145
54.388 30.266
54.677 30.395
54.966 30.524
55.254 30.683
55.543 30.898
55.831 31.114
56.120 31.329
56.409 31.544
56.697 31.760
56.986 31.975
57.274 32.191
57.563 32.406
57.851 32.622
58.140 32.837
58.429 32.930
58.717 33.017
59.006 33.103
59.294 33.168
59.583 33.211
59.871 33.255
60.160 33.296
60.449 33.253
60.737 33.210
61.026 33.167
61.314 33.171
61.603 33.214
61.891 33.258
62.180 33.301
62.469 33.344
62.757 33.387
63.046 33.430
63.334 33.473
63.623 33.516
63.912 33.559
64.200 33.602
64.489 33.645
64.777 33.688
65.066 33.731
65.354 33.745
65.643 33.745
65.932 33.745
66.220 33.745
66.509 33.745
66.797 33.745
67.086 33.745
67.374 33.680
67.663 33.594
67.952 33.507
68.240 33.446
68.529 33.446
68.817 33.446
69.106 33.446
69.394 33.411
69.683 33.368
69.972 33.325
70.260 33.313
70.549 33.356
70.837 33.399
71.126 33.442
71.415 33.524
71.703 33.610
71.992 33.696
72.280 33.782
72.569 33.868
72.857 33.954
73.146 34.041
73.435 34.168
73.723 34.298
74.012 34.427
74.300 34.556
74.589 34.685
74.877 34.815
75.166 34.942
75.455 35.029
75.743 35.115
76.032 35.201
76.320 35.263
76.609 35.306
76.897 35.349
77.186 35.401
77.475 35.530
77.763 35.659
78.052 35.789
78.340 35.945
78.629 36.118
78.918 36.290
79.206 36.478
79.495 36.736
79.783 36.995
80.072 37.253
80.360 37.451
80.649 37.623
80.938 37.795
81.226 37.957
81.515 38.086
81.803 38.216
82.092 38.345
82.380 38.374
82.669 38.374
82.958 38.374
83.246 38.374
83.535 38.374
83.823 38.374
84.112 38.374
84.400 38.410
84.689 38.453
84.978 38.496
85.266 38.539
85.555 38.583
85.843 38.626
86.132 38.669
86.421 38.712
86.709 38.755
86.998 38.798
87.286 38.822
87.575 38.822
87.863 38.822
88.152 38.822
88.441 38.864
88.729 38.907
89.018 38.950
89.306 38.949
89.595 38.905
89.883 38.862
90.172 38.819
90.461 38.776
90.749 38.733
91.038 38.690
91.326 38.647
91.615 38.604
91.903 38.561
92.192 38.523
92.481 38.523
92.769 38.523
93.058 38.523
93.346 38.580
93.635 38.666
93.924 38.752
94.212 38.830
94.501 38.873
94.789 38.916
95.078 38.959
95.366 39.065
95.655 39.194
95.944 39.324
96.232 39.442
96.521 39.528
96.809 39.614
97.098 39.700
97.386 39.786
97.675 39.873
97.964 39.959
98.252 40.045
98.541 40.131
98.829 40.217
99.118 40.303
99.407 40.390
99.695 40.476
99.984 40.562
100.272 40.665
100.561 40.795
100.849 40.924
101.138 41.053
101.427 41.223
101.715 41.395
102.004 41.568
102.292 41.760
102.581 41.976
102.869 42.191
103.158 42.406
103.447 42.535
103.735 42.665
104.024 42.794
104.312 42.876
104.601 42.920
104.889 42.963
105.178 43.002
105.467 43.002
105.755 43.002
106.044 43.002
106.332 43.002
106.621 43.002
106.910 43.002
107.198 43.009
107.487 43.052
107.775 43.095
108.064 43.138
108.352 43.181
108.641 43.224
108.930 43.267
109.218 43.301
109.507 43.301
109.795 43.301
110.084 43.301
110.372 43.333
110.661 43.376
110.950 43.420
111.238 43.450
111.527 43.450
111.815 43.450
112.104 43.450
112.392 43.415
112.681 43.372
112.970 43.329
113.258 43.301
113.547 43.301
113.835 43.301
114.124 43.301
114.413 43.263
114.701 43.220
114.990 43.177
115.278 43.152
115.567 43.152
115.855 43.152
116.144 43.152
116.433 43.234
116.721 43.321
117.010 43.407
117.298 43.493
117.587 43.579
117.875 43.665
118.164 43.751
118.453 43.838
118.741 43.924
119.030 44.010
119.318 44.096
119.607 44.182
119.895 44.268
120.184 44.355
120.473 44.441
120.761 44.527
121.050 44.613
121.338 44.672
121.627 44.715
121.916 44.758
122.204 44.816
122.493 44.945
122.781 45.074
123.070 45.204
123.358 45.333
123.647 45.462
123.936 45.591
124.224 45.741
124.513 45.956
124.801 46.172
125.090 46.387
125.378 46.570
125.667 46.742
125.956 46.914
126.244 47.060
126.533 47.146
126.821 47.233
127.110 47.319
127.398 47.369
127.687 47.412
127.976 47.455
128.264 47.466
128.553 47.423
128.841 47.380
129.130 47.336
129.419 47.372
129.707 47.415
129.996 47.458
130.284 47.501
130.573 47.544
130.861 47.587
131.150 47.630
131.439 47.631
131.727 47.631
132.016 47.631
132.304 47.653
132.593 47.696
132.881 47.739
133.170 47.780
133.459 47.780
133.747 47.780
134.036 47.780
134.324 47.780
134.613 47.780
134.901 47.780
135.190 47.775
135.479 47.732
135.767 47.689
136.056 47.646
136.344 47.631
136.633 47.631
136.922 47.631
137.210 47.623
137.499 47.580
137.787 47.537
138.076 47.494
138.364 47.482
138.653 47.482
138.942 47.482
139.230 47.482
139.519 47.482
139.807 47.482
140.096 47.482
140.384 47.482
140.673 47.482
140.962 47.482
141.250 47.482
141.539 47.482
141.827 47.482
142.116 47.482
142.404 47.482
142.693 47.482
142.982 47.482
143.270 47.482
143.559 47.482
143.847 47.482
144.136 47.482
144.425 47.482
144.713 47.482
145.002 47.482
145.290 47.482
145.579 47.482
145.867 47.482
146.156 47.482
