2.357 4.186
2.673 4.210
2.989 4.233
3.305 4.257
3.621 4.293
3.937 4.331
4.253 4.369
4.568 4.406
4.884 4.444
5.200 4.482
5.516 4.523
5.832 4.565
6.148 4.608
6.464 4.654
6.780 4.706
7.096 4.758
7.412 4.812
7.728 4.873
8.044 4.935
8.359 4.997
8.675 5.130
8.991 5.263
9.307 5.395
9.623 5.572
9.939 5.757
10.255 5.942
10.571 6.149
10.887 6.367
11.203 6.585
11.519 6.762
11.835 6.899
12.150 7.037
12.466 7.197
12.782 7.401
13.098 7.605
13.414 7.806
13.730 7.996
14.046 8.185
14.362 8.375
14.678 8.560
14.994 8.745
15.310 8.929
15.626 9.126
15.941 9.325
16.257 9.525
16.573 9.737
16.889 9.955
17.205 10.173
17.521 10.410
17.837 10.666
18.153 10.922
18.469 11.192
18.785 11.486
19.101 11.779
19.417 12.072
19.732 12.362
20.048 12.651
20.364 12.937
20.680 13.122
20.996 13.307
21.312 13.492
21.628 13.636
21.944 13.774
22.260 13.911
22.576 14.032
22.892 14.146
23.208 14.260
23.523 14.361
23.839 14.451
24.155 14.541
24.471 14.626
24.787 14.702
25.103 14.778
25.419 14.850
25.735 14.907
26.051 14.963
26.367 15.020
26.683 15.058
26.999 15.096
27.315 15.134
27.630 15.147
27.946 15.156
28.262 15.166
28.578 15.162
28.894 15.153
29.210 15.143
29.526 15.121
29.842 15.088
30.158 15.055
30.474 14.995
30.790 14.891
31.106 14.787
31.421 14.692
31.737 14.635
32.053 14.578
32.369 14.523
32.685 14.504
33.001 14.485
33.317 14.466
33.633 14.451
33.949 14.437
34.265 14.423
34.581 14.432
34.897 14.451
35.212 14.470
35.528 14.535
35.844 14.639
36.160 14.744
36.476 14.860
36.792 14.998
37.108 15.135
37.424 15.271
37.740 15.399
38.056 15.527
38.372 15.657
38.688 15.842
39.003 16.027
39.319 16.212
39.635 16.342
39.951 16.466
40.267 16.589
40.583 16.726
40.899 16.868
41.215 17.010
41.531 17.158
41.847 17.309
42.163 17.461
42.479 17.614
42.794 17.771
43.110 17.927
43.426 18.088
43.742 18.263
44.058 18.439
44.374 18.616
44.690 18.824
45.006 19.033
45.322 19.241
45.638 19.467
45.954 19.694
46.270 19.922
46.585 20.119
46.901 20.303
47.217 20.488
47.533 20.641
47.849 20.769
48.165 20.897
48.481 21.010
48.797 21.100
49.113 21.191
49.429 21.276
49.745 21.347
50.061 21.418
50.377 21.489
50.692 21.546
51.008 21.602
51.324 21.659
51.640 21.712
51.956 21.764
52.272 21.816
52.588 21.851
52.904 21.879
53.220 21.908
53.536 21.928
53.852 21.943
54.168 21.957
54.483 21.961
54.799 21.952
55.115 21.943
55.431 21.926
55.747 21.888
56.063 21.851
56.379 21.809
56.695 21.724
57.011 21.639
57.327 21.553
57.643 21.468
57.959 21.383
58.274 21.297
58.590 21.254
58.906 21.226
59.222 21.197
59.538 21.172
59.854 21.148
60.170 21.124
60.486 21.108
60.802 21.103
61.118 21.099
61.434 21.102
61.750 21.130
62.065 21.159
62.381 21.196
62.697 21.333
63.013 21.471
63.329 21.608
63.645 21.724
63.961 21.838
64.277 21.951
64.593 22.079
64.909 22.212
65.225 22.345
65.541 22.494
65.856 22.655
66.172 22.816
66.488 22.956
66.804 23.065
67.120 23.174
67.436 23.288
67.752 23.416
68.068 23.544
68.384 23.672
68.700 23.810
69.016 23.947
69.332 24.085
69.647 24.227
69.963 24.369
70.279 24.511
70.595 24.671
70.911 24.837
71.227 25.003
71.543 25.183
71.859 25.372
72.175 25.562
72.491 25.751
72.807 25.941
73.123 26.131
73.439 26.303
73.754 26.426
74.070 26.550
74.386 26.669
74.702 26.749
75.018 26.830
75.334 26.911
75.650 26.974
75.966 27.035
76.282 27.097
76.598 27.151
76.914 27.203
77.230 27.256
77.545 27.302
77.861 27.345
78.177 27.387
78.493 27.426
78.809 27.459
79.125 27.492
79.441 27.519
79.757 27.529
80.073 27.538
80.389 27.546
80.705 27.536
81.021 27.527
81.336 27.517
81.652 27.481
81.968 27.443
82.284 27.405
82.600 27.346
82.916 27.279
83.232 27.213
83.548 27.132
83.864 27.042
84.180 26.952
84.496 26.885
84.812 26.847
85.127 26.809
85.443 26.774
85.759 26.745
86.075 26.717
86.391 26.690
86.707 26.676
87.023 26.661
87.339 26.647
87.655 26.655
87.971 26.665
88.287 26.674
88.603 26.761
88.918 26.870
89.234 26.979
89.550 27.085
89.866 27.190
90.182 27.294
90.498 27.404
90.814 27.523
91.130 27.641
91.446 27.760
91.762 27.878
92.078 27.997
92.394 28.133
92.710 28.407
93.025 28.680
93.341 28.953
93.657 28.967
93.973 28.967
94.289 28.967
94.605 29.115
94.921 29.304
95.237 29.492
95.553 29.623
95.869 29.717
96.185 29.811
96.501 29.927
96.816 30.069
97.132 30.210
97.448 30.365
97.764 30.554
98.080 30.743
98.396 30.931
98.712 31.120
99.028 31.309
99.344 31.497
99.660 31.596
99.976 31.690
100.292 31.784
100.607 31.879
100.923 31.973
101.239 32.067
101.555 32.132
101.871 32.179
102.187 32.226
102.503 32.274
102.819 32.321
103.135 32.368
103.451 32.415
103.767 32.462
104.083 32.509
104.398 32.557
104.714 32.604
105.030 32.651
105.346 32.698
105.662 32.700
105.978 32.700
106.294 32.700
106.610 32.700
106.926 32.700
107.242 32.700
107.558 32.670
107.874 32.623
108.189 32.575
108.505 32.528
108.821 32.481
109.137 32.434
109.453 32.372
109.769 32.278
110.085 32.184
110.401 32.096
110.717 32.049
111.033 32.002
111.349 31.954
111.665 31.907
111.980 31.860
112.296 31.813
112.612 31.804
112.928 31.804
113.244 31.804
113.560 31.804
113.876 31.804
114.192 31.804
114.508 31.849
114.824 31.943
115.140 32.038
115.456 32.132
115.772 32.226
116.087 32.321
116.403 32.415
116.719 32.509
117.035 32.604
117.351 32.698
117.667 32.792
117.983 32.887
118.299 32.981
118.615 33.114
118.931 33.255
119.247 33.397
119.563 33.508
119.878 33.602
120.194 33.696
120.510 33.814
120.826 33.955
121.142 34.097
121.458 34.238
121.774 34.380
122.090 34.521
122.406 34.655
122.722 34.750
123.038 34.844
123.354 34.938
123.669 35.079
123.985 35.221
124.301 35.362
124.617 35.543
124.933 35.732
125.249 35.920
125.565 36.078
125.881 36.219
126.197 36.361
126.513 36.456
126.829 36.503
127.145 36.550
127.460 36.597
127.776 36.645
128.092 36.692
128.408 36.739
128.724 36.786
129.040 36.833
129.356 36.880
129.672 36.928
129.988 36.975
130.304 37.022
130.620 37.069
130.936 37.116
131.251 37.163
131.567 37.179
131.883 37.179
132.199 37.179
132.515 37.179
132.831 37.179
133.147 37.179
133.463 37.163
133.779 37.116
134.095 37.069
134.411 37.022
134.727 36.975
135.042 36.928
135.358 36.880
135.674 36.786
135.990 36.691
136.306 36.597
136.622 36.542
136.938 36.495
137.254 36.448
137.570 36.401
137.886 36.354
138.202 36.306
138.518 36.283
138.834 36.283
139.149 36.283
139.465 36.283
139.781 36.283
140.097 36.283
140.413 36.300
140.729 36.394
141.045 36.489
141.361 36.583
141.677 36.677
141.993 36.772
142.309 36.866
142.625 36.960
142.940 37.055
143.256 37.149
143.572 37.243
143.888 37.338
144.204 37.432
144.520 37.551
144.836 37.692
145.152 37.834
145.468 37.975
145.784 38.117
146.100 38.258
146.416 38.400
146.731 38.541
147.047 38.683
147.363 38.824
147.679 38.918
147.995 39.012
148.311 39.107
148.627 39.241
148.943 39.383
149.259 39.524
149.575 39.666
149.891 39.807
150.207 39.949
150.522 40.090
150.838 40.232
151.154 40.373
151.470 40.498
151.786 40.592
152.102 40.687
152.418 40.781
152.734 40.875
153.050 40.970
153.366 41.063
153.682 41.110
153.998 41.157
154.313 41.204
154.629 41.251
154.945 41.299
155.261 41.346
155.577 41.393
155.893 41.440
156.209 41.487
156.525 41.509
156.841 41.509
157.157 41.509
157.473 41.509
157.789 41.509
158.104 41.509
158.420 41.509
158.736 41.509
159.052 41.509
159.368 41.508
159.684 41.460
160.000 41.413
