2.357 22.845
2.655 22.845
2.953 22.845
3.251 22.845
3.549 22.845
3.846 22.845
4.144 22.845
4.442 22.858
4.740 22.902
5.038 22.947
5.336 22.991
5.634 22.994
5.932 22.994
6.229 22.994
6.527 23.020
6.825 23.064
7.123 23.109
7.421 23.153
7.719 23.198
8.017 23.242
8.315 23.287
8.613 23.369
8.910 23.458
9.208 23.547
9.506 23.658
9.804 23.792
10.102 23.925
10.400 24.059
10.698 24.192
10.996 24.326
11.293 24.459
11.591 24.627
11.889 24.805
12.187 24.983
12.485 25.161
12.783 25.339
13.081 25.517
13.379 25.692
13.677 25.825
13.974 25.959
14.272 26.092
14.570 26.225
14.868 26.359
15.166 26.492
15.464 26.626
15.762 26.759
16.060 26.893
16.357 27.026
16.655 27.159
16.953 27.293
17.251 27.426
17.549 27.588
17.847 27.766
18.145 27.944
18.443 28.122
18.740 28.300
19.038 28.478
19.336 28.656
19.634 28.875
19.932 29.098
20.230 29.320
20.528 29.466
20.826 29.555
21.124 29.644
21.421 29.733
21.719 29.822
22.017 29.911
22.315 30.000
22.613 30.089
22.911 30.178
23.209 30.266
23.507 30.355
23.804 30.444
24.102 30.533
24.400 30.616
24.698 30.660
24.996 30.705
25.294 30.749
25.592 30.794
25.890 30.838
26.188 30.883
26.485 30.927
26.783 30.972
27.081 31.016
27.379 31.061
27.677 31.105
27.975 31.150
28.273 31.194
28.571 31.207
28.868 31.207
29.166 31.207
29.464 31.207
29.762 31.207
30.060 31.207
30.358 31.206
30.656 31.073
30.954 30.939
31.252 30.806
31.549 30.759
31.847 30.759
32.145 30.759
32.443 30.784
32.741 30.873
33.039 30.962
33.337 31.051
33.635 31.182
33.932 31.315
34.230 31.449
34.528 31.556
34.826 31.645
35.124 31.734
35.422 31.833
35.720 31.966
36.018 32.100
36.316 32.233
36.613 32.328
36.911 32.417
37.209 32.506
37.507 32.595
37.805 32.684
38.103 32.773
38.401 32.862
38.699 32.951
38.996 33.040
39.294 33.129
39.592 33.253
39.890 33.387
40.188 33.520
40.486 33.653
40.784 33.787
41.082 33.920
41.380 34.054
41.677 34.187
41.975 34.321
42.273 34.454
42.571 34.587
42.869 34.721
43.167 34.854
43.465 34.972
43.763 35.061
44.060 35.150
44.358 35.238
44.656 35.283
44.954 35.327
45.252 35.372
45.550 35.416
45.848 35.461
46.146 35.505
46.444 35.550
46.741 35.594
47.039 35.639
47.337 35.683
47.635 35.728
47.933 35.772
48.231 35.817
48.529 35.835
48.827 35.835
49.124 35.835
49.422 35.845
49.720 35.890
50.018 35.934
50.316 35.979
50.614 35.985
50.912 35.985
51.210 35.985
51.507 35.962
51.805 35.918
52.103 35.873
52.401 35.816
52.699 35.682
52.997 35.549
53.295 35.415
53.593 35.387
53.891 35.387
54.188 35.387
54.486 35.426
54.784 35.515
55.082 35.604
55.380 35.693
55.678 35.782
55.976 35.871
56.274 35.960
56.571 36.049
56.869 36.138
57.167 36.227
57.465 36.332
57.763 36.465
58.061 36.599
58.359 36.732
58.657 36.821
58.955 36.910
59.252 36.999
59.550 37.088
59.848 37.177
60.146 37.266
60.444 37.354
60.742 37.443
61.040 37.532
61.338 37.621
61.635 37.752
61.933 37.885
62.231 38.019
62.529 38.152
62.827 38.286
63.125 38.419
63.423 38.562
63.721 38.740
64.019 38.918
64.316 39.096
64.614 39.197
64.912 39.286
65.210 39.375
65.508 39.441
65.806 39.486
66.104 39.530
66.402 39.575
66.699 39.619
66.997 39.664
67.295 39.708
67.593 39.753
67.891 39.797
68.189 39.842
68.487 39.886
68.785 39.931
69.083 39.975
69.380 40.016
69.678 40.016
69.976 40.016
70.274 40.016
70.572 40.048
70.870 40.093
71.168 40.137
71.466 40.165
71.763 40.165
72.061 40.165
72.359 40.165
72.657 40.165
72.955 40.165
73.253 40.165
73.551 40.137
73.849 40.092
74.147 40.048
74.444 39.977
74.742 39.844
75.040 39.710
75.338 39.577
75.636 39.610
75.934 39.654
76.232 39.699
76.530 39.769
76.827 39.858
77.125 39.947
77.423 40.036
77.721 40.125
78.019 40.214
78.317 40.303
78.615 40.392
78.913 40.481
79.210 40.570
79.508 40.659
79.806 40.748
80.104 40.837
80.402 40.925
80.700 41.014
80.998 41.103
81.296 41.192
81.594 41.246
81.891 41.290
82.189 41.335
82.487 41.399
82.785 41.488
83.083 41.577
83.381 41.669
83.679 41.803
83.977 41.936
84.274 42.070
84.572 42.171
84.870 42.260
85.168 42.349
85.466 42.438
85.764 42.527
86.062 42.616
86.360 42.705
86.658 42.794
86.955 42.883
87.253 42.971
87.551 43.031
87.849 43.076
88.147 43.120
88.445 43.165
88.743 43.209
89.041 43.254
89.338 43.298
89.636 43.343
89.934 43.387
90.232 43.432
90.530 43.476
90.828 43.521
91.126 43.565
91.424 43.600
91.722 43.600
92.019 43.600
92.317 43.600
92.615 43.600
92.913 43.600
93.211 43.600
93.509 43.600
93.807 43.600
94.105 43.600
94.402 43.600
94.700 43.600
94.998 43.600
95.296 43.600
95.594 43.529
95.892 43.440
96.190 43.351
96.488 43.282
96.786 43.237
97.083 43.193
97.381 43.152
97.679 43.152
97.977 43.152
98.275 43.152
98.573 43.216
98.871 43.305
99.169 43.394
99.466 43.483
99.764 43.572
100.062 43.661
100.360 43.750
100.658 43.839
100.956 43.928
101.254 44.017
101.552 44.106
101.850 44.195
102.147 44.284
102.445 44.373
102.743 44.462
103.041 44.551
103.339 44.639
103.637 44.687
103.935 44.731
104.233 44.776
104.530 44.846
104.828 44.935
105.126 45.024
105.424 45.113
105.722 45.202
106.020 45.291
106.318 45.380
106.616 45.507
106.913 45.641
107.211 45.774
107.509 45.885
107.807 45.974
108.105 46.063
108.403 46.152
108.701 46.241
108.999 46.330
109.297 46.419
109.594 46.437
109.892 46.437
110.190 46.437
110.488 46.456
110.786 46.501
111.084 46.545
111.382 46.590
111.680 46.634
111.977 46.679
112.275 46.723
112.573 46.768
112.871 46.812
113.169 46.857
113.467 46.885
113.765 46.885
114.063 46.885
114.361 46.885
114.658 46.930
114.956 46.974
115.254 47.019
115.552 47.034
115.850 47.034
116.148 47.034
116.446 47.007
116.744 46.918
117.041 46.830
117.339 46.741
117.637 46.693
117.935 46.649
118.233 46.604
118.531 46.534
118.829 46.445
119.127 46.356
119.425 46.297
119.722 46.342
120.020 46.386
120.318 46.431
120.616 46.553
120.914 46.686
121.212 46.820
121.510 46.930
121.808 47.019
122.105 47.108
122.403 47.197
122.701 47.286
122.999 47.375
123.297 47.464
123.595 47.517
123.893 47.562
124.191 47.606
124.489 47.670
124.786 47.759
125.084 47.848
125.382 47.937
125.680 48.026
125.978 48.115
126.276 48.204
126.574 48.261
126.872 48.305
127.169 48.350
127.467 48.411
127.765 48.500
128.063 48.589
128.361 48.678
128.659 48.812
128.957 48.945
129.255 49.078
129.553 49.153
129.850 49.198
130.148 49.242
130.446 49.300
130.744 49.389
131.042 49.478
131.340 49.567
131.638 49.572
131.936 49.572
132.233 49.572
132.531 49.598
132.829 49.643
133.127 49.687
133.425 49.732
133.723 49.776
134.021 49.821
134.319 49.865
134.617 49.871
134.914 49.871
135.212 49.871
135.510 49.871
135.808 49.871
136.106 49.871
136.404 49.878
136.702 49.922
137.000 49.967
137.297 50.011
137.595 49.985
137.893 49.940
138.191 49.896
138.489 49.871
138.787 49.871
139.085 49.871
139.383 49.863
139.680 49.774
139.978 49.685
140.276 49.596
140.574 49.507
140.872 49.418
141.170 49.329
141.468 49.274
141.766 49.274
142.064 49.274
142.361 49.274
142.659 49.274
142.957 49.274
143.255 49.274
143.553 49.274
143.851 49.274
144.149 49.274
144.447 49.260
144.744 49.216
145.042 49.171
145.340 49.127
145.638 49.124
145.936 49.124
146.234 49.124
146.532 49.124
146.830 49.124
147.128 49.124
147.425 49.124
147.723 49.124
148.021 49.124
148.319 49.124
148.617 49.124
148.915 49.124
149.213 49.124
149.511 49.124
149.808 49.124
150.106 49.124
150.404 49.124
150.702 49.124
151.000 49.124
