-20.252 -0.003
-13.572 -0.003
-6.892 -0.003
-0.213 -0.003
6.467 -0.003
13.147 -0.003
19.826 -0.003
26.506 -0.003
33.186 -0.004
44.524 -0.004
55.862 -0.004
67.200 -0.004
78.538 -0.004
89.876 -0.004
101.215 -0.004
112.553 -0.004
123.891 -0.004
135.229 -0.004
146.567 -0.004
157.905 -0.004
169.243 -0.004
180.581 -0.004
191.919 -0.004
203.258 -0.004
214.596 -0.004
225.934 -0.004
237.272 -0.004
248.610 -0.004
259.948 -0.004
271.286 -0.004
282.624 -0.004
293.963 -0.004
305.301 -0.004
316.639 -0.004
327.701 -0.005
338.763 -0.005
349.825 -0.005
360.887 -0.005
371.949 -0.005
383.012 -0.005
394.074 -0.005
405.136 -0.005
416.198 -0.005
427.260 -0.005
438.322 -0.005
449.384 -0.005
460.447 -0.005
471.509 -0.005
482.571 -0.005
493.633 -0.005
504.695 -0.005
515.757 -0.005
526.819 -0.005
537.882 -0.005
548.944 -0.005
560.006 -0.005
571.068 -0.005
582.130 -0.005
593.192 -0.005
604.291 -0.005
615.390 -0.006
626.489 -0.006
637.589 -0.006
648.688 -0.006
659.787 -0.006
670.886 -0.006
681.985 -0.006
693.084 -0.006
704.183 -0.006
715.282 -0.006
726.381 -0.006
737.480 -0.006
748.579 -0.006
759.678 -0.006
770.778 -0.006
781.877 -0.006
792.976 -0.006
804.075 -0.006
815.174 -0.007
826.273 -0.008
837.372 -0.009
848.471 -0.010
859.570 -0.011
870.669 -0.012
881.791 -0.013
892.912 -0.013
904.034 -0.014
915.155 -0.015
926.276 -0.016
937.398 -0.017
948.519 -0.018
959.641 -0.019
970.762 -0.020
981.884 -0.021
993.005 -0.021
1004.126 -0.022
1015.248 -0.023
1026.369 -0.024
1037.491 -0.025
1048.612 -0.026
1059.734 -0.027
1070.855 -0.028
1081.976 -0.029
1093.098 -0.029
1104.219 -0.029
1115.341 -0.029
1126.462 -0.030
1137.584 -0.030
1148.705 -0.030
1159.790 -0.031
1170.874 -0.031
1181.959 -0.031
1193.043 -0.032
1204.127 -0.032
1215.212 -0.032
1226.296 -0.033
1237.381 -0.033
1248.465 -0.033
1259.550 -0.033
1270.634 -0.034
1281.719 -0.034
1292.803 -0.034
1303.888 -0.035
1314.972 -0.035
1326.057 -0.035
1337.141 -0.036
1348.226 -0.036
1359.310 -0.036
1370.395 -0.036
1381.479 -0.037
1392.564 -0.037
1403.648 -0.037
1414.733 -0.037
1425.817 -0.038
1437.007 -0.038
1448.196 -0.038
1459.386 -0.038
1470.575 -0.038
1481.764 -0.039
1492.954 -0.039
1504.143 -0.039
1515.333 -0.039
1526.522 -0.040
1537.711 -0.040
1548.901 -0.040
1560.090 -0.040
1571.280 -0.040
1582.469 -0.041
1593.659 -0.041
1604.848 -0.041
1616.037 -0.041
1627.227 -0.041
1638.416 -0.042
1649.606 -0.045
1660.795 -0.049
1671.985 -0.052
1683.174 -0.056
1694.363 -0.060
1705.553 -0.063
1716.552 -0.067
1727.552 -0.070
1738.551 -0.073
1749.550 -0.077
1760.550 -0.080
1771.549 -0.084
1782.549 -0.087
1793.548 -0.090
1804.548 -0.094
1815.547 -0.097
1826.546 -0.100
1837.546 -0.104
1848.545 -0.107
1859.545 -0.110
1870.544 -0.113
1881.544 -0.116
1892.543 -0.119
1903.543 -0.123
1914.542 -0.126
1925.541 -0.125
1936.541 -0.124
1947.540 -0.124
1958.540 -0.123
1969.539 -0.122
1980.539 -0.122
1991.662 -0.121
2002.785 -0.121
2013.908 -0.120
2025.032 -0.119
2036.155 -0.119
2047.278 -0.118
2058.402 -0.117
2069.525 -0.117
2080.648 -0.116
2091.771 -0.116
2102.895 -0.115
2114.018 -0.114
2125.141 -0.114
2136.265 -0.113
2147.388 -0.112
2158.511 -0.112
2169.635 -0.111
2180.758 -0.111
2191.881 -0.110
2203.004 -0.112
2214.128 -0.114
2225.251 -0.117
2236.374 -0.119
2247.498 -0.121
2258.621 -0.123
2269.845 -0.125
2281.069 -0.127
2292.293 -0.129
2303.516 -0.132
2314.740 -0.134
2325.964 -0.136
2337.188 -0.138
2348.412 -0.140
2359.636 -0.142
2370.860 -0.144
2382.084 -0.146
2393.307 -0.148
2404.531 -0.150
2415.755 -0.152
2426.979 -0.154
2438.203 -0.155
2449.427 -0.157
2460.651 -0.159
2471.875 -0.161
2483.098 -0.164
2494.322 -0.168
2505.546 -0.171
2516.770 -0.174
2527.994 -0.177
2539.218 -0.180
2550.216 -0.183
2561.214 -0.186
2572.211 -0.189
2583.209 -0.192
2594.207 -0.195
2605.205 -0.198
2616.203 -0.201
2627.201 -0.203
2638.199 -0.206
2649.197 -0.209
2660.194 -0.211
2671.192 -0.214
2682.190 -0.217
2693.188 -0.219
2704.186 -0.221
2715.184 -0.224
2726.182 -0.226
2737.180 -0.229
2748.178 -0.231
2759.175 -0.233
2770.173 -0.235
2781.171 -0.238
2792.169 -0.240
2803.167 -0.242
2814.165 -0.244
2825.309 -0.246
2836.452 -0.248
2847.596 -0.249
2858.740 -0.251
2869.884 -0.253
2881.027 -0.255
2892.171 -0.257
2903.315 -0.258
2914.459 -0.260
2925.603 -0.261
2936.746 -0.263
2947.890 -0.264
2959.034 -0.266
2970.178 -0.267
2981.322 -0.268
2992.465 -0.270
3003.609 -0.271
3014.753 -0.272
3025.897 -0.273
3037.040 -0.275
3048.184 -0.276
3059.328 -0.277
3070.472 -0.279
3081.616 -0.280
3092.759 -0.281
3103.954 -0.282
3115.149 -0.283
3126.344 -0.284
3137.539 -0.285
3148.734 -0.286
3159.929 -0.287
3171.124 -0.287
3182.319 -0.288
3193.514 -0.288
3204.709 -0.289
3215.904 -0.289
3227.099 -0.289
3238.294 -0.289
3249.489 -0.290
3260.684 -0.290
3271.879 -0.290
3283.074 -0.289
3294.269 -0.289
3305.464 -0.289
3316.660 -0.288
3327.855 -0.287
3339.050 -0.286
3350.245 -0.284
3361.440 -0.283
3372.635 -0.282
3383.597 -0.281
3394.560 -0.280
3405.523 -0.279
3416.486 -0.277
3427.449 -0.276
3438.411 -0.275
3449.374 -0.274
3460.337 -0.272
3471.300 -0.271
3482.263 -0.270
3493.225 -0.268
3504.188 -0.267
3515.151 -0.265
3526.114 -0.264
3537.077 -0.262
3548.039 -0.261
3559.002 -0.260
3569.965 -0.258
3580.928 -0.257
3591.891 -0.255
3602.853 -0.253
3613.816 -0.252
3624.779 -0.250
3635.742 -0.248
3646.704 -0.247
3657.881 -0.245
3669.057 -0.243
3680.234 -0.242
3691.410 -0.240
3702.586 -0.238
3713.763 -0.237
3724.939 -0.235
3736.116 -0.233
3747.292 -0.232
3758.468 -0.230
3769.645 -0.228
3780.821 -0.227
3791.997 -0.225
3803.174 -0.223
3814.350 -0.221
3825.527 -0.220
3836.703 -0.218
3847.879 -0.216
3859.056 -0.215
3870.232 -0.213
3881.408 -0.211
3892.585 -0.209
3903.761 -0.208
3914.938 -0.206
3926.114 -0.204
3937.268 -0.202
3948.421 -0.201
3959.575 -0.199
3970.729 -0.197
3981.883 -0.195
3993.036 -0.193
4004.190 -0.191
4015.344 -0.189
4026.497 -0.187
4037.651 -0.185
4048.805 -0.183
4059.959 -0.181
4071.112 -0.179
4082.266 -0.177
4093.420 -0.175
4104.573 -0.173
4115.727 -0.171
4126.881 -0.169
4138.035 -0.167
4149.188 -0.165
4160.342 -0.163
4171.496 -0.160
4182.650 -0.158
4193.803 -0.155
4204.957 -0.153
4215.944 -0.151
4226.930 -0.148
4237.917 -0.146
4248.904 -0.143
4259.890 -0.141
4270.877 -0.138
4281.864 -0.135
4292.851 -0.133
4303.837 -0.130
4314.824 -0.127
4325.811 -0.125
4336.797 -0.122
4347.784 -0.119
4358.771 -0.116
4369.757 -0.113
4380.744 -0.110
4391.731 -0.107
4402.718 -0.104
4413.704 -0.102
4424.691 -0.099
4435.678 -0.096
4446.664 -0.093
4457.651 -0.090
4468.638 -0.087
4479.625 -0.084
4490.854 -0.081
4502.083 -0.078
4513.312 -0.075
4524.541 -0.072
4535.770 -0.069
4546.999 -0.066
4558.229 -0.062
4569.458 -0.059
4580.687 -0.056
4591.916 -0.053
4603.145 -0.050
4614.374 -0.046
4625.604 -0.043
4636.833 -0.040
4648.062 -0.036
4659.291 -0.033
4670.520 -0.030
4681.749 -0.026
4692.978 -0.023
4704.208 -0.018
4715.437 -0.014
4726.666 -0.009
4737.895 -0.004
4749.124 0.001
4760.353 0.006
4771.434 0.011
4782.514 0.016
4793.595 0.021
4804.675 0.026
4815.756 0.031
4826.836 0.036
4837.917 0.042
4848.997 0.047
4860.077 0.053
4871.158 0.058
4882.238 0.064
4893.319 0.070
4904.399 0.075
4915.480 0.081
4926.560 0.087
4937.641 0.093
4948.721 0.099
4959.802 0.105
4970.882 0.112
4981.962 0.117
4993.043 0.122
5004.123 0.127
5015.204 0.132
5026.284 0.138
5037.365 0.143
5048.520 0.148
5059.675 0.154
5070.831 0.159
5081.986 0.165
5093.141 0.170
5104.296 0.176
5115.452 0.181
5126.607 0.187
5137.762 0.192
5148.917 0.198
5160.073 0.204
5171.228 0.210
5182.383 0.215
5193.539 0.221
5204.694 0.227
5215.849 0.233
5227.004 0.239
5238.160 0.245
5249.315 0.251
5260.470 0.251
5271.625 0.251
5282.781 0.251
5293.936 0.251
5305.091 0.251
5316.246 0.251
5316.116 0.251
5315.986 0.251
5315.856 0.251
5315.726 0.251
5315.596 0.251
5315.466 0.251
5315.336 0.251
5315.206 0.251
5315.076 0.251
5314.946 0.251
5314.816 0.251
5314.686 0.251
5314.556 0.250
5314.425 0.250
5314.295 0.250
5314.165 0.250
5314.035 0.249
5313.905 0.249
5313.775 0.249
5313.645 0.249
5313.515 0.249
5313.385 0.250
5313.255 0.250
5313.125 0.250
5312.995 0.250
5301.793 0.250
5290.592 0.251
5279.390 0.251
5268.189 0.251
5256.987 0.251
5245.785 0.251
5234.584 0.252
5223.382 0.252
5212.181 0.252
5200.979 0.252
5189.778 0.252
5178.576 0.252
5167.375 0.252
5156.173 0.252
5144.972 0.252
5133.770 0.252
5122.569 0.252
5111.367 0.252
5100.166 0.252
5088.964 0.252
5077.763 0.252
5066.561 0.252
5055.360 0.252
5044.158 0.251
5032.957 0.251
5021.996 0.251
5011.035 0.251
5000.074 0.250
4989.113 0.250
4978.152 0.250
4967.191 0.249
4956.230 0.249
4945.269 0.249
4934.308 0.248
4923.347 0.248
4912.386 0.248
4901.425 0.247
4890.464 0.247
4879.503 0.246
4868.542 0.246
4857.582 0.245
4846.621 0.245
4835.660 0.244
4824.699 0.244
4813.738 0.244
4802.777 0.243
4791.816 0.243
4780.855 0.242
4769.894 0.242
4758.933 0.241
4747.593 0.241
4736.253 0.240
4724.912 0.240
4713.572 0.239
4702.232 0.239
4690.891 0.238
4679.551 0.238
4668.211 0.237
4656.870 0.236
4645.530 0.236
4634.190 0.235
4622.850 0.235
4611.509 0.234
4600.169 0.233
4588.829 0.233
4577.488 0.232
4566.148 0.231
4554.808 0.231
4543.468 0.230
4532.127 0.230
4520.787 0.230
4509.447 0.230
4498.106 0.230
4486.766 0.230
4475.426 0.230
4464.387 0.229
4453.349 0.229
4442.310 0.229
4431.272 0.229
4420.233 0.229
4409.195 0.229
4398.156 0.229
4387.117 0.229
4376.079 0.228
4365.040 0.228
4354.002 0.228
4342.963 0.228
4331.925 0.228
4320.886 0.227
4309.848 0.227
4298.809 0.227
4287.771 0.227
4276.732 0.226
4265.693 0.226
4254.655 0.226
4243.616 0.226
4232.578 0.226
4221.539 0.226
4210.501 0.226
4199.462 0.226
4188.508 0.226
4177.554 0.225
4166.600 0.225
4155.646 0.225
4144.692 0.225
4133.738 0.225
4122.783 0.225
4111.829 0.224
4100.875 0.224
4089.921 0.224
4078.967 0.224
4068.013 0.224
4057.059 0.223
4046.105 0.223
4035.151 0.223
4024.196 0.223
4013.242 0.222
4002.288 0.222
3991.334 0.222
3980.380 0.222
3969.426 0.222
3958.472 0.221
3947.518 0.221
3936.564 0.221
3925.610 0.221
3914.251 0.221
3902.893 0.220
3891.535 0.220
3880.176 0.220
3868.818 0.220
3857.460 0.219
3846.101 0.219
3834.743 0.219
3823.385 0.219
3812.027 0.218
3800.668 0.218
3789.310 0.218
3777.952 0.217
3766.593 0.217
3755.235 0.217
3743.877 0.216
3732.518 0.216
3721.160 0.216
3709.802 0.215
3698.444 0.215
3687.085 0.214
3675.727 0.214
3664.369 0.213
3653.010 0.212
3641.652 0.212
3630.661 0.211
3619.670 0.210
3608.679 0.209
3597.688 0.209
3586.697 0.208
3575.706 0.207
3564.715 0.207
3553.724 0.206
3542.733 0.205
3531.742 0.204
3520.751 0.204
3509.760 0.203
3498.768 0.202
3487.777 0.201
3476.786 0.201
3465.795 0.200
3454.804 0.199
3443.813 0.198
3432.822 0.197
3421.831 0.196
3410.840 0.194
3399.849 0.193
3388.858 0.191
3377.867 0.190
3366.876 0.188
3355.786 0.187
3344.697 0.185
3333.608 0.184
3322.518 0.182
3311.429 0.181
3300.339 0.179
3289.250 0.178
3278.160 0.176
3267.071 0.174
3255.981 0.173
3244.892 0.171
3233.802 0.170
3222.713 0.168
3211.624 0.167
3200.534 0.165
3189.445 0.163
3178.355 0.162
3167.266 0.160
3156.176 0.159
3145.087 0.156
3133.997 0.153
3122.908 0.150
3111.818 0.147
3100.729 0.145
3089.639 0.142
3078.422 0.139
3067.205 0.136
3055.987 0.133
3044.770 0.131
3033.553 0.128
3022.335 0.125
3011.118 0.122
2999.901 0.120
2988.683 0.117
2977.466 0.114
2966.249 0.112
2955.031 0.109
2943.814 0.106
2932.596 0.104
2921.379 0.101
2910.162 0.098
2898.944 0.096
2887.727 0.093
2876.510 0.090
2865.292 0.089
2854.075 0.088
2842.858 0.087
2831.640 0.086
2820.423 0.085
2809.206 0.084
2799.966 0.083
2790.727 0.082
2781.488 0.081
2772.249 0.080
2763.009 0.079
2753.770 0.078
2744.531 0.077
2735.292 0.076
2726.052 0.075
2716.813 0.074
2707.574 0.073
2698.335 0.072
2689.095 0.071
2679.856 0.070
2670.617 0.069
2661.378 0.068
2652.138 0.067
2642.899 0.066
2633.660 0.065
2624.421 0.066
2615.181 0.067
2605.942 0.068
2596.703 0.069
2587.464 0.070
2578.224 0.071
2589.625 0.072
2601.026 0.073
2612.427 0.074
2623.828 0.075
2635.228 0.076
2646.629 0.077
2658.030 0.078
2669.431 0.079
2680.832 0.080
2692.233 0.081
2703.633 0.082
2715.034 0.083
2726.435 0.085
2737.836 0.086
2749.237 0.087
2760.638 0.088
2772.038 0.089
2783.439 0.090
2794.840 0.091
2806.241 0.094
2817.642 0.096
2829.043 0.098
2840.443 0.101
2851.844 0.103
2863.245 0.106
2874.569 0.108
2885.892 0.111
2897.216 0.113
2908.539 0.116
2919.863 0.119
2931.186 0.121
2942.510 0.124
2953.833 0.127
2965.157 0.129
2976.480 0.132
2987.804 0.135
2999.127 0.138
3010.451 0.141
3021.774 0.143
3033.098 0.146
3044.421 0.149
3055.745 0.152
3067.068 0.155
3078.392 0.158
3089.716 0.161
3101.039 0.164
3112.363 0.166
3123.686 0.169
3135.010 0.172
3146.333 0.175
3157.589 0.178
3168.845 0.180
3180.102 0.183
3191.358 0.186
3202.614 0.189
3213.870 0.192
3225.126 0.195
3236.382 0.198
3247.639 0.201
3258.895 0.204
3270.151 0.207
3281.407 0.210
3292.663 0.213
3303.919 0.217
3315.176 0.220
3326.432 0.223
3337.688 0.226
3348.944 0.230
3360.200 0.233
3371.456 0.235
3382.713 0.238
3393.969 0.241
3405.225 0.244
3416.481 0.246
3427.737 0.249
3438.692 0.252
3449.647 0.255
3460.601 0.257
3471.556 0.260
3482.511 0.263
3493.466 0.266
3504.420 0.269
3515.375 0.272
3526.330 0.275
3537.285 0.278
3548.239 0.280
3559.194 0.283
3570.149 0.286
3581.103 0.289
3592.058 0.292
3603.013 0.295
3613.968 0.299
3624.922 0.302
3635.877 0.305
3646.832 0.307
3657.787 0.308
3668.741 0.310
3679.696 0.312
3690.651 0.314
3701.605 0.316
3712.675 0.317
3723.745 0.319
3734.814 0.321
3745.884 0.323
3756.953 0.325
3768.023 0.327
3779.093 0.329
3790.162 0.331
3801.232 0.332
3812.301 0.334
3823.371 0.336
3834.440 0.338
3845.510 0.340
3856.580 0.342
3867.649 0.344
3878.719 0.346
3889.788 0.348
3900.858 0.350
3911.928 0.352
3922.997 0.354
3934.067 0.357
3945.136 0.360
3956.206 0.362
3967.276 0.365
3978.345 0.368
3989.659 0.370
4000.972 0.373
4012.286 0.376
4023.600 0.378
4034.913 0.381
4046.227 0.384
4057.540 0.387
4068.854 0.390
4080.167 0.392
4091.481 0.395
4102.795 0.398
4114.108 0.401
4125.422 0.404
4136.735 0.407
4148.049 0.409
4159.363 0.412
4170.676 0.415
4181.990 0.418
4193.303 0.421
4204.617 0.423
4215.931 0.425
4227.244 0.427
4238.558 0.429
4249.871 0.431
4261.185 0.433
4272.134 0.435
4283.083 0.437
4294.031 0.439
4304.980 0.441
4315.929 0.443
4326.878 0.445
4337.827 0.447
4348.776 0.449
4359.724 0.451
4370.673 0.453
4381.622 0.455
4392.571 0.457
4403.520 0.459
4414.469 0.461
4425.417 0.463
4436.366 0.466
4447.315 0.468
4458.264 0.470
4469.213 0.472
4480.162 0.475
4491.110 0.479
4502.059 0.482
4513.008 0.486
4523.957 0.490
4534.906 0.493
4545.973 0.497
4557.041 0.500
4568.109 0.504
4579.177 0.508
4590.244 0.511
4601.312 0.515
4612.380 0.519
4623.448 0.523
4634.515 0.526
4645.583 0.530
4656.651 0.534
4667.718 0.537
4678.786 0.541
4689.854 0.545
4700.922 0.549
4711.989 0.553
4723.057 0.556
4734.125 0.560
4745.193 0.564
4756.260 0.569
4767.328 0.574
4778.396 0.580
4789.463 0.585
4800.531 0.590
4811.599 0.595
4822.875 0.600
4834.150 0.606
4845.426 0.611
4856.702 0.616
4867.977 0.622
4879.253 0.627
4890.529 0.632
4901.805 0.638
4913.080 0.643
4924.356 0.648
4935.632 0.654
4946.908 0.659
4958.183 0.665
4969.459 0.670
4980.735 0.676
4992.010 0.681
5003.286 0.687
5014.562 0.693
5025.838 0.698
5037.113 0.703
5048.389 0.707
5059.665 0.712
5070.940 0.717
5082.216 0.721
5093.492 0.726
5104.452 0.731
5115.413 0.735
5126.373 0.740
5137.333 0.745
5148.293 0.750
5159.254 0.754
5170.214 0.759
5181.174 0.764
5192.135 0.768
5203.095 0.773
5214.055 0.778
5225.016 0.783
5235.976 0.787
5246.936 0.792
5257.897 0.797
5268.857 0.802
5279.817 0.806
5290.778 0.811
5301.738 0.816
5312.698 0.813
5323.658 0.809
5334.619 0.806
5345.579 0.803
5356.539 0.800
5367.500 0.797
5363.932 0.794
5360.364 0.792
5356.796 0.790
5353.228 0.788
5349.660 0.785
5346.093 0.783
5342.525 0.781
5338.957 0.779
5335.389 0.776
5331.821 0.774
5328.253 0.772
5324.685 0.769
5321.118 0.767
5317.550 0.765
5313.982 0.762
5310.414 0.760
5306.846 0.757
5303.278 0.755
5299.710 0.753
5296.143 0.750
5292.575 0.747
5289.007 0.745
5285.439 0.742
5281.871 0.739
5278.303 0.737
5267.042 0.734
5255.782 0.732
5244.521 0.730
5233.260 0.728
5221.999 0.725
5210.738 0.723
5199.477 0.721
5188.217 0.718
5176.956 0.716
5165.695 0.713
5154.434 0.711
5143.173 0.709
5131.913 0.706
5120.652 0.704
5109.391 0.701
5098.130 0.699
5086.869 0.696
5075.608 0.694
5064.348 0.691
5053.087 0.689
5041.826 0.687
5030.565 0.684
5019.304 0.682
5008.044 0.680
4996.783 0.678
4985.695 0.676
4974.607 0.673
4963.519 0.671
4952.431 0.669
4941.343 0.666
4930.255 0.664
4919.167 0.662
4908.080 0.659
4896.992 0.657
4885.904 0.655
4874.816 0.652
4863.728 0.650
4852.640 0.647
4841.552 0.645
4830.464 0.643
4819.376 0.640
4808.288 0.638
4797.200 0.635
4786.113 0.633
4775.025 0.631
4763.937 0.629
4752.849 0.628
4741.761 0.626
4730.673 0.624
4719.585 0.623
4708.590 0.621
4697.594 0.619
4686.599 0.618
4675.604 0.616
4664.608 0.614
4653.613 0.612
4642.617 0.611
4631.622 0.609
4620.627 0.607
4609.631 0.605
4598.636 0.603
4587.640 0.602
4576.645 0.600
4565.650 0.598
4554.654 0.596
4543.659 0.594
4532.663 0.592
4521.668 0.591
4510.673 0.589
4499.677 0.587
4488.682 0.586
4477.686 0.585
4466.691 0.584
4455.696 0.582
4444.700 0.581
4433.426 0.580
4422.152 0.578
4410.878 0.577
4399.604 0.576
4388.329 0.575
4377.055 0.573
4365.781 0.572
4354.507 0.571
4343.233 0.569
4331.959 0.568
4320.684 0.567
4309.410 0.565
4298.136 0.564
4286.862 0.562
4275.588 0.561
4264.314 0.560
4253.039 0.558
4241.765 0.557
4230.491 0.556
4219.217 0.554
4207.943 0.553
4196.669 0.551
4185.394 0.550
4174.120 0.548
4162.846 0.547
4151.759 0.546
4140.671 0.544
4129.584 0.543
4118.497 0.541
4107.410 0.540
4096.322 0.538
4085.235 0.537
4074.148 0.535
4063.061 0.534
4051.973 0.532
4040.886 0.531
4029.799 0.529
4018.711 0.528
4007.624 0.526
3996.537 0.525
3985.450 0.523
3974.362 0.522
3963.275 0.520
3952.188 0.519
3941.100 0.517
3930.013 0.516
3918.926 0.514
3907.839 0.513
3896.751 0.511
3885.664 0.509
3874.679 0.508
3863.694 0.506
3852.709 0.505
3841.725 0.503
3830.740 0.501
3819.755 0.500
3808.770 0.498
3797.785 0.497
3786.800 0.495
3775.816 0.493
3764.831 0.492
3753.846 0.490
3742.861 0.489
3731.876 0.487
3720.891 0.485
3709.907 0.484
3698.922 0.482
3687.937 0.480
3676.952 0.479
3665.967 0.476
3654.982 0.473
3643.997 0.470
3633.013 0.467
3622.028 0.464
3611.043 0.462
3599.785 0.459
3588.528 0.456
3577.270 0.453
3566.012 0.450
3554.754 0.447
3543.497 0.444
3532.239 0.441
3520.981 0.438
3509.724 0.436
3498.466 0.433
3487.208 0.430
3475.950 0.427
3464.693 0.424
3453.435 0.421
3442.177 0.418
3430.920 0.415
3419.662 0.412
3408.404 0.409
3397.146 0.406
3385.889 0.401
3374.631 0.396
3363.373 0.391
3352.116 0.386
3340.858 0.381
3329.600 0.376
3318.459 0.370
3307.318 0.365
3296.177 0.360
3285.036 0.355
3273.895 0.350
3262.754 0.345
3251.613 0.340
3240.472 0.335
3229.331 0.329
3218.190 0.324
3207.049 0.319
3195.908 0.314
3184.767 0.309
3173.626 0.304
3162.485 0.299
3151.344 0.294
3140.203 0.289
3129.062 0.284
3117.921 0.278
3106.780 0.275
3095.639 0.271
3084.498 0.268
3073.357 0.264
3062.216 0.261
3051.075 0.257
3039.969 0.254
3028.863 0.250
3017.757 0.247
3006.650 0.243
2995.544 0.240
2984.438 0.236
2973.332 0.233
2962.226 0.229
2951.119 0.226
2940.013 0.222
2928.907 0.219
2917.801 0.215
2906.694 0.212
2895.588 0.208
2884.482 0.205
2873.376 0.201
2862.270 0.198
2851.163 0.194
2840.057 0.191
2828.951 0.189
2817.845 0.187
2806.738 0.184
2795.632 0.182
2784.526 0.180
2773.420 0.178
2768.725 0.176
2764.030 0.174
2759.336 0.172
2754.641 0.170
2749.946 0.168
2745.251 0.165
2740.557 0.163
2735.862 0.161
2731.167 0.159
2726.472 0.157
2721.778 0.155
2717.083 0.153
2712.388 0.151
2707.693 0.148
2702.999 0.146
2698.304 0.144
2693.609 0.142
2688.914 0.140
2684.220 0.138
2679.525 0.141
2674.830 0.145
2670.135 0.148
2665.441 0.152
2660.746 0.155
2656.051 0.159
2667.554 0.162
2679.057 0.166
2690.560 0.169
2702.063 0.173
2713.566 0.176
2725.069 0.180
2736.572 0.183
2748.075 0.187
2759.578 0.190
2771.081 0.194
2782.584 0.197
2794.087 0.201
2805.590 0.205
2817.093 0.208
2828.595 0.212
2840.098 0.215
2851.601 0.219
2863.104 0.223
2874.607 0.226
2886.110 0.231
2897.613 0.235
2909.116 0.240
2920.619 0.244
2932.122 0.249
2943.625 0.253
2954.783 0.258
2965.940 0.262
2977.097 0.267
2988.255 0.272
2999.412 0.276
3010.570 0.281
3021.727 0.286
3032.885 0.290
3044.042 0.295
3055.200 0.300
3066.357 0.304
3077.514 0.309
3088.672 0.314
3099.829 0.319
3110.987 0.324
3122.144 0.328
3133.302 0.333
3144.459 0.338
3155.617 0.343
3166.774 0.348
3177.931 0.352
3189.089 0.357
3200.246 0.361
3211.404 0.366
3222.561 0.371
3233.812 0.376
3245.062 0.380
3256.313 0.385
3267.563 0.390
3278.814 0.395
3290.065 0.399
3301.315 0.404
3312.566 0.409
3323.816 0.414
3335.067 0.419
3346.317 0.424
3357.568 0.428
3368.819 0.433
3380.069 0.438
3391.320 0.443
3402.570 0.448
3413.821 0.453
3425.071 0.458
3436.322 0.463
3447.573 0.467
3458.823 0.470
3470.074 0.474
3481.324 0.478
3492.575 0.481
3503.826 0.485
3514.813 0.489
3525.801 0.492
3536.788 0.496
3547.776 0.500
3558.764 0.504
3569.751 0.507
3580.739 0.511
3591.727 0.515
3602.714 0.519
3613.702 0.522
3624.689 0.526
3635.677 0.530
3646.665 0.534
3657.652 0.538
3668.640 0.542
3679.628 0.545
3690.615 0.549
3701.603 0.553
3712.591 0.557
3723.578 0.559
3734.566 0.561
3745.553 0.563
3756.541 0.565
3767.529 0.567
3778.516 0.569
3789.549 0.571
3800.581 0.574
3811.613 0.576
3822.646 0.578
3833.678 0.580
3844.710 0.582
3855.743 0.584
3866.775 0.586
3877.807 0.588
3888.840 0.590
3899.872 0.592
3910.904 0.594
3921.937 0.597
3932.969 0.599
3944.001 0.601
3955.034 0.603
3966.066 0.605
3977.098 0.607
3988.131 0.609
3999.163 0.611
4010.195 0.613
4021.228 0.615
4032.260 0.618
4043.292 0.620
4054.325 0.622
4065.645 0.624
4076.965 0.626
4088.285 0.628
4099.605 0.630
4110.925 0.632
4122.245 0.635
4133.566 0.637
4144.886 0.639
4156.206 0.641
4167.526 0.643
4178.846 0.645
4190.166 0.647
4201.486 0.649
4212.806 0.651
4224.126 0.654
4235.447 0.656
4246.767 0.658
4258.087 0.660
4269.407 0.662
4280.727 0.665
4292.047 0.669
4303.367 0.672
4314.687 0.676
4326.007 0.679
4337.328 0.683
4348.278 0.686
4359.228 0.689
4370.179 0.693
4381.129 0.696
4392.080 0.700
4403.030 0.703
4413.980 0.707
4424.931 0.710
4435.881 0.714
4446.831 0.717
4457.782 0.721
4468.732 0.724
4479.683 0.728
4490.633 0.731
4501.583 0.734
4512.534 0.738
4523.484 0.741
4534.434 0.745
4545.385 0.748
4556.335 0.754
4567.286 0.760
4578.236 0.765
4589.186 0.771
4600.137 0.777
4611.087 0.782
4622.233 0.788
4633.378 0.794
4644.524 0.800
4655.670 0.805
4666.815 0.811
4677.961 0.817
4689.107 0.823
4700.252 0.828
4711.398 0.834
4722.544 0.840
4733.689 0.846
4744.835 0.851
4755.981 0.857
4767.126 0.863
4778.272 0.869
4789.417 0.875
4800.563 0.881
4811.709 0.886
4822.854 0.892
4834.000 0.896
4845.146 0.900
4856.291 0.903
4867.437 0.907
4878.583 0.910
4889.728 0.914
4900.923 0.917
4912.118 0.921
4923.313 0.925
4934.508 0.928
4945.703 0.932
4956.898 0.935
4968.093 0.939
4979.288 0.942
4990.483 0.946
5001.678 0.949
5012.873 0.953
5024.068 0.956
5035.263 0.959
5046.458 0.963
5057.653 0.966
5068.848 0.970
5080.043 0.973
5091.238 0.976
5102.433 0.980
5113.628 0.983
5124.823 0.986
5136.018 0.990
5147.213 0.993
5158.408 0.996
5169.603 0.999
5180.562 1.003
5191.520 1.006
5202.479 1.009
5213.437 1.012
5224.396 1.015
5235.354 1.018
5246.313 1.022
5257.271 1.025
5268.230 1.028
5279.188 1.031
5290.146 1.033
5301.105 1.036
5312.063 1.039
5323.022 1.042
5333.980 1.045
5344.939 1.048
5355.897 1.050
5366.856 1.053
5377.814 1.056
5388.773 1.050
5399.731 1.044
5410.689 1.039
5421.648 1.033
5432.606 1.027
5443.565 1.021
5434.596 1.019
5425.626 1.017
5416.657 1.016
5407.688 1.014
5398.719 1.012
5389.750 1.010
5380.781 1.008
5371.811 1.006
5362.842 1.004
5353.873 1.002
5344.904 0.999
5335.935 0.997
5326.966 0.995
5317.996 0.993
5309.027 0.990
5300.058 0.988
5291.089 0.986
5282.120 0.983
5273.151 0.981
5264.181 0.978
5255.212 0.974
5246.243 0.971
5237.274 0.968
5228.305 0.964
5219.336 0.961
5208.185 0.957
5197.034 0.954
5185.883 0.951
5174.732 0.948
5163.581 0.944
5152.430 0.941
5141.279 0.938
5130.128 0.934
5118.977 0.931
5107.826 0.927
5096.675 0.924
5085.524 0.920
5074.374 0.917
5063.223 0.913
5052.072 0.909
5040.921 0.906
5029.770 0.902
5018.619 0.898
5007.468 0.895
4996.317 0.892
4985.166 0.889
4974.015 0.886
4962.864 0.883
4951.713 0.880
4940.562 0.877
4929.249 0.874
4917.936 0.871
4906.623 0.868
4895.309 0.865
4883.996 0.862
4872.683 0.859
4861.370 0.856
4850.056 0.853
4838.743 0.850
4827.430 0.847
4816.116 0.844
4804.803 0.841
4793.490 0.838
4782.177 0.834
4770.863 0.831
4759.550 0.828
4748.237 0.825
4736.923 0.822
4725.610 0.818
4714.297 0.816
4702.984 0.814
4691.670 0.812
4680.357 0.810
4669.044 0.808
4657.730 0.806
4646.636 0.804
4635.542 0.802
4624.448 0.799
4613.354 0.797
4602.260 0.795
4591.166 0.793
4580.072 0.791
4568.977 0.789
4557.883 0.786
4546.789 0.784
4535.695 0.782
4524.601 0.780
4513.507 0.777
4502.413 0.775
4491.319 0.773
4480.225 0.771
4469.130 0.768
4458.036 0.766
4446.942 0.764
4435.848 0.762
4424.754 0.760
4413.660 0.758
4402.566 0.755
4391.472 0.753
4380.378 0.751
4369.444 0.749
4358.510 0.747
4347.577 0.745
4336.643 0.743
4325.709 0.741
4314.776 0.739
4303.842 0.737
4292.909 0.735
4281.975 0.732
4271.041 0.730
4260.108 0.728
4249.174 0.726
4238.241 0.724
4227.307 0.722
4216.373 0.719
4205.440 0.717
4194.506 0.715
4183.572 0.713
4172.639 0.711
4161.705 0.708
4150.772 0.706
4139.838 0.704
4128.904 0.702
4117.971 0.700
4107.037 0.697
4095.682 0.695
4084.327 0.693
4072.972 0.691
4061.618 0.688
4050.263 0.686
4038.908 0.684
4027.553 0.682
4016.198 0.679
4004.843 0.677
3993.488 0.675
3982.133 0.672
3970.779 0.670
3959.424 0.668
3948.069 0.666
3936.714 0.663
3925.359 0.661
3914.004 0.659
3902.649 0.656
3891.294 0.654
3879.939 0.652
3868.585 0.650
3857.230 0.647
3845.875 0.645
3834.520 0.643
3823.165 0.641
3812.150 0.639
3801.136 0.637
3790.121 0.635
3779.107 0.632
3768.092 0.630
3757.077 0.628
3746.063 0.626
3735.048 0.624
3724.033 0.621
3713.019 0.619
3702.004 0.617
3690.989 0.615
3679.975 0.612
3668.960 0.610
3657.945 0.608
3646.931 0.606
3635.916 0.604
3624.902 0.601
3613.887 0.599
3602.872 0.594
3591.858 0.588
3580.843 0.583
3569.828 0.577
3558.814 0.572
3547.799 0.566
3536.827 0.561
3525.855 0.555
3514.883 0.550
3503.911 0.544
3492.938 0.539
3481.966 0.533
3470.994 0.528
3460.022 0.522
3449.050 0.517
3438.078 0.511
3427.106 0.505
3416.134 0.500
3405.162 0.494
3394.189 0.489
3383.217 0.483
3372.245 0.478
3361.273 0.472
3350.301 0.467
3339.329 0.461
3328.357 0.457
3317.385 0.452
3306.413 0.448
3295.440 0.443
3284.468 0.439
3273.496 0.434
3262.129 0.430
3250.762 0.425
3239.394 0.420
3228.027 0.416
3216.660 0.411
3205.292 0.407
3193.925 0.402
3182.558 0.398
3171.191 0.393
3159.823 0.389
3148.456 0.384
3137.089 0.380
3125.721 0.375
3114.354 0.370
3102.987 0.366
3091.619 0.361
3080.252 0.357
3068.885 0.352
3057.518 0.348
3046.150 0.342
3034.783 0.336
3023.416 0.330
3012.048 0.324
3000.681 0.319
2989.314 0.313
2978.346 0.307
2967.379 0.301
2956.411 0.295
2945.444 0.290
2934.476 0.284
2923.509 0.278
2912.542 0.272
2901.574 0.266
2890.607 0.261
2879.639 0.255
2868.672 0.249
2857.704 0.243
2846.737 0.237
2835.769 0.232
2824.802 0.226
2813.834 0.220
2802.867 0.214
2791.900 0.209
2780.932 0.203
2769.965 0.202
2758.997 0.201
2748.030 0.200
2737.062 0.199
2726.095 0.198
2715.127 0.197
2716.840 0.196
2718.552 0.195
2720.264 0.193
2721.977 0.192
2723.689 0.191
2725.402 0.190
2727.114 0.189
2728.826 0.188
2730.539 0.187
2732.251 0.185
2733.963 0.184
2735.676 0.183
2737.388 0.182
2739.101 0.181
2740.813 0.180
2742.525 0.178
2744.238 0.177
2745.950 0.176
2747.662 0.175
2749.375 0.181
2751.087 0.187
2752.800 0.193
2754.512 0.199
2756.224 0.205
2757.937 0.211
2769.222 0.217
2780.507 0.223
2791.792 0.229
2803.077 0.236
2814.362 0.242
2825.647 0.248
2836.932 0.254
2848.217 0.260
2859.502 0.266
2870.787 0.272
2882.072 0.278
2893.357 0.284
2904.642 0.291
2915.927 0.297
2927.212 0.303
2938.497 0.309
2949.782 0.315
2961.067 0.322
2972.352 0.328
2983.637 0.334
2994.922 0.340
3006.207 0.346
3017.493 0.352
3028.778 0.358
3040.063 0.364
3051.132 0.370
3062.201 0.376
3073.269 0.382
3084.338 0.388
3095.407 0.394
3106.476 0.400
3117.545 0.406
3128.614 0.412
3139.683 0.419
3150.752 0.425
3161.821 0.431
3172.890 0.437
3183.959 0.443
3195.028 0.449
3206.097 0.456
3217.166 0.462
3228.235 0.468
3239.304 0.474
3250.373 0.481
3261.442 0.486
3272.511 0.492
3283.580 0.498
3294.649 0.503
3305.718 0.509
3316.787 0.514
3327.949 0.520
3339.110 0.526
3350.272 0.532
3361.434 0.537
3372.596 0.543
3383.758 0.549
3394.919 0.554
3406.081 0.560
3417.243 0.566
3428.405 0.572
3439.566 0.578
3450.728 0.583
3461.890 0.589
3473.052 0.595
3484.214 0.601
3495.375 0.607
3506.537 0.613
3517.699 0.618
3528.861 0.624
3540.023 0.628
3551.184 0.631
3562.346 0.634
3573.508 0.638
3584.670 0.641
3595.832 0.644
3606.855 0.648
3617.879 0.651
3628.902 0.654
3639.926 0.658
3650.950 0.661
3661.973 0.664
3672.997 0.668
3684.021 0.671
3695.044 0.674
3706.068 0.678
3717.092 0.681
3728.115 0.684
3739.139 0.688
3750.163 0.691
3761.186 0.695
3772.210 0.698
3783.233 0.701
3794.257 0.705
3805.281 0.708
3816.304 0.710
3827.328 0.712
3838.352 0.714
3849.375 0.717
3860.399 0.719
3871.423 0.721
3882.525 0.723
3893.626 0.725
3904.728 0.727
3915.830 0.729
3926.932 0.731
3938.034 0.733
3949.136 0.736
3960.238 0.738
3971.340 0.740
3982.441 0.742
3993.543 0.744
4004.645 0.746
4015.747 0.748
4026.849 0.750
4037.951 0.752
4049.053 0.755
4060.155 0.757
4071.256 0.759
4082.358 0.761
4093.460 0.763
4104.562 0.766
4115.664 0.769
4126.766 0.772
4137.868 0.774
4148.969 0.777
4160.216 0.780
4171.462 0.782
4182.708 0.785
4193.954 0.788
4205.201 0.790
4216.447 0.793
4227.693 0.796
4238.939 0.798
4250.186 0.801
4261.432 0.804
4272.678 0.806
4283.924 0.809
4295.170 0.812
4306.417 0.814
4317.663 0.817
4328.909 0.820
4340.155 0.822
4351.402 0.825
4362.648 0.827
4373.894 0.831
4385.140 0.835
4396.387 0.838
4407.633 0.842
4418.879 0.846
4430.125 0.849
4441.124 0.853
4452.122 0.857
4463.121 0.860
4474.119 0.864
4485.118 0.868
4496.116 0.871
4507.115 0.875
4518.113 0.879
4529.112 0.882
4540.110 0.886
4551.109 0.889
4562.107 0.893
4573.106 0.897
4584.104 0.900
4595.103 0.904
4606.101 0.907
4617.100 0.911
4628.098 0.915
4639.097 0.918
4650.095 0.923
4661.094 0.927
4672.092 0.932
4683.091 0.937
4694.089 0.941
4705.088 0.946
4716.262 0.950
4727.435 0.955
4738.609 0.960
4749.783 0.964
4760.957 0.969
4772.131 0.973
4783.305 0.978
4794.479 0.982
4805.653 0.987
4816.827 0.991
4828.001 0.996
4839.174 1.000
4850.348 1.005
4861.522 1.009
4872.696 1.014
4883.870 1.018
4895.044 1.023
4906.218 1.027
4917.392 1.031
4928.566 1.039
4939.740 1.047
4950.913 1.054
4962.087 1.062
4973.261 1.069
4984.435 1.077
4995.568 1.085
5006.702 1.092
5017.835 1.100
5028.968 1.107
5040.101 1.115
5051.234 1.122
5062.368 1.130
5073.501 1.137
5084.634 1.145
5095.767 1.152
5106.901 1.160
5118.034 1.167
5129.167 1.175
5140.300 1.182
5151.434 1.189
5162.567 1.196
5173.700 1.204
5184.833 1.211
5195.966 1.218
5207.100 1.215
5218.233 1.211
5229.366 1.207
5240.499 1.204
5251.633 1.200
5262.766 1.196
5268.071 1.194
5273.376 1.191
5278.681 1.189
5283.986 1.186
5289.291 1.184
5294.596 1.181
5299.901 1.179
5305.206 1.176
5310.511 1.173
5315.817 1.171
5321.122 1.168
5326.427 1.165
5331.732 1.163
5337.037 1.160
5342.342 1.157
5347.647 1.154
5352.952 1.151
5358.257 1.149
5363.562 1.146
5368.867 1.139
5374.172 1.133
5379.477 1.127
5384.782 1.120
5390.088 1.114
5395.393 1.108
5383.887 1.106
5372.382 1.105
5360.877 1.104
5349.372 1.102
5337.867 1.101
5326.362 1.099
5314.857 1.097
5303.352 1.095
5291.846 1.094
5280.341 1.092
5268.836 1.090
5257.331 1.088
5245.826 1.085
5234.321 1.083
5222.816 1.081
5211.310 1.079
5199.805 1.076
5188.300 1.074
5176.795 1.071
5165.290 1.069
5153.785 1.066
5142.280 1.063
5130.775 1.060
5119.269 1.056
5107.764 1.053
5096.684 1.050
5085.603 1.047
5074.523 1.043
5063.442 1.040
5052.362 1.037
5041.282 1.033
5030.201 1.030
5019.121 1.026
5008.040 1.023
4996.960 1.019
4985.879 1.015
4974.799 1.012
4963.718 1.008
4952.638 1.004
4941.557 1.001
4930.477 0.997
4919.397 0.993
4908.316 0.989
4897.236 0.985
4886.155 0.983
4875.075 0.980
4863.994 0.977
4852.914 0.974
4841.833 0.971
4830.753 0.969
4819.608 0.966
4808.463 0.963
4797.318 0.960
4786.173 0.957
4775.028 0.954
4763.883 0.951
4752.738 0.948
4741.593 0.945
4730.448 0.942
4719.303 0.939
4708.158 0.936
4697.013 0.933
4685.868 0.930
4674.723 0.927
4663.578 0.923
4652.432 0.920
4641.287 0.917
4630.142 0.914
4618.997 0.911
4607.852 0.908
4596.707 0.906
4585.562 0.903
4574.417 0.901
4563.272 0.898
4552.127 0.896
4540.935 0.893
4529.743 0.891
4518.551 0.888
4507.358 0.886
4496.166 0.883
4484.974 0.880
4473.782 0.878
4462.590 0.875
4451.397 0.873
4440.205 0.870
4429.013 0.867
4417.821 0.865
4406.628 0.862
4395.436 0.859
4384.244 0.856
4373.052 0.854
4361.860 0.851
4350.667 0.848
4339.475 0.846
4328.283 0.843
4317.091 0.841
4305.899 0.838
4294.706 0.836
4283.514 0.833
4272.322 0.831
4261.268 0.828
4250.214 0.826
4239.161 0.823
4228.107 0.821
4217.053 0.818
4205.999 0.816
4194.946 0.813
4183.892 0.811
4172.838 0.808
4161.784 0.806
4150.731 0.803
4139.677 0.801
4128.623 0.798
4117.569 0.795
4106.516 0.793
4095.462 0.790
4084.408 0.788
4073.354 0.785
4062.301 0.782
4051.247 0.780
4040.193 0.778
4029.139 0.775
4018.086 0.773
4007.032 0.771
3995.978 0.768
3984.871 0.766
3973.764 0.764
3962.657 0.761
3951.549 0.759
3940.442 0.757
3929.335 0.754
3918.228 0.752
3907.121 0.750
3896.014 0.747
3884.906 0.745
3873.799 0.742
3862.692 0.740
3851.585 0.738
3840.478 0.735
3829.371 0.733
3818.264 0.730
3807.156 0.728
3796.049 0.725
3784.942 0.723
3773.835 0.718
3762.728 0.714
3751.621 0.709
3740.514 0.705
3729.406 0.700
3718.299 0.695
3707.153 0.691
3696.007 0.686
3684.860 0.681
3673.714 0.677
3662.568 0.672
3651.422 0.667
3640.275 0.663
3629.129 0.658
3617.983 0.653
3606.837 0.649
3595.690 0.644
3584.544 0.639
3573.398 0.635
3562.251 0.630
3551.105 0.625
3539.959 0.620
3528.813 0.616
3517.666 0.611
3506.520 0.606
3495.374 0.602
3484.228 0.598
3473.081 0.593
3461.935 0.589
3450.789 0.585
3439.643 0.581
3428.555 0.576
3417.467 0.572
3406.380 0.568
3395.292 0.563
3384.205 0.559
3373.117 0.555
3362.029 0.550
3350.942 0.546
3339.854 0.542
3328.767 0.537
3317.679 0.533
3306.591 0.529
3295.504 0.524
3284.416 0.520
3273.329 0.516
3262.241 0.511
3251.153 0.507
3240.066 0.503
3228.978 0.498
3217.891 0.491
3206.803 0.484
3195.715 0.477
3184.628 0.470
3173.540 0.463
3162.453 0.456
3151.360 0.448
3140.268 0.441
3129.176 0.434
3118.084 0.427
3106.991 0.420
3095.899 0.413
3084.807 0.406
3073.715 0.399
3062.622 0.392
3051.530 0.385
3040.438 0.377
3029.346 0.370
3018.253 0.363
3007.161 0.356
2996.069 0.349
2984.977 0.342
2973.884 0.335
2962.792 0.328
2951.700 0.321
2940.608 0.315
2929.515 0.310
2918.423 0.304
2907.331 0.299
2896.239 0.294
2885.146 0.288
2874.187 0.283
2863.228 0.277
2852.269 0.272
2841.310 0.266
2830.351 0.261
2819.392 0.255
2808.433 0.250
2797.474 0.244
2786.515 0.239
2775.556 0.234
2764.597 0.228
2753.637 0.223
2742.678 0.217
2731.719 0.212
2720.760 0.206
2709.801 0.201
2698.842 0.195
2687.883 0.190
2676.924 0.185
2665.965 0.187
2655.006 0.190
2644.047 0.193
2633.088 0.195
2622.129 0.198
2611.170 0.201
2621.959 0.203
2632.748 0.205
2643.537 0.207
2654.327 0.210
2665.116 0.212
2675.905 0.214
2686.694 0.217
2697.484 0.219
2708.273 0.221
2719.062 0.224
2729.851 0.226
2740.641 0.228
2751.430 0.231
2762.219 0.233
2773.008 0.235
2783.798 0.237
2794.587 0.240
2805.376 0.242
2816.166 0.244
2826.955 0.252
2837.744 0.259
2848.533 0.267
2859.323 0.274
2870.112 0.282
2880.901 0.290
2892.266 0.297
2903.630 0.305
2914.995 0.312
2926.359 0.320
2937.724 0.328
2949.088 0.335
2960.453 0.343
2971.817 0.350
2983.182 0.358
2994.546 0.366
3005.911 0.373
3017.275 0.381
3028.640 0.389
3040.004 0.396
3051.369 0.404
3062.733 0.412
3074.098 0.420
3085.462 0.427
3096.827 0.435
3108.191 0.442
3119.556 0.449
3130.920 0.456
3142.285 0.463
3153.649 0.470
3165.014 0.477
3175.994 0.484
3186.974 0.491
3197.954 0.498
3208.935 0.505
3219.915 0.512
3230.895 0.519
3241.875 0.526
3252.855 0.533
3263.835 0.540
3274.816 0.547
3285.796 0.554
3296.776 0.561
3307.756 0.569
3318.736 0.576
3329.717 0.583
3340.697 0.590
3351.677 0.597
3362.657 0.604
3373.637 0.611
3384.617 0.617
3395.598 0.623
3406.578 0.628
3417.558 0.634
3428.538 0.640
3439.518 0.646
3450.601 0.651
3461.683 0.657
3472.765 0.663
3483.848 0.668
3494.930 0.674
3506.012 0.680
3517.095 0.686
3528.177 0.691
3539.259 0.697
3550.342 0.703
3561.424 0.709
3572.506 0.714
3583.588 0.720
3594.671 0.726
3605.753 0.732
3616.835 0.738
3627.918 0.743
3639.000 0.749
3650.082 0.755
3661.165 0.757
3672.247 0.760
3683.329 0.762
3694.412 0.765
3705.494 0.767
3716.576 0.770
3727.769 0.772
3738.962 0.775
3750.155 0.777
3761.348 0.780
3772.540 0.782
3783.733 0.785
3794.926 0.787
3806.119 0.789
3817.312 0.792
3828.505 0.794
3839.697 0.797
3850.890 0.799
3862.083 0.802
3873.276 0.804
3884.469 0.807
3895.662 0.809
3906.854 0.811
3918.047 0.814
3929.240 0.816
3940.433 0.818
3951.626 0.820
3962.819 0.823
3974.011 0.825
3985.204 0.827
3996.397 0.829
4007.417 0.831
4018.438 0.833
4029.458 0.835
4040.478 0.837
4051.498 0.839
4062.518 0.841
4073.539 0.843
4084.559 0.846
4095.579 0.848
4106.599 0.850
4117.620 0.852
4128.640 0.854
4139.660 0.856
4150.680 0.858
4161.701 0.860
4172.721 0.862
4183.741 0.864
4194.761 0.866
4205.781 0.868
4216.802 0.871
4227.822 0.875
4238.842 0.878
4249.862 0.881
4260.883 0.885
4271.903 0.888
4283.064 0.891
4294.225 0.894
4305.386 0.898
4316.548 0.901
4327.709 0.904
4338.870 0.908
4350.031 0.911
4361.192 0.914
4372.353 0.917
4383.515 0.920
4394.676 0.924
4405.837 0.927
4416.998 0.930
4428.159 0.933
4439.320 0.936
4450.482 0.940
4461.643 0.943
4472.804 0.946
4483.965 0.949
4495.126 0.953
4506.287 0.957
4517.449 0.961
4528.610 0.965
4539.771 0.969
4550.932 0.973
4562.072 0.977
4573.213 0.981
4584.353 0.985
4595.494 0.988
4606.634 0.992
4617.774 0.996
4628.915 1.000
4640.055 1.004
4651.195 1.008
4662.336 1.011
4673.476 1.015
4684.616 1.019
4695.757 1.023
4706.897 1.026
4718.038 1.030
4729.178 1.034
4740.318 1.038
4751.459 1.041
4762.599 1.045
4773.739 1.050
4784.880 1.055
4796.020 1.060
4807.161 1.064
4818.301 1.069
4829.441 1.074
4840.563 1.079
4851.685 1.084
4862.807 1.088
4873.928 1.093
4885.050 1.098
4896.172 1.102
4907.293 1.107
4918.415 1.112
4929.537 1.116
4940.659 1.121
4951.780 1.125
4962.902 1.130
4974.024 1.134
4985.146 1.139
4996.267 1.143
5007.389 1.148
5018.511 1.152
5029.633 1.156
5040.754 1.160
5051.876 1.169
5062.998 1.178
5074.120 1.186
5085.241 1.195
5096.363 1.203
5107.485 1.211
5118.600 1.220
5129.716 1.228
5140.831 1.236
5151.947 1.245
5163.063 1.253
5174.178 1.261
5185.294 1.269
5196.409 1.277
5207.525 1.285
5218.640 1.293
5229.756 1.301
5240.871 1.309
5251.987 1.316
5263.102 1.324
5274.218 1.331
5285.333 1.339
5296.449 1.346
5307.564 1.353
5318.680 1.361
5329.796 1.350
5340.911 1.340
5352.027 1.330
5363.142 1.319
5374.258 1.309
5385.373 1.298
5380.661 1.294
5375.948 1.290
5371.236 1.286
5366.523 1.283
5361.811 1.279
5357.099 1.275
5352.386 1.271
5347.674 1.267
5342.961 1.263
5338.249 1.259
5333.536 1.255
5328.824 1.251
5324.111 1.247
5319.399 1.243
5314.687 1.239
5309.974 1.235
5305.262 1.230
5300.549 1.226
5295.837 1.222
5291.124 1.216
5286.412 1.211
5281.699 1.205
5276.987 1.200
5272.275 1.194
5267.562 1.188
5256.253 1.185
5244.943 1.181
5233.633 1.178
5222.324 1.174
5211.014 1.170
5199.705 1.167
5188.395 1.163
5177.086 1.159
5165.776 1.155
5154.467 1.150
5143.157 1.146
5131.847 1.142
5120.538 1.138
5109.228 1.133
5097.919 1.129
5086.609 1.124
5075.300 1.120
5063.990 1.115
5052.680 1.110
5041.371 1.107
5030.061 1.104
5018.752 1.100
5007.442 1.097
4996.133 1.093
4984.823 1.089
4973.734 1.086
4962.645 1.082
4951.556 1.078
4940.467 1.074
4929.377 1.070
4918.288 1.067
4907.199 1.063
4896.110 1.059
4885.021 1.055
4873.932 1.051
4862.843 1.046
4851.753 1.042
4840.664 1.038
4829.575 1.034
4818.486 1.030
4807.397 1.026
4796.308 1.021
4785.218 1.017
4774.129 1.013
4763.040 1.011
4751.951 1.009
4740.862 1.006
4729.773 1.004
4718.684 1.002
4707.594 1.000
4696.476 0.998
4685.357 0.995
4674.239 0.993
4663.120 0.991
4652.001 0.988
4640.883 0.986
4629.764 0.984
4618.645 0.981
4607.527 0.979
4596.408 0.977
4585.289 0.974
4574.171 0.972
4563.052 0.969
4551.934 0.967
4540.815 0.964
4529.696 0.962
4518.578 0.959
4507.459 0.957
4496.340 0.954
4485.222 0.952
4474.103 0.949
4462.984 0.947
4451.866 0.944
4440.747 0.942
4429.629 0.939
4418.528 0.937
4407.427 0.934
4396.327 0.932
4385.226 0.929
4374.125 0.926
4363.025 0.924
4351.924 0.921
4340.823 0.919
4329.723 0.916
4318.622 0.913
4307.522 0.911
4296.421 0.908
4285.320 0.905
4274.220 0.903
4263.119 0.900
4252.018 0.897
4240.918 0.895
4229.817 0.892
4218.716 0.889
4207.616 0.886
4196.515 0.884
4185.415 0.881
4174.314 0.879
4163.213 0.876
4152.113 0.873
4140.984 0.871
4129.855 0.868
4118.726 0.865
4107.597 0.863
4096.468 0.860
4085.339 0.857
4074.210 0.855
4063.082 0.852
4051.953 0.849
4040.824 0.847
4029.695 0.844
4018.566 0.841
4007.437 0.838
3996.308 0.836
3985.179 0.833
3974.051 0.830
3962.922 0.827
3951.793 0.824
3940.664 0.822
3929.535 0.818
3918.406 0.815
3907.277 0.811
3896.148 0.808
3885.019 0.804
3873.891 0.800
3862.751 0.797
3851.611 0.793
3840.471 0.790
3829.332 0.786
3818.192 0.783
3807.052 0.779
3795.912 0.775
3784.773 0.772
3773.633 0.768
3762.493 0.765
3751.353 0.761
3740.214 0.757
3729.074 0.754
3717.934 0.750
3706.794 0.746
3695.655 0.743
3684.515 0.739
3673.375 0.735
3662.235 0.732
3651.096 0.728
3639.956 0.723
3628.816 0.719
3617.676 0.715
3606.537 0.711
3595.397 0.707
3584.314 0.703
3573.232 0.698
3562.149 0.694
3551.066 0.690
3539.984 0.686
3528.901 0.682
3517.819 0.677
3506.736 0.673
3495.653 0.669
3484.571 0.665
3473.488 0.660
3462.405 0.656
3451.323 0.652
3440.240 0.648
3429.157 0.643
3418.075 0.639
3406.992 0.635
3395.910 0.631
3384.827 0.626
3373.744 0.620
3362.662 0.613
3351.579 0.607
3340.496 0.600
3329.414 0.593
3318.331 0.587
3307.291 0.580
3296.252 0.573
3285.212 0.567
3274.172 0.560
3263.132 0.554
3252.092 0.547
3241.053 0.540
3230.013 0.534
3218.973 0.527
3207.933 0.520
3196.894 0.514
3185.854 0.507
3174.814 0.500
3163.774 0.494
3152.734 0.487
3141.695 0.480
3130.655 0.474
3119.615 0.467
3108.575 0.460
3097.535 0.452
3086.496 0.444
3075.456 0.436
3064.416 0.428
3053.376 0.420
3042.337 0.412
3031.115 0.404
3019.894 0.396
3008.672 0.388
2997.451 0.380
2986.230 0.372
2975.008 0.364
2963.787 0.355
2952.565 0.347
2941.344 0.339
2930.123 0.331
2918.901 0.323
2907.680 0.315
2896.458 0.307
2885.237 0.299
2874.016 0.291
2862.794 0.283
2851.573 0.275
2840.351 0.267
2829.130 0.259
2817.909 0.256
2806.687 0.253
2795.466 0.250
2784.244 0.247
2773.023 0.244
2761.802 0.241
2760.592 0.238
2759.382 0.234
2758.171 0.231
2756.961 0.228
2755.751 0.224
2754.541 0.221
2753.331 0.218
2752.121 0.215
2750.911 0.211
2749.701 0.208
2748.491 0.205
2747.281 0.202
2746.071 0.198
2744.860 0.195
2743.650 0.192
2742.440 0.188
2741.230 0.185
2740.020 0.182
2738.810 0.179
2737.600 0.186
2736.390 0.193
2735.180 0.200
2733.970 0.207
2732.760 0.214
2731.550 0.221
2743.074 0.228
2754.599 0.235
2766.124 0.242
2777.648 0.249
2789.173 0.255
2800.698 0.262
2812.222 0.269
2823.747 0.276
2835.272 0.283
2846.796 0.290
2858.321 0.296
2869.846 0.303
2881.371 0.310
2892.895 0.317
2904.420 0.324
2915.945 0.331
2927.469 0.338
2938.994 0.344
2950.519 0.351
2962.043 0.359
2973.568 0.367
2985.093 0.375
2996.617 0.383
3008.142 0.391
3019.667 0.399
3030.808 0.407
3041.950 0.415
3053.092 0.423
3064.233 0.431
3075.375 0.439
3086.516 0.447
3097.658 0.455
3108.800 0.463
3119.941 0.471
3131.083 0.479
3142.225 0.487
3153.366 0.495
3164.508 0.503
3175.649 0.511
3186.791 0.520
3197.933 0.528
3209.074 0.536
3220.216 0.544
3231.357 0.552
3242.499 0.559
3253.641 0.566
3264.782 0.573
3275.924 0.580
3287.065 0.588
3298.207 0.595
3309.186 0.602
3320.165 0.609
3331.144 0.616
3342.123 0.623
3353.102 0.630
3364.081 0.638
3375.060 0.645
3386.039 0.652
3397.018 0.659
3407.996 0.666
3418.975 0.674
3429.954 0.681
3440.933 0.688
3451.912 0.695
3462.891 0.702
3473.870 0.710
3484.849 0.717
3495.828 0.724
3506.807 0.731
3517.786 0.736
3528.765 0.741
3539.744 0.746
3550.723 0.751
3561.702 0.755
3572.681 0.760
3583.927 0.765
3595.173 0.770
3606.419 0.775
3617.666 0.779
3628.912 0.784
3640.158 0.789
3651.404 0.794
3662.650 0.798
3673.897 0.803
3685.143 0.808
3696.389 0.813
3707.635 0.818
3718.882 0.822
3730.128 0.827
3741.374 0.832
3752.620 0.837
3763.867 0.841
3775.113 0.846
3786.359 0.851
3797.605 0.853
3808.851 0.855
3820.098 0.856
3831.344 0.858
3842.590 0.860
3853.836 0.862
3865.032 0.864
3876.228 0.865
3887.423 0.867
3898.619 0.869
3909.814 0.871
3921.010 0.873
3932.206 0.874
3943.401 0.876
3954.597 0.878
3965.793 0.880
3976.988 0.881
3988.184 0.883
3999.379 0.885
4010.575 0.887
4021.771 0.888
4032.966 0.890
4044.162 0.892
4055.358 0.893
4066.553 0.895
4077.749 0.898
4088.944 0.900
4100.140 0.903
4111.336 0.905
4122.531 0.908
4133.727 0.911
4144.691 0.913
4155.656 0.916
4166.620 0.918
4177.584 0.921
4188.549 0.924
4199.513 0.926
4210.477 0.929
4221.442 0.931
4232.406 0.934
4243.371 0.936
4254.335 0.939
4265.299 0.941
4276.264 0.944
4287.228 0.946
4298.192 0.949
4309.157 0.951
4320.121 0.953
4331.085 0.956
4342.050 0.958
4353.014 0.962
4363.978 0.966
4374.943 0.969
4385.907 0.973
4396.871 0.977
4407.836 0.980
4418.996 0.984
4430.156 0.988
4441.316 0.991
4452.475 0.995
4463.635 0.998
4474.795 1.002
4485.955 1.006
4497.115 1.009
4508.275 1.013
4519.435 1.016
4530.595 1.020
4541.755 1.023
4552.915 1.026
4564.075 1.030
4575.235 1.033
4586.395 1.037
4597.555 1.040
4608.714 1.043
4619.874 1.047
4631.034 1.051
4642.194 1.055
4653.354 1.059
4664.514 1.063
4675.674 1.067
4686.834 1.071
4698.036 1.074
4709.238 1.078
4720.440 1.082
4731.643 1.086
4742.845 1.090
4754.047 1.093
4765.249 1.097
4776.451 1.101
4787.653 1.105
4798.855 1.108
4810.058 1.112
4821.260 1.115
4832.462 1.119
4843.664 1.122
4854.866 1.126
4866.068 1.129
4877.270 1.133
4888.473 1.136
4899.675 1.139
4910.877 1.145
4922.079 1.150
4933.281 1.155
4944.483 1.160
4955.685 1.165
4966.888 1.170
4977.843 1.175
4988.798 1.180
4999.754 1.185
5010.709 1.190
5021.664 1.195
5032.620 1.200
5043.575 1.205
5054.530 1.209
5065.486 1.214
5076.441 1.219
5087.396 1.223
5098.352 1.228
5109.307 1.232
5120.262 1.236
5131.218 1.241
5142.173 1.245
5153.129 1.249
5164.084 1.253
5175.039 1.257
5185.995 1.258
5196.950 1.258
5207.905 1.259
5218.861 1.260
5229.816 1.260
5240.771 1.260
5248.052 1.262
5255.333 1.264
5262.614 1.265
5269.895 1.267
5277.176 1.269
5284.457 1.270
5291.738 1.272
5299.019 1.273
5306.300 1.275
5313.581 1.276
5320.862 1.277
5328.143 1.278
5335.424 1.279
5342.705 1.280
5349.986 1.281
5357.267 1.282
5364.548 1.283
5371.829 1.284
5379.110 1.285
5386.391 1.274
5393.672 1.263
5400.953 1.253
5408.234 1.242
5415.515 1.231
5422.796 1.220
5411.307 1.221
5399.817 1.221
5388.327 1.222
5376.837 1.222
5365.347 1.222
5353.857 1.222
5342.367 1.222
5330.877 1.222
5319.387 1.221
5307.897 1.220
5296.407 1.220
5284.917 1.219
5273.427 1.218
5261.938 1.216
5250.448 1.215
5238.958 1.214
5227.468 1.212
5215.978 1.211
5204.488 1.209
5192.998 1.206
5181.508 1.203
5170.018 1.200
5158.528 1.197
5147.038 1.193
5135.548 1.190
5124.172 1.187
5112.795 1.183
5101.418 1.179
5090.041 1.176
5078.664 1.172
5067.287 1.168
5055.910 1.164
5044.533 1.160
5033.156 1.156
5021.779 1.152
5010.402 1.148
4999.025 1.143
4987.648 1.139
4976.272 1.135
4964.895 1.130
4953.518 1.126
4942.141 1.121
4930.764 1.117
4919.387 1.112
4908.010 1.109
4896.633 1.107
4885.256 1.104
4873.879 1.101
4862.502 1.098
4851.125 1.095
4840.146 1.092
4829.167 1.089
4818.189 1.086
4807.210 1.083
4796.231 1.080
4785.252 1.077
4774.273 1.074
4763.294 1.070
4752.315 1.067
4741.336 1.064
4730.357 1.060
4719.378 1.057
4708.399 1.054
4697.420 1.050
4686.441 1.047
4675.462 1.043
4664.483 1.040
4653.504 1.036
4642.525 1.033
4631.547 1.030
4620.568 1.028
4609.589 1.025
4598.610 1.023
4587.631 1.020
4576.652 1.018
4565.607 1.015
4554.563 1.013
4543.519 1.010
4532.474 1.007
4521.430 1.005
4510.385 1.002
4499.341 0.999
4488.296 0.997
4477.252 0.994
4466.207 0.991
4455.163 0.988
4444.119 0.985
4433.074 0.983
4422.030 0.980
4410.985 0.977
4399.941 0.974
4388.896 0.971
4377.852 0.968
4366.807 0.965
4355.763 0.963
4344.719 0.961
4333.674 0.959
4322.630 0.956
4311.585 0.954
4300.541 0.952
4289.150 0.950
4277.760 0.947
4266.369 0.945
4254.978 0.943
4243.588 0.940
4232.197 0.938
4220.807 0.936
4209.416 0.933
4198.025 0.931
4186.635 0.928
4175.244 0.926
4163.854 0.924
4152.463 0.921
4141.073 0.919
4129.682 0.916
4118.291 0.914
4106.901 0.911
4095.510 0.909
4084.120 0.906
4072.729 0.904
4061.339 0.901
4049.948 0.898
4038.557 0.896
4027.167 0.893
4015.776 0.891
4004.801 0.888
3993.825 0.885
3982.850 0.883
3971.874 0.880
3960.899 0.877
3949.923 0.875
3938.947 0.872
3927.972 0.869
3916.996 0.866
3906.021 0.864
3895.045 0.861
3884.070 0.858
3873.094 0.855
3862.119 0.853
3851.143 0.850
3840.168 0.847
3829.192 0.844
3818.217 0.842
3807.241 0.839
3796.266 0.835
3785.290 0.831
3774.315 0.828
3763.339 0.824
3752.364 0.820
3741.388 0.816
3730.290 0.813
3719.191 0.809
3708.093 0.805
3696.994 0.801
3685.896 0.797
3674.797 0.794
3663.699 0.790
3652.600 0.786
3641.502 0.782
3630.403 0.778
3619.305 0.774
3608.206 0.771
3597.108 0.767
3586.010 0.763
3574.911 0.759
3563.813 0.755
3552.714 0.751
3541.616 0.747
3530.517 0.744
3519.419 0.737
3508.320 0.731
3497.222 0.725
3486.123 0.719
3475.025 0.713
3463.927 0.707
3452.786 0.700
3441.646 0.694
3430.506 0.688
3419.366 0.682
3408.226 0.676
3397.086 0.669
3385.946 0.663
3374.806 0.657
3363.666 0.651
3352.526 0.644
3341.386 0.638
3330.246 0.632
3319.106 0.626
3307.966 0.620
3296.826 0.613
3285.686 0.607
3274.546 0.601
3263.405 0.594
3252.265 0.588
3241.125 0.580
3229.985 0.572
3218.845 0.564
3207.705 0.556
3196.565 0.548
3185.425 0.540
3174.389 0.532
3163.353 0.524
3152.317 0.516
3141.281 0.508
3130.245 0.500
3119.209 0.491
3108.173 0.483
3097.137 0.475
3086.100 0.467
3075.064 0.459
3064.028 0.451
3052.992 0.443
3041.956 0.435
3030.920 0.427
3019.884 0.419
3008.848 0.411
2997.812 0.402
2986.776 0.394
2975.740 0.386
2964.704 0.378
2953.668 0.370
2942.632 0.363
2931.596 0.355
2920.560 0.347
2909.523 0.339
2898.387 0.331
2887.251 0.323
2876.114 0.315
2864.978 0.307
2853.842 0.299
2842.705 0.291
2831.569 0.284
2820.433 0.276
2809.296 0.268
2798.160 0.260
2787.024 0.252
2775.887 0.244
2764.751 0.236
2753.615 0.228
2742.478 0.220
2731.342 0.213
2720.206 0.205
2709.069 0.197
2697.933 0.189
2686.797 0.188
2675.660 0.188
2664.524 0.187
2653.388 0.187
2642.251 0.186
2631.115 0.186
2630.923 0.185
2630.731 0.184
2630.540 0.183
2630.348 0.183
2630.156 0.182
2629.964 0.181
2629.772 0.180
2629.580 0.179
2629.389 0.178
2629.197 0.177
2629.005 0.177
2628.813 0.176
2628.621 0.175
2628.429 0.174
2628.237 0.173
2628.046 0.172
2627.854 0.171
2627.662 0.171
2627.470 0.170
2627.278 0.169
2627.086 0.169
2626.894 0.169
2626.703 0.169
2626.511 0.168
2626.319 0.168
2626.357 0.168
2626.395 0.167
2626.433 0.167
2626.472 0.167
2626.510 0.166
2626.548 0.166
2626.586 0.166
2626.624 0.166
2626.663 0.165
2626.701 0.165
2626.739 0.165
2626.777 0.164
2626.815 0.164
2626.853 0.164
2626.892 0.163
2626.930 0.163
2626.968 0.163
2627.006 0.163
2627.044 0.162
2627.083 0.162
2627.121 0.162
2627.159 0.162
2627.197 0.162
2627.235 0.162
2627.273 0.162
2627.202 0.162
2627.130 0.161
2627.058 0.161
2626.987 0.161
2626.915 0.161
2626.843 0.161
2626.772 0.161
2626.700 0.161
2626.628 0.161
2626.556 0.161
2626.485 0.161
2626.413 0.160
2626.341 0.160
2626.270 0.160
2626.198 0.160
2626.126 0.160
2626.054 0.160
2625.983 0.160
2625.911 0.160
2625.839 0.160
2625.768 0.160
2625.696 0.159
2625.624 0.159
2625.552 0.159
2625.481 0.159
2625.539 0.159
2625.597 0.159
2625.656 0.158
2625.714 0.158
2625.773 0.158
2625.831 0.158
2625.889 0.158
2625.948 0.158
2626.006 0.158
2626.064 0.157
2626.123 0.157
2626.181 0.157
2626.239 0.157
2626.298 0.157
2626.356 0.157
2626.415 0.156
2626.473 0.156
2626.531 0.156
2626.590 0.156
2626.648 0.156
2626.706 0.156
2626.765 0.156
2626.823 0.155
2626.881 0.155
2626.940 0.155
2626.918 0.155
2626.896 0.155
2626.875 0.155
2626.853 0.155
2626.831 0.154
2626.809 0.154
2626.788 0.154
2626.766 0.154
2626.744 0.154
2626.722 0.154
2626.701 0.153
2626.679 0.153
2626.657 0.153
2626.636 0.153
2626.614 0.153
2626.592 0.153
2626.570 0.153
2626.549 0.152
2626.527 0.152
2626.505 0.152
2626.483 0.152
2626.462 0.152
2626.440 0.152
2626.418 0.152
2626.397 0.152
2626.403 0.152
2626.409 0.151
2626.415 0.151
2626.421 0.151
2626.428 0.151
2626.434 0.151
2626.440 0.151
2626.446 0.151
2626.452 0.151
2626.459 0.151
2626.465 0.151
2626.471 0.150
2626.477 0.150
2626.483 0.150
2626.490 0.150
2626.496 0.150
2626.502 0.150
2626.508 0.150
2626.514 0.150
2626.521 0.150
2626.527 0.150
2626.533 0.149
2626.539 0.149
2626.546 0.149
2626.552 0.149
2626.552 0.149
2626.552 0.149
2626.553 0.149
2626.553 0.149
2626.553 0.149
2626.554 0.149
2626.554 0.148
2626.554 0.148
2626.555 0.148
2626.555 0.148
2626.555 0.148
2626.555 0.148
2626.556 0.148
2626.556 0.148
2626.556 0.148
2626.557 0.148
2626.557 0.147
2626.557 0.147
2626.558 0.147
2626.558 0.147
2626.558 0.147
2626.559 0.147
2626.559 0.147
2626.559 0.147
2626.559 0.147
2626.561 0.147
2626.562 0.146
2626.563 0.146
2626.564 0.146
2626.566 0.146
2626.567 0.146
2626.568 0.146
2626.569 0.146
2626.571 0.146
2626.572 0.146
2626.573 0.146
2626.574 0.145
2626.576 0.145
2626.577 0.145
2626.578 0.145
2626.579 0.145
2626.581 0.145
2626.582 0.145
2626.583 0.145
