-20.252 -0.000
-13.572 -0.010
-6.892 -0.020
-0.213 -0.030
6.467 -0.040
13.147 -0.050
19.826 -0.059
26.506 -0.068
33.186 -0.077
44.524 -0.087
55.862 -0.097
67.200 -0.106
78.538 -0.116
89.876 -0.125
101.215 -0.134
112.553 -0.142
123.891 -0.151
135.229 -0.159
146.567 -0.168
157.905 -0.176
169.243 -0.184
180.581 -0.192
191.919 -0.199
203.258 -0.207
214.596 -0.214
225.934 -0.222
237.272 -0.229
248.610 -0.236
259.948 -0.243
271.286 -0.249
282.624 -0.256
293.963 -0.263
305.301 -0.269
316.639 -0.276
327.701 -0.282
338.763 -0.288
349.825 -0.294
360.887 -0.300
371.949 -0.306
383.012 -0.311
394.074 -0.317
405.136 -0.323
416.198 -0.328
427.260 -0.334
438.322 -0.339
449.384 -0.344
460.447 -0.349
471.509 -0.354
482.571 -0.359
493.633 -0.364
504.695 -0.369
515.757 -0.374
526.819 -0.379
537.882 -0.383
548.944 -0.388
560.006 -0.393
571.068 -0.397
582.130 -0.402
593.192 -0.406
604.291 -0.410
615.390 -0.414
626.489 -0.419
637.589 -0.423
648.688 -0.427
659.787 -0.431
670.886 -0.435
681.985 -0.439
693.084 -0.443
704.183 -0.447
715.282 -0.450
726.381 -0.454
737.480 -0.458
748.579 -0.461
759.678 -0.465
770.778 -0.469
781.877 -0.472
792.976 -0.476
804.075 -0.479
815.174 -0.546
826.273 -0.598
837.372 -0.639
848.471 -0.672
859.570 -0.700
870.669 -0.724
881.791 -0.744
892.912 -0.761
904.034 -0.776
915.155 -0.790
926.276 -0.802
937.398 -0.812
948.519 -0.822
959.641 -0.831
970.762 -0.838
981.884 -0.846
993.005 -0.852
1004.126 -0.858
1015.248 -0.864
1026.369 -0.869
1037.491 -0.874
1048.612 -0.878
1059.734 -0.882
1070.855 -0.886
1081.976 -0.890
1093.098 -0.891
1104.219 -0.892
1115.341 -0.894
1126.462 -0.895
1137.584 -0.896
1148.705 -0.897
1159.790 -0.898
1170.874 -0.899
1181.959 -0.900
1193.043 -0.901
1204.127 -0.902
1215.212 -0.903
1226.296 -0.904
1237.381 -0.905
1248.465 -0.906
1259.550 -0.907
1270.634 -0.908
1281.719 -0.909
1292.803 -0.910
1303.888 -0.911
1314.972 -0.912
1326.057 -0.912
1337.141 -0.913
1348.226 -0.914
1359.310 -0.915
1370.395 -0.915
1381.479 -0.916
1392.564 -0.917
1403.648 -0.917
1414.733 -0.918
1425.817 -0.918
1437.007 -0.919
1448.196 -0.919
1459.386 -0.920
1470.575 -0.920
1481.764 -0.921
1492.954 -0.921
1504.143 -0.922
1515.333 -0.922
1526.522 -0.923
1537.711 -0.923
1548.901 -0.924
1560.090 -0.924
1571.280 -0.925
1582.469 -0.925
1593.659 -0.926
1604.848 -0.926
1616.037 -0.927
1627.227 -0.927
1638.416 -0.928
1649.606 -0.934
1660.795 -0.939
1671.985 -0.943
1683.174 -0.947
1694.363 -0.950
1705.553 -0.953
1716.552 -0.956
1727.552 -0.959
1738.551 -0.961
1749.550 -0.963
1760.550 -0.964
1771.549 -0.966
1782.549 -0.968
1793.548 -0.969
1804.548 -0.970
1815.547 -0.971
1826.546 -0.972
1837.546 -0.973
1848.545 -0.974
1859.545 -0.975
1870.544 -0.976
1881.544 -0.977
1892.543 -0.978
1903.543 -0.978
1914.542 -0.979
1925.541 -0.979
1936.541 -0.979
1947.540 -0.979
1958.540 -0.979
1969.539 -0.979
1980.539 -0.978
1991.662 -0.978
2002.785 -0.978
2013.908 -0.978
2025.032 -0.978
2036.155 -0.978
2047.278 -0.978
2058.402 -0.978
2069.525 -0.978
2080.648 -0.978
2091.771 -0.977
2102.895 -0.977
2114.018 -0.977
2125.141 -0.977
2136.265 -0.977
2147.388 -0.977
2158.511 -0.977
2169.635 -0.977
2180.758 -0.977
2191.881 -0.977
2203.004 -0.977
2214.128 -0.978
2225.251 -0.978
2236.374 -0.979
2247.498 -0.979
2258.621 -0.980
2269.845 -0.980
2281.069 -0.980
2292.293 -0.981
2303.516 -0.981
2314.740 -0.982
2325.964 -0.982
2337.188 -0.982
2348.412 -0.983
2359.636 -0.983
2370.860 -0.983
2382.084 -0.984
2393.307 -0.984
2404.531 -0.984
2415.755 -0.985
2426.979 -0.985
2438.203 -0.985
2449.427 -0.985
2460.651 -0.986
2471.875 -0.986
2483.098 -0.986
2494.322 -0.987
2505.546 -0.987
2516.770 -0.987
2527.994 -0.988
2539.218 -0.988
2550.216 -0.988
2561.214 -0.989
2572.211 -0.989
2583.209 -0.989
2594.207 -0.989
2605.205 -0.990
2616.203 -0.990
2627.201 -0.990
2638.199 -0.990
2649.197 -0.991
2660.194 -0.991
2671.192 -0.991
2682.190 -0.991
2693.188 -0.991
2704.186 -0.992
2715.184 -0.992
2726.182 -0.992
2737.180 -0.992
2748.178 -0.992
2759.175 -0.992
2770.173 -0.993
2781.171 -0.993
2792.169 -0.993
2803.167 -0.993
2814.165 -0.993
2825.309 -0.993
2836.452 -0.993
2847.596 -0.994
2858.740 -0.994
2869.884 -0.994
2881.027 -0.994
2892.171 -0.994
2903.315 -0.994
2914.459 -0.994
2925.603 -0.994
2936.746 -0.994
2947.890 -0.995
2959.034 -0.995
2970.178 -0.995
2981.322 -0.995
2992.465 -0.995
3003.609 -0.995
3014.753 -0.995
3025.897 -0.995
3037.040 -0.995
3048.184 -0.995
3059.328 -0.996
3070.472 -0.996
3081.616 -0.996
3092.759 -0.996
3103.954 -0.996
3115.149 -0.996
3126.344 -0.996
3137.539 -0.996
3148.734 -0.996
3159.929 -0.996
3171.124 -0.996
3182.319 -0.996
3193.514 -0.997
3204.709 -0.997
3215.904 -0.997
3227.099 -0.997
3238.294 -0.997
3249.489 -0.997
3260.684 -0.997
3271.879 -0.997
3283.074 -0.997
3294.269 -0.997
3305.464 -0.997
3316.660 -0.997
3327.855 -0.997
3339.050 -0.997
3350.245 -0.997
3361.440 -0.997
3372.635 -0.997
3383.597 -0.997
3394.560 -0.997
3405.523 -0.997
3416.486 -0.997
3427.449 -0.998
3438.411 -0.998
3449.374 -0.998
3460.337 -0.998
3471.300 -0.998
3482.263 -0.998
3493.225 -0.998
3504.188 -0.998
3515.151 -0.998
3526.114 -0.998
3537.077 -0.998
3548.039 -0.998
3559.002 -0.998
3569.965 -0.998
3580.928 -0.998
3591.891 -0.998
3602.853 -0.998
3613.816 -0.998
3624.779 -0.998
3635.742 -0.998
3646.704 -0.998
3657.881 -0.998
3669.057 -0.998
3680.234 -0.998
3691.410 -0.998
3702.586 -0.998
3713.763 -0.998
3724.939 -0.998
3736.116 -0.998
3747.292 -0.998
3758.468 -0.998
3769.645 -0.998
3780.821 -0.998
3791.997 -0.998
3803.174 -0.998
3814.350 -0.998
3825.527 -0.998
3836.703 -0.998
3847.879 -0.998
3859.056 -0.998
3870.232 -0.998
3881.408 -0.998
3892.585 -0.998
3903.761 -0.998
3914.938 -0.998
3926.114 -0.998
3937.268 -0.998
3948.421 -0.998
3959.575 -0.999
3970.729 -0.999
3981.883 -0.999
3993.036 -0.999
4004.190 -0.999
4015.344 -0.999
4026.497 -0.999
4037.651 -0.999
4048.805 -0.999
4059.959 -0.999
4071.112 -0.999
4082.266 -0.999
4093.420 -0.999
4104.573 -0.999
4115.727 -0.999
4126.881 -0.999
4138.035 -0.999
4149.188 -0.999
4160.342 -0.999
4171.496 -0.999
4182.650 -0.999
4193.803 -0.999
4204.957 -0.999
4215.944 -0.999
4226.930 -0.999
4237.917 -0.999
4248.904 -0.999
4259.890 -0.999
4270.877 -0.999
4281.864 -0.999
4292.851 -0.999
4303.837 -0.999
4314.824 -0.999
4325.811 -0.999
4336.797 -0.999
4347.784 -0.999
4358.771 -0.999
4369.757 -0.999
4380.744 -0.999
4391.731 -0.999
4402.718 -0.999
4413.704 -0.999
4424.691 -0.999
4435.678 -0.999
4446.664 -0.999
4457.651 -1.000
4468.638 -1.000
4479.625 -1.000
4490.854 -1.000
4502.083 -1.000
4513.312 -1.000
4524.541 -1.000
4535.770 -1.000
4546.999 -1.000
4558.229 -1.000
4569.458 -1.000
4580.687 -1.000
4591.916 -1.000
4603.145 -1.000
4614.374 -1.000
4625.604 -1.000
4636.833 -1.000
4648.062 -1.000
4659.291 -1.000
4670.520 -1.000
4681.749 -1.000
4692.978 -1.000
4704.208 -1.000
4715.437 -1.000
4726.666 -1.000
4737.895 -1.000
4749.124 -1.000
4760.353 -1.000
4771.434 -1.000
4782.514 -1.000
4793.595 -1.000
4804.675 -1.000
4815.756 -1.000
4826.836 -1.000
4837.917 -1.000
4848.997 -1.000
4860.077 -1.000
4871.158 -1.000
4882.238 -1.000
4893.319 -1.000
4904.399 -1.000
4915.480 -1.000
4926.560 -1.000
4937.641 -1.000
4948.721 -1.000
4959.802 -1.000
4970.882 -1.000
4981.962 -1.000
4993.043 -1.000
5004.123 -1.000
5015.204 -1.000
5026.284 -1.000
5037.365 -1.001
5048.520 -1.001
5059.675 -1.001
5070.831 -1.001
5081.986 -1.001
5093.141 -1.001
5104.296 -1.001
5115.452 -1.001
5126.607 -1.001
5137.762 -1.001
5148.917 -1.001
5160.073 -1.001
5171.228 -1.001
5182.383 -1.001
5193.539 -1.001
5204.694 -1.001
5215.849 -1.001
5227.004 -1.001
5238.160 -1.001
5249.315 -1.001
5260.470 -1.001
5271.625 -1.001
5282.781 -1.001
5293.936 -1.001
5305.091 -1.001
5316.246 -1.001
5316.116 -1.001
5315.986 -1.001
5315.856 -1.001
5315.726 -1.001
5315.596 -1.001
5315.466 -1.001
5315.336 -1.001
5315.206 -1.001
5315.076 -1.001
5314.946 -1.001
5314.816 -1.001
5314.686 -1.001
5314.556 -1.001
5314.425 -1.001
5314.295 -1.001
5314.165 -1.001
5314.035 -1.001
5313.905 -1.001
5313.775 -1.001
5313.645 -1.001
5313.515 -1.001
5313.385 -1.001
5313.255 -1.001
5313.125 -1.001
5312.995 -1.001
5301.793 -1.001
5290.592 -1.001
5279.390 -1.001
5268.189 -1.001
5256.987 -1.001
5245.785 -1.001
5234.584 -1.001
5223.382 -1.001
5212.181 -1.001
5200.979 -1.001
5189.778 -1.001
5178.576 -1.001
5167.375 -1.001
5156.173 -1.001
5144.972 -1.001
5133.770 -1.001
5122.569 -1.001
5111.367 -1.001
5100.166 -1.001
5088.964 -1.001
5077.763 -1.001
5066.561 -1.001
5055.360 -1.001
5044.158 -1.001
5032.957 -1.001
5021.996 -1.001
5011.035 -1.001
5000.074 -1.001
4989.113 -1.001
4978.152 -1.001
4967.191 -1.001
4956.230 -1.001
4945.269 -1.001
4934.308 -1.001
4923.347 -1.001
4912.386 -1.001
4901.425 -1.001
4890.464 -1.001
4879.503 -1.001
4868.542 -1.001
4857.582 -1.001
4846.621 -1.001
4835.660 -1.001
4824.699 -1.001
4813.738 -1.001
4802.777 -1.001
4791.816 -1.001
4780.855 -1.001
4769.894 -1.002
4758.933 -1.002
4747.593 -1.002
4736.253 -1.002
4724.912 -1.002
4713.572 -1.002
4702.232 -1.002
4690.891 -1.002
4679.551 -1.002
4668.211 -1.002
4656.870 -1.002
4645.530 -1.002
4634.190 -1.002
4622.850 -1.002
4611.509 -1.002
4600.169 -1.002
4588.829 -1.002
4577.488 -1.002
4566.148 -1.002
4554.808 -1.002
4543.468 -1.002
4532.127 -1.002
4520.787 -1.002
4509.447 -1.002
4498.106 -1.002
4486.766 -1.002
4475.426 -1.002
4464.387 -1.002
4453.349 -1.002
4442.310 -1.002
4431.272 -1.002
4420.233 -1.002
4409.195 -1.002
4398.156 -1.002
4387.117 -1.002
4376.079 -1.002
4365.040 -1.002
4354.002 -1.002
4342.963 -1.002
4331.925 -1.002
4320.886 -1.002
4309.848 -1.002
4298.809 -1.002
4287.771 -1.002
4276.732 -1.002
4265.693 -1.002
4254.655 -1.002
4243.616 -1.002
4232.578 -1.002
4221.539 -1.002
4210.501 -1.002
4199.462 -1.002
4188.508 -1.002
4177.554 -1.002
4166.600 -1.002
4155.646 -1.002
4144.692 -1.002
4133.738 -1.002
4122.783 -1.002
4111.829 -1.002
4100.875 -1.002
4089.921 -1.002
4078.967 -1.002
4068.013 -1.002
4057.059 -1.002
4046.105 -1.002
4035.151 -1.002
4024.196 -1.002
4013.242 -1.002
4002.288 -1.002
3991.334 -1.002
3980.380 -1.002
3969.426 -1.002
3958.472 -1.002
3947.518 -1.002
3936.564 -1.003
3925.610 -1.003
3914.251 -1.003
3902.893 -1.003
3891.535 -1.003
3880.176 -1.003
3868.818 -1.003
3857.460 -1.003
3846.101 -1.003
3834.743 -1.003
3823.385 -1.003
3812.027 -1.003
3800.668 -1.003
3789.310 -1.003
3777.952 -1.003
3766.593 -1.003
3755.235 -1.003
3743.877 -1.003
3732.518 -1.003
3721.160 -1.003
3709.802 -1.003
3698.444 -1.003
3687.085 -1.003
3675.727 -1.003
3664.369 -1.003
3653.010 -1.003
3641.652 -1.003
3630.661 -1.003
3619.670 -1.003
3608.679 -1.003
3597.688 -1.003
3586.697 -1.003
3575.706 -1.003
3564.715 -1.003
3553.724 -1.003
3542.733 -1.003
3531.742 -1.003
3520.751 -1.003
3509.760 -1.003
3498.768 -1.003
3487.777 -1.003
3476.786 -1.003
3465.795 -1.003
3454.804 -1.003
3443.813 -1.003
3432.822 -1.003
3421.831 -1.003
3410.840 -1.003
3399.849 -1.003
3388.858 -1.003
3377.867 -1.004
3366.876 -1.004
3355.786 -1.004
3344.697 -1.004
3333.608 -1.004
3322.518 -1.004
3311.429 -1.004
3300.339 -1.004
3289.250 -1.004
3278.160 -1.004
3267.071 -1.004
3255.981 -1.004
3244.892 -1.004
3233.802 -1.004
3222.713 -1.004
3211.624 -1.004
3200.534 -1.004
3189.445 -1.004
3178.355 -1.004
3167.266 -1.004
3156.176 -1.004
3145.087 -1.004
3133.997 -1.004
3122.908 -1.004
3111.818 -1.004
3100.729 -1.004
3089.639 -1.005
3078.422 -1.005
3067.205 -1.005
3055.987 -1.005
3044.770 -1.005
3033.553 -1.005
3022.335 -1.005
3011.118 -1.005
2999.901 -1.005
2988.683 -1.005
2977.466 -1.005
2966.249 -1.005
2955.031 -1.005
2943.814 -1.005
2932.596 -1.006
2921.379 -1.006
2910.162 -1.006
2898.944 -1.006
2887.727 -1.006
2876.510 -1.006
2865.292 -1.006
2854.075 -1.006
2842.858 -1.006
2831.640 -1.006
2820.423 -1.006
2809.206 -1.007
2799.966 -1.007
2790.727 -1.007
2781.488 -1.007
2772.249 -1.007
2763.009 -1.007
2753.770 -1.007
2744.531 -1.007
2735.292 -1.007
2726.052 -1.007
2716.813 -1.007
2707.574 -1.007
2698.335 -1.008
2689.095 -1.008
2679.856 -1.008
2670.617 -1.008
2661.378 -1.008
2652.138 -1.008
2642.899 -1.008
2633.660 -1.008
2624.421 -1.008
2615.181 -1.008
2605.942 -1.008
2596.703 -1.008
2587.464 -1.008
2578.224 -1.008
2589.625 -1.008
2601.026 -1.008
2612.427 -1.008
2623.828 -1.008
2635.228 -1.008
2646.629 -1.008
2658.030 -1.008
2669.431 -1.008
2680.832 -1.008
2692.233 -1.007
2703.633 -1.007
2715.034 -1.007
2726.435 -1.007
2737.836 -1.007
2749.237 -1.007
2760.638 -1.007
2772.038 -1.007
2783.439 -1.007
2794.840 -1.007
2806.241 -1.007
2817.642 -1.007
2829.043 -1.007
2840.443 -1.007
2851.844 -1.007
2863.245 -1.007
2874.569 -1.007
2885.892 -1.007
2897.216 -1.007
2908.539 -1.006
2919.863 -1.006
2931.186 -1.006
2942.510 -1.006
2953.833 -1.006
2965.157 -1.006
2976.480 -1.006
2987.804 -1.006
2999.127 -1.006
3010.451 -1.006
3021.774 -1.006
3033.098 -1.006
3044.421 -1.006
3055.745 -1.006
3067.068 -1.006
3078.392 -1.006
3089.716 -1.006
3101.039 -1.006
3112.363 -1.006
3123.686 -1.006
3135.010 -1.006
3146.333 -1.006
3157.589 -1.006
3168.845 -1.006
3180.102 -1.006
3191.358 -1.005
3202.614 -1.005
3213.870 -1.005
3225.126 -1.005
3236.382 -1.005
3247.639 -1.005
3258.895 -1.005
3270.151 -1.005
3281.407 -1.005
3292.663 -1.005
3303.919 -1.005
3315.176 -1.005
3326.432 -1.005
3337.688 -1.005
3348.944 -1.005
3360.200 -1.005
3371.456 -1.005
3382.713 -1.005
3393.969 -1.005
3405.225 -1.005
3416.481 -1.005
3427.737 -1.005
3438.692 -1.005
3449.647 -1.005
3460.601 -1.005
3471.556 -1.005
3482.511 -1.005
3493.466 -1.005
3504.420 -1.005
3515.375 -1.005
3526.330 -1.005
3537.285 -1.005
3548.239 -1.005
3559.194 -1.005
3570.149 -1.005
3581.103 -1.005
3592.058 -1.005
3603.013 -1.005
3613.968 -1.005
3624.922 -1.005
3635.877 -1.005
3646.832 -1.005
3657.787 -1.005
3668.741 -1.005
3679.696 -1.005
3690.651 -1.005
3701.605 -1.005
3712.675 -1.005
3723.745 -1.005
3734.814 -1.005
3745.884 -1.005
3756.953 -1.005
3768.023 -1.005
3779.093 -1.005
3790.162 -1.005
3801.232 -1.005
3812.301 -1.005
3823.371 -1.005
3834.440 -1.005
3845.510 -1.005
3856.580 -1.005
3867.649 -1.005
3878.719 -1.005
3889.788 -1.005
3900.858 -1.005
3911.928 -1.005
3922.997 -1.005
3934.067 -1.005
3945.136 -1.005
3956.206 -1.005
3967.276 -1.005
3978.345 -1.005
3989.659 -1.005
4000.972 -1.005
4012.286 -1.005
4023.600 -1.005
4034.913 -1.005
4046.227 -1.005
4057.540 -1.005
4068.854 -1.005
4080.167 -1.005
4091.481 -1.005
4102.795 -1.005
4114.108 -1.005
4125.422 -1.005
4136.735 -1.005
4148.049 -1.005
4159.363 -1.005
4170.676 -1.005
4181.990 -1.005
4193.303 -1.005
4204.617 -1.005
4215.931 -1.005
4227.244 -1.005
4238.558 -1.005
4249.871 -1.005
4261.185 -1.005
4272.134 -1.005
4283.083 -1.005
4294.031 -1.005
4304.980 -1.005
4315.929 -1.005
4326.878 -1.005
4337.827 -1.005
4348.776 -1.005
4359.724 -1.005
4370.673 -1.005
4381.622 -1.005
4392.571 -1.005
4403.520 -1.005
4414.469 -1.005
4425.417 -1.005
4436.366 -1.005
4447.315 -1.005
4458.264 -1.005
4469.213 -1.005
4480.162 -1.005
4491.110 -1.005
4502.059 -1.005
4513.008 -1.005
4523.957 -1.005
4534.906 -1.005
4545.973 -1.005
4557.041 -1.005
4568.109 -1.005
4579.177 -1.005
4590.244 -1.005
4601.312 -1.005
4612.380 -1.005
4623.448 -1.005
4634.515 -1.005
4645.583 -1.005
4656.651 -1.005
4667.718 -1.005
4678.786 -1.005
4689.854 -1.005
4700.922 -1.005
4711.989 -1.005
4723.057 -1.005
4734.125 -1.005
4745.193 -1.005
4756.260 -1.005
4767.328 -1.005
4778.396 -1.005
4789.463 -1.005
4800.531 -1.005
4811.599 -1.005
4822.875 -1.005
4834.150 -1.005
4845.426 -1.005
4856.702 -1.005
4867.977 -1.005
4879.253 -1.005
4890.529 -1.005
4901.805 -1.005
4913.080 -1.005
4924.356 -1.005
4935.632 -1.005
4946.908 -1.005
4958.183 -1.005
4969.459 -1.005
4980.735 -1.005
4992.010 -1.005
5003.286 -1.005
5014.562 -1.005
5025.838 -1.005
5037.113 -1.005
5048.389 -1.005
5059.665 -1.005
5070.940 -1.005
5082.216 -1.005
5093.492 -1.005
5104.452 -1.005
5115.413 -1.005
5126.373 -1.005
5137.333 -1.005
5148.293 -1.005
5159.254 -1.005
5170.214 -1.005
5181.174 -1.005
5192.135 -1.005
5203.095 -1.005
5214.055 -1.005
5225.016 -1.005
5235.976 -1.005
5246.936 -1.005
5257.897 -1.005
5268.857 -1.005
5279.817 -1.005
5290.778 -1.005
5301.738 -1.005
5312.698 -1.005
5323.658 -1.005
5334.619 -1.005
5345.579 -1.005
5356.539 -1.005
5367.500 -1.005
5363.932 -1.005
5360.364 -1.005
5356.796 -1.005
5353.228 -1.006
5349.660 -1.006
5346.093 -1.006
5342.525 -1.006
5338.957 -1.006
5335.389 -1.006
5331.821 -1.006
5328.253 -1.006
5324.685 -1.006
5321.118 -1.006
5317.550 -1.006
5313.982 -1.006
5310.414 -1.006
5306.846 -1.006
5303.278 -1.006
5299.710 -1.006
5296.143 -1.006
5292.575 -1.006
5289.007 -1.006
5285.439 -1.006
5281.871 -1.006
5278.303 -1.006
5267.042 -1.006
5255.782 -1.006
5244.521 -1.006
5233.260 -1.006
5221.999 -1.006
5210.738 -1.006
5199.477 -1.006
5188.217 -1.006
5176.956 -1.006
5165.695 -1.006
5154.434 -1.006
5143.173 -1.006
5131.913 -1.006
5120.652 -1.007
5109.391 -1.007
5098.130 -1.007
5086.869 -1.007
5075.608 -1.007
5064.348 -1.007
5053.087 -1.007
5041.826 -1.007
5030.565 -1.007
5019.304 -1.007
5008.044 -1.007
4996.783 -1.007
4985.695 -1.007
4974.607 -1.007
4963.519 -1.007
4952.431 -1.007
4941.343 -1.007
4930.255 -1.007
4919.167 -1.007
4908.080 -1.007
4896.992 -1.007
4885.904 -1.007
4874.816 -1.007
4863.728 -1.007
4852.640 -1.007
4841.552 -1.007
4830.464 -1.007
4819.376 -1.007
4808.288 -1.007
4797.200 -1.007
4786.113 -1.008
4775.025 -1.008
4763.937 -1.008
4752.849 -1.008
4741.761 -1.008
4730.673 -1.008
4719.585 -1.008
4708.590 -1.008
4697.594 -1.008
4686.599 -1.008
4675.604 -1.008
4664.608 -1.008
4653.613 -1.008
4642.617 -1.008
4631.622 -1.008
4620.627 -1.008
4609.631 -1.008
4598.636 -1.008
4587.640 -1.008
4576.645 -1.008
4565.650 -1.008
4554.654 -1.008
4543.659 -1.008
4532.663 -1.008
4521.668 -1.008
4510.673 -1.008
4499.677 -1.008
4488.682 -1.008
4477.686 -1.008
4466.691 -1.009
4455.696 -1.009
4444.700 -1.009
4433.426 -1.009
4422.152 -1.009
4410.878 -1.009
4399.604 -1.009
4388.329 -1.009
4377.055 -1.009
4365.781 -1.009
4354.507 -1.009
4343.233 -1.009
4331.959 -1.009
4320.684 -1.009
4309.410 -1.009
4298.136 -1.009
4286.862 -1.009
4275.588 -1.009
4264.314 -1.009
4253.039 -1.009
4241.765 -1.009
4230.491 -1.009
4219.217 -1.009
4207.943 -1.009
4196.669 -1.009
4185.394 -1.009
4174.120 -1.009
4162.846 -1.009
4151.759 -1.010
4140.671 -1.010
4129.584 -1.010
4118.497 -1.010
4107.410 -1.010
4096.322 -1.010
4085.235 -1.010
4074.148 -1.010
4063.061 -1.010
4051.973 -1.010
4040.886 -1.010
4029.799 -1.010
4018.711 -1.010
4007.624 -1.010
3996.537 -1.010
3985.450 -1.010
3974.362 -1.010
3963.275 -1.010
3952.188 -1.010
3941.100 -1.010
3930.013 -1.010
3918.926 -1.010
3907.839 -1.010
3896.751 -1.011
3885.664 -1.011
3874.679 -1.011
3863.694 -1.011
3852.709 -1.011
3841.725 -1.011
3830.740 -1.011
3819.755 -1.011
3808.770 -1.011
3797.785 -1.011
3786.800 -1.011
3775.816 -1.011
3764.831 -1.011
3753.846 -1.011
3742.861 -1.011
3731.876 -1.011
3720.891 -1.011
3709.907 -1.011
3698.922 -1.011
3687.937 -1.011
3676.952 -1.011
3665.967 -1.012
3654.982 -1.012
3643.997 -1.012
3633.013 -1.012
3622.028 -1.012
3611.043 -1.012
3599.785 -1.012
3588.528 -1.012
3577.270 -1.012
3566.012 -1.012
3554.754 -1.012
3543.497 -1.012
3532.239 -1.013
3520.981 -1.013
3509.724 -1.013
3498.466 -1.013
3487.208 -1.013
3475.950 -1.013
3464.693 -1.013
3453.435 -1.013
3442.177 -1.013
3430.920 -1.013
3419.662 -1.013
3408.404 -1.014
3397.146 -1.014
3385.889 -1.014
3374.631 -1.014
3363.373 -1.014
3352.116 -1.014
3340.858 -1.015
3329.600 -1.015
3318.459 -1.015
3307.318 -1.015
3296.177 -1.015
3285.036 -1.015
3273.895 -1.016
3262.754 -1.016
3251.613 -1.016
3240.472 -1.016
3229.331 -1.017
3218.190 -1.017
3207.049 -1.017
3195.908 -1.017
3184.767 -1.018
3173.626 -1.018
3162.485 -1.018
3151.344 -1.018
3140.203 -1.019
3129.062 -1.019
3117.921 -1.019
3106.780 -1.020
3095.639 -1.020
3084.498 -1.020
3073.357 -1.020
3062.216 -1.021
3051.075 -1.021
3039.969 -1.021
3028.863 -1.021
3017.757 -1.022
3006.650 -1.022
2995.544 -1.022
2984.438 -1.023
2973.332 -1.023
2962.226 -1.023
2951.119 -1.024
2940.013 -1.024
2928.907 -1.024
2917.801 -1.025
2906.694 -1.025
2895.588 -1.025
2884.482 -1.026
2873.376 -1.026
2862.270 -1.027
2851.163 -1.027
2840.057 -1.028
2828.951 -1.028
2817.845 -1.028
2806.738 -1.028
2795.632 -1.029
2784.526 -1.029
2773.420 -1.029
2768.725 -1.030
2764.030 -1.030
2759.336 -1.031
2754.641 -1.031
2749.946 -1.031
2745.251 -1.032
2740.557 -1.032
2735.862 -1.032
2731.167 -1.033
2726.472 -1.033
2721.778 -1.034
2717.083 -1.034
2712.388 -1.035
2707.693 -1.035
2702.999 -1.036
2698.304 -1.036
2693.609 -1.037
2688.914 -1.037
2684.220 -1.038
2679.525 -1.037
2674.830 -1.036
2670.135 -1.035
2665.441 -1.035
2660.746 -1.034
2656.051 -1.033
2667.554 -1.033
2679.057 -1.032
2690.560 -1.032
2702.063 -1.031
2713.566 -1.031
2725.069 -1.030
2736.572 -1.030
2748.075 -1.029
2759.578 -1.029
2771.081 -1.028
2782.584 -1.028
2794.087 -1.027
2805.590 -1.027
2817.093 -1.027
2828.595 -1.026
2840.098 -1.026
2851.601 -1.026
2863.104 -1.025
2874.607 -1.025
2886.110 -1.024
2897.613 -1.024
2909.116 -1.024
2920.619 -1.023
2932.122 -1.023
2943.625 -1.023
2954.783 -1.022
2965.940 -1.022
2977.097 -1.022
2988.255 -1.022
2999.412 -1.021
3010.570 -1.021
3021.727 -1.021
3032.885 -1.020
3044.042 -1.020
3055.200 -1.020
3066.357 -1.020
3077.514 -1.019
3088.672 -1.019
3099.829 -1.019
3110.987 -1.019
3122.144 -1.019
3133.302 -1.018
3144.459 -1.018
3155.617 -1.018
3166.774 -1.018
3177.931 -1.018
3189.089 -1.018
3200.246 -1.017
3211.404 -1.017
3222.561 -1.017
3233.812 -1.017
3245.062 -1.017
3256.313 -1.017
3267.563 -1.017
3278.814 -1.016
3290.065 -1.016
3301.315 -1.016
3312.566 -1.016
3323.816 -1.016
3335.067 -1.016
3346.317 -1.016
3357.568 -1.016
3368.819 -1.015
3380.069 -1.015
3391.320 -1.015
3402.570 -1.015
3413.821 -1.015
3425.071 -1.015
3436.322 -1.015
3447.573 -1.015
3458.823 -1.015
3470.074 -1.015
3481.324 -1.014
3492.575 -1.014
3503.826 -1.014
3514.813 -1.014
3525.801 -1.014
3536.788 -1.014
3547.776 -1.014
3558.764 -1.014
3569.751 -1.014
3580.739 -1.014
3591.727 -1.014
3602.714 -1.014
3613.702 -1.014
3624.689 -1.014
3635.677 -1.014
3646.665 -1.014
3657.652 -1.014
3668.640 -1.014
3679.628 -1.013
3690.615 -1.013
3701.603 -1.013
3712.591 -1.013
3723.578 -1.013
3734.566 -1.013
3745.553 -1.013
3756.541 -1.013
3767.529 -1.013
3778.516 -1.013
3789.549 -1.013
3800.581 -1.013
3811.613 -1.013
3822.646 -1.013
3833.678 -1.013
3844.710 -1.013
3855.743 -1.013
3866.775 -1.013
3877.807 -1.013
3888.840 -1.013
3899.872 -1.013
3910.904 -1.013
3921.937 -1.013
3932.969 -1.013
3944.001 -1.013
3955.034 -1.013
3966.066 -1.013
3977.098 -1.013
3988.131 -1.013
3999.163 -1.013
4010.195 -1.013
4021.228 -1.013
4032.260 -1.013
4043.292 -1.013
4054.325 -1.013
4065.645 -1.013
4076.965 -1.013
4088.285 -1.013
4099.605 -1.013
4110.925 -1.013
4122.245 -1.013
4133.566 -1.013
4144.886 -1.013
4156.206 -1.013
4167.526 -1.013
4178.846 -1.013
4190.166 -1.013
4201.486 -1.013
4212.806 -1.013
4224.126 -1.013
4235.447 -1.013
4246.767 -1.013
4258.087 -1.013
4269.407 -1.013
4280.727 -1.013
4292.047 -1.013
4303.367 -1.013
4314.687 -1.013
4326.007 -1.013
4337.328 -1.013
4348.278 -1.013
4359.228 -1.013
4370.179 -1.013
4381.129 -1.013
4392.080 -1.012
4403.030 -1.012
4413.980 -1.012
4424.931 -1.012
4435.881 -1.012
4446.831 -1.012
4457.782 -1.012
4468.732 -1.012
4479.683 -1.012
4490.633 -1.012
4501.583 -1.012
4512.534 -1.012
4523.484 -1.012
4534.434 -1.012
4545.385 -1.012
4556.335 -1.012
4567.286 -1.012
4578.236 -1.012
4589.186 -1.012
4600.137 -1.012
4611.087 -1.012
4622.233 -1.012
4633.378 -1.012
4644.524 -1.012
4655.670 -1.012
4666.815 -1.012
4677.961 -1.012
4689.107 -1.012
4700.252 -1.012
4711.398 -1.012
4722.544 -1.011
4733.689 -1.011
4744.835 -1.011
4755.981 -1.011
4767.126 -1.011
4778.272 -1.011
4789.417 -1.011
4800.563 -1.011
4811.709 -1.011
4822.854 -1.011
4834.000 -1.011
4845.146 -1.011
4856.291 -1.011
4867.437 -1.011
4878.583 -1.011
4889.728 -1.011
4900.923 -1.011
4912.118 -1.011
4923.313 -1.011
4934.508 -1.011
4945.703 -1.011
4956.898 -1.011
4968.093 -1.011
4979.288 -1.011
4990.483 -1.011
5001.678 -1.011
5012.873 -1.011
5024.068 -1.011
5035.263 -1.011
5046.458 -1.011
5057.653 -1.011
5068.848 -1.011
5080.043 -1.011
5091.238 -1.011
5102.433 -1.011
5113.628 -1.011
5124.823 -1.011
5136.018 -1.011
5147.213 -1.011
5158.408 -1.011
5169.603 -1.011
5180.562 -1.011
5191.520 -1.011
5202.479 -1.011
5213.437 -1.011
5224.396 -1.011
5235.354 -1.011
5246.313 -1.011
5257.271 -1.011
5268.230 -1.011
5279.188 -1.011
5290.146 -1.011
5301.105 -1.011
5312.063 -1.011
5323.022 -1.011
5333.980 -1.011
5344.939 -1.011
5355.897 -1.011
5366.856 -1.011
5377.814 -1.011
5388.773 -1.011
5399.731 -1.011
5410.689 -1.011
5421.648 -1.011
5432.606 -1.011
5443.565 -1.011
5434.596 -1.011
5425.626 -1.011
5416.657 -1.011
5407.688 -1.011
5398.719 -1.011
5389.750 -1.011
5380.781 -1.011
5371.811 -1.011
5362.842 -1.012
5353.873 -1.012
5344.904 -1.012
5335.935 -1.012
5326.966 -1.012
5317.996 -1.012
5309.027 -1.012
5300.058 -1.012
5291.089 -1.012
5282.120 -1.012
5273.151 -1.012
5264.181 -1.012
5255.212 -1.012
5246.243 -1.012
5237.274 -1.012
5228.305 -1.012
5219.336 -1.012
5208.185 -1.012
5197.034 -1.012
5185.883 -1.012
5174.732 -1.012
5163.581 -1.013
5152.430 -1.013
5141.279 -1.013
5130.128 -1.013
5118.977 -1.013
5107.826 -1.013
5096.675 -1.013
5085.524 -1.013
5074.374 -1.013
5063.223 -1.013
5052.072 -1.013
5040.921 -1.013
5029.770 -1.013
5018.619 -1.013
5007.468 -1.013
4996.317 -1.013
4985.166 -1.013
4974.015 -1.013
4962.864 -1.014
4951.713 -1.014
4940.562 -1.014
4929.249 -1.014
4917.936 -1.014
4906.623 -1.014
4895.309 -1.014
4883.996 -1.014
4872.683 -1.014
4861.370 -1.014
4850.056 -1.014
4838.743 -1.014
4827.430 -1.014
4816.116 -1.014
4804.803 -1.014
4793.490 -1.014
4782.177 -1.014
4770.863 -1.015
4759.550 -1.015
4748.237 -1.015
4736.923 -1.015
4725.610 -1.015
4714.297 -1.015
4702.984 -1.015
4691.670 -1.015
4680.357 -1.015
4669.044 -1.015
4657.730 -1.015
4646.636 -1.015
4635.542 -1.015
4624.448 -1.015
4613.354 -1.015
4602.260 -1.015
4591.166 -1.015
4580.072 -1.016
4568.977 -1.016
4557.883 -1.016
4546.789 -1.016
4535.695 -1.016
4524.601 -1.016
4513.507 -1.016
4502.413 -1.016
4491.319 -1.016
4480.225 -1.016
4469.130 -1.016
4458.036 -1.016
4446.942 -1.016
4435.848 -1.016
4424.754 -1.016
4413.660 -1.016
4402.566 -1.016
4391.472 -1.017
4380.378 -1.017
4369.444 -1.017
4358.510 -1.017
4347.577 -1.017
4336.643 -1.017
4325.709 -1.017
4314.776 -1.017
4303.842 -1.017
4292.909 -1.017
4281.975 -1.017
4271.041 -1.017
4260.108 -1.017
4249.174 -1.017
4238.241 -1.017
4227.307 -1.017
4216.373 -1.018
4205.440 -1.018
4194.506 -1.018
4183.572 -1.018
4172.639 -1.018
4161.705 -1.018
4150.772 -1.018
4139.838 -1.018
4128.904 -1.018
4117.971 -1.018
4107.037 -1.018
4095.682 -1.018
4084.327 -1.018
4072.972 -1.018
4061.618 -1.019
4050.263 -1.019
4038.908 -1.019
4027.553 -1.019
4016.198 -1.019
4004.843 -1.019
3993.488 -1.019
3982.133 -1.019
3970.779 -1.019
3959.424 -1.019
3948.069 -1.019
3936.714 -1.019
3925.359 -1.019
3914.004 -1.020
3902.649 -1.020
3891.294 -1.020
3879.939 -1.020
3868.585 -1.020
3857.230 -1.020
3845.875 -1.020
3834.520 -1.020
3823.165 -1.020
3812.150 -1.020
3801.136 -1.020
3790.121 -1.020
3779.107 -1.021
3768.092 -1.021
3757.077 -1.021
3746.063 -1.021
3735.048 -1.021
3724.033 -1.021
3713.019 -1.021
3702.004 -1.021
3690.989 -1.021
3679.975 -1.021
3668.960 -1.021
3657.945 -1.022
3646.931 -1.022
3635.916 -1.022
3624.902 -1.022
3613.887 -1.022
3602.872 -1.022
3591.858 -1.022
3580.843 -1.022
3569.828 -1.023
3558.814 -1.023
3547.799 -1.023
3536.827 -1.023
3525.855 -1.024
3514.883 -1.024
3503.911 -1.024
3492.938 -1.024
3481.966 -1.025
3470.994 -1.025
3460.022 -1.025
3449.050 -1.025
3438.078 -1.026
3427.106 -1.026
3416.134 -1.026
3405.162 -1.026
3394.189 -1.027
3383.217 -1.027
3372.245 -1.027
3361.273 -1.028
3350.301 -1.028
3339.329 -1.028
3328.357 -1.028
3317.385 -1.029
3306.413 -1.029
3295.440 -1.029
3284.468 -1.030
3273.496 -1.030
3262.129 -1.030
3250.762 -1.031
3239.394 -1.031
3228.027 -1.031
3216.660 -1.032
3205.292 -1.032
3193.925 -1.032
3182.558 -1.033
3171.191 -1.033
3159.823 -1.033
3148.456 -1.034
3137.089 -1.034
3125.721 -1.035
3114.354 -1.035
3102.987 -1.035
3091.619 -1.036
3080.252 -1.036
3068.885 -1.037
3057.518 -1.037
3046.150 -1.038
3034.783 -1.038
3023.416 -1.039
3012.048 -1.040
3000.681 -1.040
2989.314 -1.041
2978.346 -1.042
2967.379 -1.043
2956.411 -1.043
2945.444 -1.044
2934.476 -1.045
2923.509 -1.046
2912.542 -1.047
2901.574 -1.048
2890.607 -1.049
2879.639 -1.050
2868.672 -1.051
2857.704 -1.052
2846.737 -1.054
2835.769 -1.055
2824.802 -1.056
2813.834 -1.058
2802.867 -1.059
2791.900 -1.061
2780.932 -1.062
2769.965 -1.063
2758.997 -1.063
2748.030 -1.063
2737.062 -1.064
2726.095 -1.064
2715.127 -1.064
2716.840 -1.065
2718.552 -1.065
2720.264 -1.065
2721.977 -1.066
2723.689 -1.066
2725.402 -1.067
2727.114 -1.067
2728.826 -1.067
2730.539 -1.068
2732.251 -1.068
2733.963 -1.069
2735.676 -1.069
2737.388 -1.070
2739.101 -1.070
2740.813 -1.071
2742.525 -1.071
2744.238 -1.071
2745.950 -1.072
2747.662 -1.072
2749.375 -1.070
2751.087 -1.068
2752.800 -1.066
2754.512 -1.064
2756.224 -1.062
2757.937 -1.061
2769.222 -1.059
2780.507 -1.058
2791.792 -1.056
2803.077 -1.055
2814.362 -1.054
2825.647 -1.052
2836.932 -1.051
2848.217 -1.050
2859.502 -1.049
2870.787 -1.048
2882.072 -1.047
2893.357 -1.046
2904.642 -1.045
2915.927 -1.045
2927.212 -1.044
2938.497 -1.043
2949.782 -1.042
2961.067 -1.042
2972.352 -1.041
2983.637 -1.040
2994.922 -1.040
3006.207 -1.039
3017.493 -1.038
3028.778 -1.038
3040.063 -1.037
3051.132 -1.037
3062.201 -1.036
3073.269 -1.036
3084.338 -1.035
3095.407 -1.035
3106.476 -1.034
3117.545 -1.034
3128.614 -1.033
3139.683 -1.033
3150.752 -1.033
3161.821 -1.032
3172.890 -1.032
3183.959 -1.031
3195.028 -1.031
3206.097 -1.031
3217.166 -1.030
3228.235 -1.030
3239.304 -1.030
3250.373 -1.029
3261.442 -1.029
3272.511 -1.029
3283.580 -1.029
3294.649 -1.028
3305.718 -1.028
3316.787 -1.028
3327.949 -1.028
3339.110 -1.027
3350.272 -1.027
3361.434 -1.027
3372.596 -1.027
3383.758 -1.027
3394.919 -1.026
3406.081 -1.026
3417.243 -1.026
3428.405 -1.026
3439.566 -1.025
3450.728 -1.025
3461.890 -1.025
3473.052 -1.025
3484.214 -1.025
3495.375 -1.025
3506.537 -1.024
3517.699 -1.024
3528.861 -1.024
3540.023 -1.024
3551.184 -1.024
3562.346 -1.024
3573.508 -1.024
3584.670 -1.024
3595.832 -1.024
3606.855 -1.023
3617.879 -1.023
3628.902 -1.023
3639.926 -1.023
3650.950 -1.023
3661.973 -1.023
3672.997 -1.023
3684.021 -1.023
3695.044 -1.023
3706.068 -1.023
3717.092 -1.023
3728.115 -1.023
3739.139 -1.023
3750.163 -1.022
3761.186 -1.022
3772.210 -1.022
3783.233 -1.022
3794.257 -1.022
3805.281 -1.022
3816.304 -1.022
3827.328 -1.022
3838.352 -1.022
3849.375 -1.022
3860.399 -1.022
3871.423 -1.022
3882.525 -1.022
3893.626 -1.022
3904.728 -1.022
3915.830 -1.022
3926.932 -1.022
3938.034 -1.022
3949.136 -1.022
3960.238 -1.022
3971.340 -1.022
3982.441 -1.022
3993.543 -1.022
4004.645 -1.022
4015.747 -1.022
4026.849 -1.022
4037.951 -1.022
4049.053 -1.022
4060.155 -1.021
4071.256 -1.021
4082.358 -1.021
4093.460 -1.021
4104.562 -1.021
4115.664 -1.021
4126.766 -1.021
4137.868 -1.021
4148.969 -1.021
4160.216 -1.021
4171.462 -1.021
4182.708 -1.021
4193.954 -1.021
4205.201 -1.021
4216.447 -1.021
4227.693 -1.021
4238.939 -1.021
4250.186 -1.021
4261.432 -1.021
4272.678 -1.021
4283.924 -1.021
4295.170 -1.021
4306.417 -1.021
4317.663 -1.021
4328.909 -1.021
4340.155 -1.021
4351.402 -1.021
4362.648 -1.021
4373.894 -1.020
4385.140 -1.020
4396.387 -1.020
4407.633 -1.020
4418.879 -1.020
4430.125 -1.020
4441.124 -1.020
4452.122 -1.020
4463.121 -1.020
4474.119 -1.020
4485.118 -1.020
4496.116 -1.020
4507.115 -1.020
4518.113 -1.020
4529.112 -1.020
4540.110 -1.020
4551.109 -1.020
4562.107 -1.020
4573.106 -1.020
4584.104 -1.020
4595.103 -1.020
4606.101 -1.019
4617.100 -1.019
4628.098 -1.019
4639.097 -1.019
4650.095 -1.019
4661.094 -1.019
4672.092 -1.019
4683.091 -1.019
4694.089 -1.019
4705.088 -1.019
4716.262 -1.019
4727.435 -1.019
4738.609 -1.019
4749.783 -1.019
4760.957 -1.019
4772.131 -1.019
4783.305 -1.019
4794.479 -1.019
4805.653 -1.019
4816.827 -1.018
4828.001 -1.018
4839.174 -1.018
4850.348 -1.018
4861.522 -1.018
4872.696 -1.018
4883.870 -1.018
4895.044 -1.018
4906.218 -1.018
4917.392 -1.018
4928.566 -1.018
4939.740 -1.018
4950.913 -1.018
4962.087 -1.018
4973.261 -1.018
4984.435 -1.018
4995.568 -1.018
5006.702 -1.017
5017.835 -1.017
5028.968 -1.017
5040.101 -1.017
5051.234 -1.017
5062.368 -1.017
5073.501 -1.017
5084.634 -1.017
5095.767 -1.017
5106.901 -1.017
5118.034 -1.017
5129.167 -1.017
5140.300 -1.017
5151.434 -1.017
5162.567 -1.016
5173.700 -1.016
5184.833 -1.016
5195.966 -1.016
5207.100 -1.016
5218.233 -1.016
5229.366 -1.016
5240.499 -1.017
5251.633 -1.017
5262.766 -1.017
5268.071 -1.017
5273.376 -1.017
5278.681 -1.017
5283.986 -1.017
5289.291 -1.017
5294.596 -1.017
5299.901 -1.017
5305.206 -1.017
5310.511 -1.017
5315.817 -1.017
5321.122 -1.017
5326.427 -1.017
5331.732 -1.017
5337.037 -1.017
5342.342 -1.017
5347.647 -1.017
5352.952 -1.018
5358.257 -1.018
5363.562 -1.018
5368.867 -1.018
5374.172 -1.018
5379.477 -1.018
5384.782 -1.018
5390.088 -1.018
5395.393 -1.018
5383.887 -1.018
5372.382 -1.018
5360.877 -1.018
5349.372 -1.018
5337.867 -1.018
5326.362 -1.019
5314.857 -1.019
5303.352 -1.019
5291.846 -1.019
5280.341 -1.019
5268.836 -1.019
5257.331 -1.019
5245.826 -1.019
5234.321 -1.019
5222.816 -1.019
5211.310 -1.019
5199.805 -1.019
5188.300 -1.019
5176.795 -1.019
5165.290 -1.019
5153.785 -1.019
5142.280 -1.019
5130.775 -1.019
5119.269 -1.020
5107.764 -1.020
5096.684 -1.020
5085.603 -1.020
5074.523 -1.020
5063.442 -1.020
5052.362 -1.020
5041.282 -1.020
5030.201 -1.020
5019.121 -1.020
5008.040 -1.020
4996.960 -1.020
4985.879 -1.020
4974.799 -1.021
4963.718 -1.021
4952.638 -1.021
4941.557 -1.021
4930.477 -1.021
4919.397 -1.021
4908.316 -1.021
4897.236 -1.021
4886.155 -1.021
4875.075 -1.021
4863.994 -1.021
4852.914 -1.021
4841.833 -1.022
4830.753 -1.022
4819.608 -1.022
4808.463 -1.022
4797.318 -1.022
4786.173 -1.022
4775.028 -1.022
4763.883 -1.022
4752.738 -1.022
4741.593 -1.022
4730.448 -1.022
4719.303 -1.022
4708.158 -1.022
4697.013 -1.023
4685.868 -1.023
4674.723 -1.023
4663.578 -1.023
4652.432 -1.023
4641.287 -1.023
4630.142 -1.023
4618.997 -1.023
4607.852 -1.023
4596.707 -1.023
4585.562 -1.023
4574.417 -1.024
4563.272 -1.024
4552.127 -1.024
4540.935 -1.024
4529.743 -1.024
4518.551 -1.024
4507.358 -1.024
4496.166 -1.024
4484.974 -1.024
4473.782 -1.024
4462.590 -1.024
4451.397 -1.024
4440.205 -1.025
4429.013 -1.025
4417.821 -1.025
4406.628 -1.025
4395.436 -1.025
4384.244 -1.025
4373.052 -1.025
4361.860 -1.025
4350.667 -1.025
4339.475 -1.025
4328.283 -1.025
4317.091 -1.026
4305.899 -1.026
4294.706 -1.026
4283.514 -1.026
4272.322 -1.026
4261.268 -1.026
4250.214 -1.026
4239.161 -1.026
4228.107 -1.026
4217.053 -1.026
4205.999 -1.026
4194.946 -1.027
4183.892 -1.027
4172.838 -1.027
4161.784 -1.027
4150.731 -1.027
4139.677 -1.027
4128.623 -1.027
4117.569 -1.027
4106.516 -1.027
4095.462 -1.027
4084.408 -1.028
4073.354 -1.028
4062.301 -1.028
4051.247 -1.028
4040.193 -1.028
4029.139 -1.028
4018.086 -1.028
4007.032 -1.028
3995.978 -1.028
3984.871 -1.028
3973.764 -1.029
3962.657 -1.029
3951.549 -1.029
3940.442 -1.029
3929.335 -1.029
3918.228 -1.029
3907.121 -1.029
3896.014 -1.029
3884.906 -1.029
3873.799 -1.030
3862.692 -1.030
3851.585 -1.030
3840.478 -1.030
3829.371 -1.030
3818.264 -1.030
3807.156 -1.030
3796.049 -1.030
3784.942 -1.030
3773.835 -1.031
3762.728 -1.031
3751.621 -1.031
3740.514 -1.031
3729.406 -1.031
3718.299 -1.032
3707.153 -1.032
3696.007 -1.032
3684.860 -1.032
3673.714 -1.033
3662.568 -1.033
3651.422 -1.033
3640.275 -1.033
3629.129 -1.033
3617.983 -1.034
3606.837 -1.034
3595.690 -1.034
3584.544 -1.034
3573.398 -1.035
3562.251 -1.035
3551.105 -1.035
3539.959 -1.036
3528.813 -1.036
3517.666 -1.036
3506.520 -1.036
3495.374 -1.037
3484.228 -1.037
3473.081 -1.037
3461.935 -1.037
3450.789 -1.038
3439.643 -1.038
3428.555 -1.038
3417.467 -1.039
3406.380 -1.039
3395.292 -1.039
3384.205 -1.039
3373.117 -1.040
3362.029 -1.040
3350.942 -1.040
3339.854 -1.041
3328.767 -1.041
3317.679 -1.041
3306.591 -1.042
3295.504 -1.042
3284.416 -1.042
3273.329 -1.043
3262.241 -1.043
3251.153 -1.044
3240.066 -1.044
3228.978 -1.044
3217.891 -1.045
3206.803 -1.046
3195.715 -1.046
3184.628 -1.047
3173.540 -1.048
3162.453 -1.048
3151.360 -1.049
3140.268 -1.050
3129.176 -1.051
3118.084 -1.051
3106.991 -1.052
3095.899 -1.053
3084.807 -1.054
3073.715 -1.055
3062.622 -1.056
3051.530 -1.057
3040.438 -1.058
3029.346 -1.059
3018.253 -1.060
3007.161 -1.061
2996.069 -1.062
2984.977 -1.064
2973.884 -1.065
2962.792 -1.066
2951.700 -1.068
2940.608 -1.069
2929.515 -1.070
2918.423 -1.071
2907.331 -1.073
2896.239 -1.074
2885.146 -1.075
2874.187 -1.077
2863.228 -1.078
2852.269 -1.080
2841.310 -1.081
2830.351 -1.083
2819.392 -1.085
2808.433 -1.087
2797.474 -1.088
2786.515 -1.090
2775.556 -1.092
2764.597 -1.095
2753.637 -1.097
2742.678 -1.099
2731.719 -1.102
2720.760 -1.104
2709.801 -1.107
2698.842 -1.110
2687.883 -1.113
2676.924 -1.116
2665.965 -1.115
2655.006 -1.113
2644.047 -1.112
2633.088 -1.110
2622.129 -1.109
2611.170 -1.108
2621.959 -1.106
2632.748 -1.105
2643.537 -1.104
2654.327 -1.103
2665.116 -1.102
2675.905 -1.101
2686.694 -1.100
2697.484 -1.099
2708.273 -1.098
2719.062 -1.097
2729.851 -1.096
2740.641 -1.095
2751.430 -1.094
2762.219 -1.093
2773.008 -1.093
2783.798 -1.092
2794.587 -1.091
2805.376 -1.090
2816.166 -1.089
2826.955 -1.087
2837.744 -1.084
2848.533 -1.082
2859.323 -1.080
2870.112 -1.078
2880.901 -1.076
2892.266 -1.074
2903.630 -1.073
2914.995 -1.071
2926.359 -1.069
2937.724 -1.068
2949.088 -1.066
2960.453 -1.065
2971.817 -1.064
2983.182 -1.062
2994.546 -1.061
3005.911 -1.060
3017.275 -1.059
3028.640 -1.058
3040.004 -1.057
3051.369 -1.056
3062.733 -1.055
3074.098 -1.054
3085.462 -1.053
3096.827 -1.052
3108.191 -1.052
3119.556 -1.051
3130.920 -1.050
3142.285 -1.049
3153.649 -1.049
3165.014 -1.048
3175.994 -1.048
3186.974 -1.047
3197.954 -1.046
3208.935 -1.046
3219.915 -1.045
3230.895 -1.045
3241.875 -1.044
3252.855 -1.044
3263.835 -1.043
3274.816 -1.043
3285.796 -1.042
3296.776 -1.042
3307.756 -1.041
3318.736 -1.041
3329.717 -1.040
3340.697 -1.040
3351.677 -1.040
3362.657 -1.039
3373.637 -1.039
3384.617 -1.038
3395.598 -1.038
3406.578 -1.038
3417.558 -1.038
3428.538 -1.037
3439.518 -1.037
3450.601 -1.037
3461.683 -1.036
3472.765 -1.036
3483.848 -1.036
3494.930 -1.036
3506.012 -1.035
3517.095 -1.035
3528.177 -1.035
3539.259 -1.035
3550.342 -1.035
3561.424 -1.034
3572.506 -1.034
3583.588 -1.034
3594.671 -1.034
3605.753 -1.033
3616.835 -1.033
3627.918 -1.033
3639.000 -1.033
3650.082 -1.033
3661.165 -1.033
3672.247 -1.032
3683.329 -1.032
3694.412 -1.032
3705.494 -1.032
3716.576 -1.032
3727.769 -1.032
3738.962 -1.032
3750.155 -1.032
3761.348 -1.032
3772.540 -1.032
3783.733 -1.032
3794.926 -1.032
3806.119 -1.032
3817.312 -1.032
3828.505 -1.032
3839.697 -1.031
3850.890 -1.031
3862.083 -1.031
3873.276 -1.031
3884.469 -1.031
3895.662 -1.031
3906.854 -1.031
3918.047 -1.031
3929.240 -1.031
3940.433 -1.031
3951.626 -1.031
3962.819 -1.031
3974.011 -1.031
3985.204 -1.031
3996.397 -1.031
4007.417 -1.031
4018.438 -1.031
4029.458 -1.031
4040.478 -1.031
4051.498 -1.031
4062.518 -1.030
4073.539 -1.030
4084.559 -1.030
4095.579 -1.030
4106.599 -1.030
4117.620 -1.030
4128.640 -1.030
4139.660 -1.030
4150.680 -1.030
4161.701 -1.030
4172.721 -1.030
4183.741 -1.030
4194.761 -1.030
4205.781 -1.030
4216.802 -1.030
4227.822 -1.030
4238.842 -1.030
4249.862 -1.030
4260.883 -1.030
4271.903 -1.029
4283.064 -1.029
4294.225 -1.029
4305.386 -1.029
4316.548 -1.029
4327.709 -1.029
4338.870 -1.029
4350.031 -1.029
4361.192 -1.029
4372.353 -1.029
4383.515 -1.029
4394.676 -1.029
4405.837 -1.029
4416.998 -1.029
4428.159 -1.029
4439.320 -1.028
4450.482 -1.028
4461.643 -1.028
4472.804 -1.028
4483.965 -1.028
4495.126 -1.028
4506.287 -1.028
4517.449 -1.028
4528.610 -1.028
4539.771 -1.028
4550.932 -1.028
4562.072 -1.028
4573.213 -1.028
4584.353 -1.028
4595.494 -1.027
4606.634 -1.027
4617.774 -1.027
4628.915 -1.027
4640.055 -1.027
4651.195 -1.027
4662.336 -1.027
4673.476 -1.027
4684.616 -1.027
4695.757 -1.027
4706.897 -1.027
4718.038 -1.027
4729.178 -1.027
4740.318 -1.027
4751.459 -1.027
4762.599 -1.026
4773.739 -1.026
4784.880 -1.026
4796.020 -1.026
4807.161 -1.026
4818.301 -1.026
4829.441 -1.026
4840.563 -1.026
4851.685 -1.026
4862.807 -1.026
4873.928 -1.026
4885.050 -1.026
4896.172 -1.026
4907.293 -1.025
4918.415 -1.025
4929.537 -1.025
4940.659 -1.025
4951.780 -1.025
4962.902 -1.025
4974.024 -1.025
4985.146 -1.025
4996.267 -1.025
5007.389 -1.025
5018.511 -1.025
5029.633 -1.025
5040.754 -1.025
5051.876 -1.025
5062.998 -1.024
5074.120 -1.024
5085.241 -1.024
5096.363 -1.024
5107.485 -1.024
5118.600 -1.024
5129.716 -1.024
5140.831 -1.024
5151.947 -1.023
5163.063 -1.023
5174.178 -1.023
5185.294 -1.023
5196.409 -1.023
5207.525 -1.023
5218.640 -1.023
5229.756 -1.023
5240.871 -1.023
5251.987 -1.023
5263.102 -1.022
5274.218 -1.022
5285.333 -1.022
5296.449 -1.022
5307.564 -1.022
5318.680 -1.022
5329.796 -1.022
5340.911 -1.022
5352.027 -1.023
5363.142 -1.023
5374.258 -1.023
5385.373 -1.023
5380.661 -1.023
5375.948 -1.023
5371.236 -1.023
5366.523 -1.023
5361.811 -1.023
5357.099 -1.024
5352.386 -1.024
5347.674 -1.024
5342.961 -1.024
5338.249 -1.024
5333.536 -1.024
5328.824 -1.024
5324.111 -1.024
5319.399 -1.024
5314.687 -1.024
5309.974 -1.024
5305.262 -1.025
5300.549 -1.025
5295.837 -1.025
5291.124 -1.025
5286.412 -1.025
5281.699 -1.025
5276.987 -1.025
5272.275 -1.025
5267.562 -1.025
5256.253 -1.026
5244.943 -1.026
5233.633 -1.026
5222.324 -1.026
5211.014 -1.026
5199.705 -1.026
5188.395 -1.026
5177.086 -1.026
5165.776 -1.026
5154.467 -1.026
5143.157 -1.027
5131.847 -1.027
5120.538 -1.027
5109.228 -1.027
5097.919 -1.027
5086.609 -1.027
5075.300 -1.027
5063.990 -1.027
5052.680 -1.027
5041.371 -1.028
5030.061 -1.028
5018.752 -1.028
5007.442 -1.028
4996.133 -1.028
4984.823 -1.028
4973.734 -1.028
4962.645 -1.028
4951.556 -1.028
4940.467 -1.028
4929.377 -1.029
4918.288 -1.029
4907.199 -1.029
4896.110 -1.029
4885.021 -1.029
4873.932 -1.029
4862.843 -1.029
4851.753 -1.029
4840.664 -1.030
4829.575 -1.030
4818.486 -1.030
4807.397 -1.030
4796.308 -1.030
4785.218 -1.030
4774.129 -1.030
4763.040 -1.030
4751.951 -1.031
4740.862 -1.031
4729.773 -1.031
4718.684 -1.031
4707.594 -1.031
4696.476 -1.031
4685.357 -1.031
4674.239 -1.031
4663.120 -1.031
4652.001 -1.031
4640.883 -1.031
4629.764 -1.031
4618.645 -1.032
4607.527 -1.032
4596.408 -1.032
4585.289 -1.032
4574.171 -1.032
4563.052 -1.032
4551.934 -1.032
4540.815 -1.032
4529.696 -1.032
4518.578 -1.032
4507.459 -1.033
4496.340 -1.033
4485.222 -1.033
4474.103 -1.033
4462.984 -1.033
4451.866 -1.033
4440.747 -1.033
4429.629 -1.033
4418.528 -1.033
4407.427 -1.033
4396.327 -1.034
4385.226 -1.034
4374.125 -1.034
4363.025 -1.034
4351.924 -1.034
4340.823 -1.034
4329.723 -1.034
4318.622 -1.034
4307.522 -1.034
4296.421 -1.035
4285.320 -1.035
4274.220 -1.035
4263.119 -1.035
4252.018 -1.035
4240.918 -1.035
4229.817 -1.035
4218.716 -1.035
4207.616 -1.036
4196.515 -1.036
4185.415 -1.036
4174.314 -1.036
4163.213 -1.036
4152.113 -1.036
4140.984 -1.036
4129.855 -1.036
4118.726 -1.036
4107.597 -1.037
4096.468 -1.037
4085.339 -1.037
4074.210 -1.037
4063.082 -1.037
4051.953 -1.037
4040.824 -1.037
4029.695 -1.038
4018.566 -1.038
4007.437 -1.038
3996.308 -1.038
3985.179 -1.038
3974.051 -1.038
3962.922 -1.038
3951.793 -1.039
3940.664 -1.039
3929.535 -1.039
3918.406 -1.039
3907.277 -1.039
3896.148 -1.039
3885.019 -1.040
3873.891 -1.040
3862.751 -1.040
3851.611 -1.040
3840.471 -1.040
3829.332 -1.041
3818.192 -1.041
3807.052 -1.041
3795.912 -1.041
3784.773 -1.041
3773.633 -1.042
3762.493 -1.042
3751.353 -1.042
3740.214 -1.042
3729.074 -1.042
3717.934 -1.043
3706.794 -1.043
3695.655 -1.043
3684.515 -1.043
3673.375 -1.043
3662.235 -1.044
3651.096 -1.044
3639.956 -1.044
3628.816 -1.044
3617.676 -1.045
3606.537 -1.045
3595.397 -1.045
3584.314 -1.046
3573.232 -1.046
3562.149 -1.046
3551.066 -1.046
3539.984 -1.047
3528.901 -1.047
3517.819 -1.047
3506.736 -1.048
3495.653 -1.048
3484.571 -1.048
3473.488 -1.049
3462.405 -1.049
3451.323 -1.049
3440.240 -1.050
3429.157 -1.050
3418.075 -1.050
3406.992 -1.051
3395.910 -1.051
3384.827 -1.051
3373.744 -1.052
3362.662 -1.052
3351.579 -1.053
3340.496 -1.053
3329.414 -1.054
3318.331 -1.055
3307.291 -1.055
3296.252 -1.056
3285.212 -1.057
3274.172 -1.057
3263.132 -1.058
3252.092 -1.059
3241.053 -1.059
3230.013 -1.060
3218.973 -1.061
3207.933 -1.061
3196.894 -1.062
3185.854 -1.063
3174.814 -1.064
3163.774 -1.065
3152.734 -1.066
3141.695 -1.066
3130.655 -1.067
3119.615 -1.068
3108.575 -1.069
3097.535 -1.071
3086.496 -1.072
3075.456 -1.073
3064.416 -1.074
3053.376 -1.076
3042.337 -1.077
3031.115 -1.079
3019.894 -1.080
3008.672 -1.082
2997.451 -1.084
2986.230 -1.085
2975.008 -1.087
2963.787 -1.089
2952.565 -1.091
2941.344 -1.093
2930.123 -1.096
2918.901 -1.098
2907.680 -1.100
2896.458 -1.103
2885.237 -1.106
2874.016 -1.108
2862.794 -1.112
2851.573 -1.115
2840.351 -1.118
2829.130 -1.122
2817.909 -1.123
2806.687 -1.125
2795.466 -1.126
2784.244 -1.128
2773.023 -1.129
2761.802 -1.131
2760.592 -1.132
2759.382 -1.134
2758.171 -1.136
2756.961 -1.138
2755.751 -1.140
2754.541 -1.142
2753.331 -1.144
2752.121 -1.146
2750.911 -1.149
2749.701 -1.151
2748.491 -1.153
2747.281 -1.156
2746.071 -1.158
2744.860 -1.161
2743.650 -1.164
2742.440 -1.167
2741.230 -1.169
2740.020 -1.173
2738.810 -1.176
2737.600 -1.169
2736.390 -1.163
2735.180 -1.157
2733.970 -1.152
2732.760 -1.147
2731.550 -1.143
2743.074 -1.138
2754.599 -1.135
2766.124 -1.131
2777.648 -1.127
2789.173 -1.124
2800.698 -1.121
2812.222 -1.118
2823.747 -1.115
2835.272 -1.113
2846.796 -1.110
2858.321 -1.108
2869.846 -1.105
2881.371 -1.103
2892.895 -1.101
2904.420 -1.099
2915.945 -1.097
2927.469 -1.095
2938.994 -1.093
2950.519 -1.092
2962.043 -1.090
2973.568 -1.088
2985.093 -1.086
2996.617 -1.084
3008.142 -1.083
3019.667 -1.081
3030.808 -1.080
3041.950 -1.078
3053.092 -1.077
3064.233 -1.076
3075.375 -1.074
3086.516 -1.073
3097.658 -1.072
3108.800 -1.071
3119.941 -1.070
3131.083 -1.068
3142.225 -1.067
3153.366 -1.066
3164.508 -1.065
3175.649 -1.064
3186.791 -1.064
3197.933 -1.063
3209.074 -1.062
3220.216 -1.061
3231.357 -1.060
3242.499 -1.059
3253.641 -1.059
3264.782 -1.058
3275.924 -1.057
3287.065 -1.057
3298.207 -1.056
3309.186 -1.056
3320.165 -1.055
3331.144 -1.054
3342.123 -1.054
3353.102 -1.053
3364.081 -1.053
3375.060 -1.052
3386.039 -1.052
3397.018 -1.051
3407.996 -1.051
3418.975 -1.050
3429.954 -1.050
3440.933 -1.049
3451.912 -1.049
3462.891 -1.048
3473.870 -1.048
3484.849 -1.048
3495.828 -1.047
3506.807 -1.047
3517.786 -1.047
3528.765 -1.046
3539.744 -1.046
3550.723 -1.046
3561.702 -1.046
3572.681 -1.045
3583.927 -1.045
3595.173 -1.045
3606.419 -1.045
3617.666 -1.044
3628.912 -1.044
3640.158 -1.044
3651.404 -1.044
3662.650 -1.043
3673.897 -1.043
3685.143 -1.043
3696.389 -1.043
3707.635 -1.043
3718.882 -1.042
3730.128 -1.042
3741.374 -1.042
3752.620 -1.042
3763.867 -1.042
3775.113 -1.041
3786.359 -1.041
3797.605 -1.041
3808.851 -1.041
3820.098 -1.041
3831.344 -1.041
3842.590 -1.041
3853.836 -1.041
3865.032 -1.041
3876.228 -1.041
3887.423 -1.041
3898.619 -1.041
3909.814 -1.041
3921.010 -1.041
3932.206 -1.041
3943.401 -1.041
3954.597 -1.040
3965.793 -1.040
3976.988 -1.040
3988.184 -1.040
3999.379 -1.040
4010.575 -1.040
4021.771 -1.040
4032.966 -1.040
4044.162 -1.040
4055.358 -1.040
4066.553 -1.040
4077.749 -1.040
4088.944 -1.040
4100.140 -1.040
4111.336 -1.040
4122.531 -1.040
4133.727 -1.040
4144.691 -1.039
4155.656 -1.039
4166.620 -1.039
4177.584 -1.039
4188.549 -1.039
4199.513 -1.039
4210.477 -1.039
4221.442 -1.039
4232.406 -1.039
4243.371 -1.039
4254.335 -1.039
4265.299 -1.039
4276.264 -1.039
4287.228 -1.039
4298.192 -1.038
4309.157 -1.038
4320.121 -1.038
4331.085 -1.038
4342.050 -1.038
4353.014 -1.038
4363.978 -1.038
4374.943 -1.038
4385.907 -1.038
4396.871 -1.038
4407.836 -1.038
4418.996 -1.037
4430.156 -1.037
4441.316 -1.037
4452.475 -1.037
4463.635 -1.037
4474.795 -1.037
4485.955 -1.037
4497.115 -1.037
4508.275 -1.037
4519.435 -1.037
4530.595 -1.036
4541.755 -1.036
4552.915 -1.036
4564.075 -1.036
4575.235 -1.036
4586.395 -1.036
4597.555 -1.036
4608.714 -1.036
4619.874 -1.036
4631.034 -1.036
4642.194 -1.036
4653.354 -1.036
4664.514 -1.035
4675.674 -1.035
4686.834 -1.035
4698.036 -1.035
4709.238 -1.035
4720.440 -1.035
4731.643 -1.035
4742.845 -1.035
4754.047 -1.035
4765.249 -1.035
4776.451 -1.035
4787.653 -1.034
4798.855 -1.034
4810.058 -1.034
4821.260 -1.034
4832.462 -1.034
4843.664 -1.034
4854.866 -1.034
4866.068 -1.034
4877.270 -1.034
4888.473 -1.034
4899.675 -1.034
4910.877 -1.034
4922.079 -1.033
4933.281 -1.033
4944.483 -1.033
4955.685 -1.033
4966.888 -1.033
4977.843 -1.033
4988.798 -1.033
4999.754 -1.033
5010.709 -1.033
5021.664 -1.033
5032.620 -1.032
5043.575 -1.032
5054.530 -1.032
5065.486 -1.032
5076.441 -1.032
5087.396 -1.032
5098.352 -1.032
5109.307 -1.032
5120.262 -1.032
5131.218 -1.032
5142.173 -1.032
5153.129 -1.032
5164.084 -1.031
5175.039 -1.031
5185.995 -1.031
5196.950 -1.031
5207.905 -1.031
5218.861 -1.031
5229.816 -1.031
5240.771 -1.031
5248.052 -1.031
5255.333 -1.031
5262.614 -1.031
5269.895 -1.031
5277.176 -1.031
5284.457 -1.031
5291.738 -1.031
5299.019 -1.031
5306.300 -1.031
5313.581 -1.031
5320.862 -1.031
5328.143 -1.031
5335.424 -1.031
5342.705 -1.031
5349.986 -1.031
5357.267 -1.031
5364.548 -1.031
5371.829 -1.031
5379.110 -1.031
5386.391 -1.032
5393.672 -1.032
5400.953 -1.032
5408.234 -1.032
5415.515 -1.033
5422.796 -1.033
5411.307 -1.033
5399.817 -1.033
5388.327 -1.033
5376.837 -1.033
5365.347 -1.033
5353.857 -1.033
5342.367 -1.033
5330.877 -1.033
5319.387 -1.033
5307.897 -1.033
5296.407 -1.033
5284.917 -1.033
5273.427 -1.033
5261.938 -1.033
5250.448 -1.033
5238.958 -1.033
5227.468 -1.034
5215.978 -1.034
5204.488 -1.034
5192.998 -1.034
5181.508 -1.034
5170.018 -1.034
5158.528 -1.034
5147.038 -1.034
5135.548 -1.034
5124.172 -1.034
5112.795 -1.034
5101.418 -1.035
5090.041 -1.035
5078.664 -1.035
5067.287 -1.035
5055.910 -1.035
5044.533 -1.035
5033.156 -1.035
5021.779 -1.035
5010.402 -1.036
4999.025 -1.036
4987.648 -1.036
4976.272 -1.036
4964.895 -1.036
4953.518 -1.036
4942.141 -1.037
4930.764 -1.037
4919.387 -1.037
4908.010 -1.037
4896.633 -1.037
4885.256 -1.037
4873.879 -1.037
4862.502 -1.037
4851.125 -1.038
4840.146 -1.038
4829.167 -1.038
4818.189 -1.038
4807.210 -1.038
4796.231 -1.038
4785.252 -1.038
4774.273 -1.038
4763.294 -1.038
4752.315 -1.039
4741.336 -1.039
4730.357 -1.039
4719.378 -1.039
4708.399 -1.039
4697.420 -1.039
4686.441 -1.039
4675.462 -1.040
4664.483 -1.040
4653.504 -1.040
4642.525 -1.040
4631.547 -1.040
4620.568 -1.040
4609.589 -1.040
4598.610 -1.040
4587.631 -1.041
4576.652 -1.041
4565.607 -1.041
4554.563 -1.041
4543.519 -1.041
4532.474 -1.041
4521.430 -1.041
4510.385 -1.041
4499.341 -1.042
4488.296 -1.042
4477.252 -1.042
4466.207 -1.042
4455.163 -1.042
4444.119 -1.042
4433.074 -1.042
4422.030 -1.042
4410.985 -1.043
4399.941 -1.043
4388.896 -1.043
4377.852 -1.043
4366.807 -1.043
4355.763 -1.043
4344.719 -1.043
4333.674 -1.044
4322.630 -1.044
4311.585 -1.044
4300.541 -1.044
4289.150 -1.044
4277.760 -1.044
4266.369 -1.044
4254.978 -1.044
4243.588 -1.045
4232.197 -1.045
4220.807 -1.045
4209.416 -1.045
4198.025 -1.045
4186.635 -1.045
4175.244 -1.045
4163.854 -1.045
4152.463 -1.046
4141.073 -1.046
4129.682 -1.046
4118.291 -1.046
4106.901 -1.046
4095.510 -1.046
4084.120 -1.046
4072.729 -1.047
4061.339 -1.047
4049.948 -1.047
4038.557 -1.047
4027.167 -1.047
4015.776 -1.047
4004.801 -1.048
3993.825 -1.048
3982.850 -1.048
3971.874 -1.048
3960.899 -1.048
3949.923 -1.048
3938.947 -1.048
3927.972 -1.049
3916.996 -1.049
3906.021 -1.049
3895.045 -1.049
3884.070 -1.049
3873.094 -1.049
3862.119 -1.050
3851.143 -1.050
3840.168 -1.050
3829.192 -1.050
3818.217 -1.050
3807.241 -1.051
3796.266 -1.051
3785.290 -1.051
3774.315 -1.051
3763.339 -1.052
3752.364 -1.052
3741.388 -1.052
3730.290 -1.052
3719.191 -1.053
3708.093 -1.053
3696.994 -1.053
3685.896 -1.053
3674.797 -1.054
3663.699 -1.054
3652.600 -1.054
3641.502 -1.054
3630.403 -1.055
3619.305 -1.055
3608.206 -1.055
3597.108 -1.056
3586.010 -1.056
3574.911 -1.056
3563.813 -1.056
3552.714 -1.057
3541.616 -1.057
3530.517 -1.057
3519.419 -1.058
3508.320 -1.058
3497.222 -1.059
3486.123 -1.059
3475.025 -1.060
3463.927 -1.060
3452.786 -1.061
3441.646 -1.061
3430.506 -1.062
3419.366 -1.062
3408.226 -1.063
3397.086 -1.064
3385.946 -1.064
3374.806 -1.065
3363.666 -1.065
3352.526 -1.066
3341.386 -1.067
3330.246 -1.067
3319.106 -1.068
3307.966 -1.069
3296.826 -1.069
3285.686 -1.070
3274.546 -1.071
3263.405 -1.072
3252.265 -1.072
3241.125 -1.073
3229.985 -1.074
3218.845 -1.075
3207.705 -1.076
3196.565 -1.078
3185.425 -1.079
3174.389 -1.080
3163.353 -1.081
3152.317 -1.082
3141.281 -1.084
3130.245 -1.085
3119.209 -1.086
3108.173 -1.088
3097.137 -1.089
3086.100 -1.091
3075.064 -1.092
3064.028 -1.094
3052.992 -1.096
3041.956 -1.097
3030.920 -1.099
3019.884 -1.101
3008.848 -1.103
2997.812 -1.105
2986.776 -1.107
2975.740 -1.109
2964.704 -1.112
2953.668 -1.114
2942.632 -1.116
2931.596 -1.119
2920.560 -1.122
2909.523 -1.124
2898.387 -1.127
2887.251 -1.130
2876.114 -1.134
2864.978 -1.137
2853.842 -1.140
2842.705 -1.144
2831.569 -1.148
2820.433 -1.152
2809.296 -1.157
2798.160 -1.161
2787.024 -1.166
2775.887 -1.172
2764.751 -1.177
2753.615 -1.183
2742.478 -1.190
2731.342 -1.197
2720.206 -1.204
2709.069 -1.212
2697.933 -1.221
2686.797 -1.222
2675.660 -1.222
2664.524 -1.223
2653.388 -1.224
2642.251 -1.224
2631.115 -1.225
2630.923 -1.226
2630.731 -1.227
2630.540 -1.228
2630.348 -1.229
2630.156 -1.230
2629.964 -1.231
2629.772 -1.232
2629.580 -1.233
2629.389 -1.235
2629.197 -1.236
2629.005 -1.237
2628.813 -1.238
2628.621 -1.239
2628.429 -1.240
2628.237 -1.242
2628.046 -1.243
2627.854 -1.244
2627.662 -1.245
2627.470 -1.246
2627.278 -1.247
2627.086 -1.247
2626.894 -1.248
2626.703 -1.248
2626.511 -1.249
2626.319 -1.249
2626.357 -1.250
2626.395 -1.250
2626.433 -1.251
2626.472 -1.251
2626.510 -1.252
2626.548 -1.252
2626.586 -1.253
2626.624 -1.253
2626.663 -1.254
2626.701 -1.254
2626.739 -1.255
2626.777 -1.255
2626.815 -1.256
2626.853 -1.256
2626.892 -1.257
2626.930 -1.257
2626.968 -1.258
2627.006 -1.258
2627.044 -1.259
2627.083 -1.259
2627.121 -1.259
2627.159 -1.259
2627.197 -1.259
2627.235 -1.260
2627.273 -1.260
2627.202 -1.260
2627.130 -1.260
2627.058 -1.260
2626.987 -1.260
2626.915 -1.261
2626.843 -1.261
2626.772 -1.261
2626.700 -1.261
2626.628 -1.261
2626.556 -1.262
2626.485 -1.262
2626.413 -1.262
2626.341 -1.262
2626.270 -1.262
2626.198 -1.262
2626.126 -1.263
2626.054 -1.263
2625.983 -1.263
2625.911 -1.263
2625.839 -1.264
2625.768 -1.264
2625.696 -1.264
2625.624 -1.264
2625.552 -1.265
2625.481 -1.265
2625.539 -1.265
2625.597 -1.265
2625.656 -1.266
2625.714 -1.266
2625.773 -1.266
2625.831 -1.267
2625.889 -1.267
2625.948 -1.267
2626.006 -1.267
2626.064 -1.268
2626.123 -1.268
2626.181 -1.268
2626.239 -1.269
2626.298 -1.269
2626.356 -1.269
2626.415 -1.269
2626.473 -1.270
2626.531 -1.270
2626.590 -1.270
2626.648 -1.271
2626.706 -1.271
2626.765 -1.271
2626.823 -1.271
2626.881 -1.272
2626.940 -1.272
2626.918 -1.272
2626.896 -1.273
2626.875 -1.273
2626.853 -1.273
2626.831 -1.274
2626.809 -1.274
2626.788 -1.274
2626.766 -1.274
2626.744 -1.275
2626.722 -1.275
2626.701 -1.275
2626.679 -1.276
2626.657 -1.276
2626.636 -1.276
2626.614 -1.277
2626.592 -1.277
2626.570 -1.277
2626.549 -1.277
2626.527 -1.278
2626.505 -1.278
2626.483 -1.278
2626.462 -1.278
2626.440 -1.279
2626.418 -1.279
2626.397 -1.279
2626.403 -1.279
2626.409 -1.279
2626.415 -1.280
2626.421 -1.280
2626.428 -1.280
2626.434 -1.280
2626.440 -1.280
2626.446 -1.281
2626.452 -1.281
2626.459 -1.281
2626.465 -1.281
2626.471 -1.282
2626.477 -1.282
2626.483 -1.282
2626.490 -1.282
2626.496 -1.282
2626.502 -1.283
2626.508 -1.283
2626.514 -1.283
2626.521 -1.283
2626.527 -1.284
2626.533 -1.284
2626.539 -1.284
2626.546 -1.284
2626.552 -1.284
2626.552 -1.285
2626.552 -1.285
2626.553 -1.285
2626.553 -1.285
2626.553 -1.286
2626.554 -1.286
2626.554 -1.286
2626.554 -1.286
2626.555 -1.286
2626.555 -1.287
2626.555 -1.287
2626.555 -1.287
2626.556 -1.287
2626.556 -1.288
2626.556 -1.288
2626.557 -1.288
2626.557 -1.288
2626.557 -1.288
2626.558 -1.289
2626.558 -1.289
2626.558 -1.289
2626.559 -1.289
2626.559 -1.290
2626.559 -1.290
2626.559 -1.290
2626.561 -1.290
2626.562 -1.290
2626.563 -1.291
2626.564 -1.291
2626.566 -1.291
2626.567 -1.291
2626.568 -1.292
2626.569 -1.292
2626.571 -1.292
2626.572 -1.292
2626.573 -1.293
2626.574 -1.293
2626.576 -1.293
2626.577 -1.293
2626.578 -1.293
2626.579 -1.294
2626.581 -1.294
2626.582 -1.294
2626.583 -1.294
