526.543 0.000
603.613 0.000
680.907 0.000
758.200 -0.000
835.493 -0.002
912.871 -0.008
990.320 -0.014
1067.769 -0.019
1145.218 -0.022
1222.421 -0.024
1299.612 -0.026
1376.804 -0.027
1454.262 -0.029
1532.185 -0.030
1610.107 -0.031
1688.029 -0.047
1764.926 -0.069
1841.525 -0.091
1918.124 -0.112
1994.883 -0.107
2072.345 -0.103
2149.807 -0.099
2227.269 -0.103
2305.148 -0.117
2383.310 -0.131
2461.472 -0.145
2539.626 -0.167
2616.215 -0.188
2692.803 -0.209
2769.391 -0.228
2846.402 -0.245
2924.006 -0.261
3001.611 -0.275
3079.215 -0.288
3157.114 -0.298
3235.076 -0.305
3313.037 -0.309
3390.617 -0.306
3466.961 -0.302
3543.305 -0.298
3619.650 -0.290
3696.954 -0.281
3774.785 -0.271
3852.617 -0.261
3930.440 -0.250
4008.113 -0.238
4085.787 -0.225
4163.461 -0.212
4240.593 -0.198
4317.103 -0.184
4393.614 -0.167
4470.125 -0.150
4548.114 -0.130
4626.313 -0.110
4704.512 -0.087
4782.415 -0.055
4859.578 -0.019
4936.742 0.019
5013.905 0.051
5091.431 0.077
5169.116 0.105
5246.800 0.133
5316.150 0.163
5315.245 0.192
5314.339 0.218
5313.433 0.237
5272.734 0.245
5194.727 0.252
5116.720 0.258
5038.714 0.263
4962.259 0.267
4885.928 0.271
4809.597 0.274
4732.377 0.275
4653.404 0.276
4574.431 0.276
4495.458 0.276
4418.054 0.275
4341.182 0.275
4264.310 0.274
4187.531 0.272
4111.247 0.270
4034.963 0.267
3958.680 0.264
3880.802 0.261
3801.703 0.257
3722.605 0.252
3643.507 0.245
3566.906 0.238
3490.365 0.230
3413.824 0.221
3337.018 0.209
3259.792 0.196
3182.566 0.183
3105.340 0.164
3027.404 0.143
2949.287 0.123
2871.170 0.104
2795.902 0.095
2731.560 0.087
2667.219 0.078
2602.877 0.077
2627.198 0.083
2706.593 0.089
2785.987 0.096
2865.367 0.110
2944.224 0.125
3023.080 0.142
3101.936 0.158
3180.587 0.175
3258.974 0.193
3337.361 0.211
3415.749 0.228
3492.357 0.245
3568.645 0.263
3644.933 0.280
3721.427 0.292
3798.515 0.304
3875.603 0.316
3952.690 0.332
4030.912 0.350
4109.699 0.369
4188.486 0.389
4267.077 0.402
4343.324 0.415
4419.571 0.429
4495.817 0.446
4572.468 0.469
4649.543 0.493
4726.617 0.518
4803.692 0.553
4882.067 0.593
4960.590 0.633
5039.114 0.673
5116.962 0.702
5193.288 0.733
5269.615 0.764
5345.942 0.773
5349.671 0.767
5324.825 0.760
5299.978 0.753
5268.294 0.740
5189.875 0.726
5111.455 0.712
5033.036 0.698
4955.264 0.683
4878.048 0.668
4800.833 0.653
4723.618 0.640
4647.013 0.627
4570.442 0.614
4493.870 0.601
4416.605 0.592
4338.092 0.582
4259.580 0.572
4181.067 0.561
4103.554 0.550
4026.343 0.539
3949.132 0.527
3872.048 0.515
3795.550 0.502
3719.053 0.490
3642.555 0.474
3564.940 0.453
3486.542 0.431
3408.144 0.411
3329.746 0.377
3252.160 0.342
3174.575 0.307
3096.990 0.275
3019.503 0.250
2942.160 0.225
2864.817 0.201
2787.475 0.183
2746.667 0.168
2713.973 0.154
2681.279 0.143
2674.343 0.165
2754.449 0.187
2834.555 0.209
2914.661 0.234
2993.230 0.263
3070.930 0.292
3148.630 0.322
3226.361 0.351
3304.709 0.381
3383.057 0.411
3461.405 0.440
3538.914 0.464
3615.431 0.489
3691.948 0.514
3768.465 0.531
3845.253 0.544
3922.081 0.558
3998.909 0.573
4076.296 0.589
4155.129 0.606
4233.961 0.623
4312.794 0.644
4389.853 0.668
4466.110 0.692
4542.368 0.717
4618.760 0.757
4696.378 0.798
4773.995 0.840
4851.613 0.876
4929.405 0.902
5007.366 0.928
5085.327 0.955
5163.289 0.985
5239.736 1.017
5316.050 1.049
5392.364 1.072
5423.011 1.056
5360.550 1.040
5298.089 1.024
5235.629 1.002
5161.938 0.976
5084.284 0.949
5006.629 0.922
4928.807 0.900
4850.022 0.877
4771.237 0.854
4692.452 0.834
4614.521 0.817
4537.262 0.800
4460.003 0.783
4382.745 0.767
4306.570 0.751
4230.429 0.735
4154.288 0.719
4077.034 0.703
3997.959 0.687
3918.885 0.670
3839.810 0.653
3762.606 0.636
3685.901 0.619
3609.196 0.600
3532.550 0.562
3456.141 0.525
3379.732 0.487
3303.323 0.453
3225.236 0.421
3146.075 0.390
3066.914 0.359
2987.808 0.321
2911.431 0.282
2835.055 0.244
2758.678 0.215
2720.253 0.207
2732.177 0.200
2744.102 0.192
2756.027 0.216
2823.940 0.255
2902.528 0.293
2981.116 0.332
3059.328 0.370
3136.412 0.409
3213.495 0.449
3290.579 0.486
3368.089 0.522
3445.819 0.559
3523.549 0.596
3601.211 0.618
3677.979 0.640
3754.747 0.662
3831.515 0.682
3908.544 0.698
3985.857 0.713
4063.170 0.729
4140.482 0.749
4218.690 0.770
4297.008 0.791
4375.326 0.814
4453.126 0.843
4529.718 0.872
4606.311 0.902
4682.904 0.935
4760.364 0.970
4838.179 1.006
4915.993 1.043
4993.773 1.103
5071.304 1.164
5148.835 1.227
5226.366 1.263
5282.365 1.258
5319.309 1.254
5356.253 1.249
5393.197 1.228
5320.032 1.203
5239.911 1.177
5159.790 1.151
5080.707 1.121
5003.543 1.091
4926.380 1.061
4849.216 1.033
4771.710 1.007
4694.097 0.981
4616.484 0.954
4538.815 0.934
4460.873 0.913
4382.931 0.893
4304.990 0.873
4227.608 0.854
4150.630 0.835
4073.653 0.815
3996.675 0.797
3919.329 0.778
3841.980 0.759
3764.630 0.737
3687.172 0.704
3609.550 0.672
3531.928 0.639
3454.306 0.608
3377.016 0.578
3299.803 0.547
3222.590 0.515
3145.369 0.467
3068.124 0.420
2990.878 0.372
2913.632 0.331
2836.972 0.294
2760.654 0.258
2684.336 0.223
2614.273 0.233
2689.408 0.248
2764.544 0.263
2839.680 0.289
2916.624 0.337
2995.765 0.386
3074.907 0.435
3154.048 0.481
3230.884 0.527
3307.350 0.572
3383.815 0.618
3460.473 0.656
3537.650 0.694
3614.826 0.733
3692.003 0.762
3769.704 0.781
3847.650 0.800
3925.596 0.820
4003.432 0.839
4080.176 0.857
4156.920 0.876
4233.664 0.898
4310.900 0.925
4388.626 0.953
4466.352 0.980
4544.077 1.012
4621.671 1.044
4699.251 1.077
4776.832 1.112
4854.371 1.156
4931.822 1.200
5009.273 1.244
5086.724 1.305
5164.143 1.379
5241.551 1.453
5318.959 1.528
5380.712 1.496
5347.895 1.463
5315.078 1.430
5282.261 1.393
5224.080 1.350
5145.321 1.307
5066.562 1.264
4987.803 1.228
4910.521 1.194
4833.297 1.160
4756.073 1.128
4678.772 1.103
4601.343 1.078
4523.914 1.053
4446.484 1.030
4369.153 1.009
4291.849 0.987
4214.545 0.965
4137.203 0.943
4059.702 0.920
3982.202 0.898
3904.701 0.873
3827.154 0.846
3749.578 0.819
3672.002 0.791
3594.430 0.761
3517.252 0.730
3440.073 0.699
3362.894 0.664
3285.842 0.618
3208.962 0.572
3132.081 0.527
3055.201 0.475
2977.268 0.420
2899.123 0.366
2820.978 0.315
2759.756 0.294
2751.329 0.273
2742.902 0.252
2734.475 0.265
2783.942 0.309
2864.200 0.354
2944.457 0.399
3024.546 0.451
3102.135 0.503
3179.725 0.556
3257.314 0.608
3334.368 0.656
3410.824 0.705
3487.281 0.754
3563.737 0.792
3641.838 0.827
3720.156 0.862
3798.473 0.895
3876.688 0.912
3954.654 0.929
4032.619 0.947
4110.585 0.968
4187.418 0.992
4263.773 1.016
4340.128 1.040
4416.637 1.072
4494.354 1.104
4572.071 1.137
4649.788 1.172
4727.658 1.211
4805.669 1.250
4883.680 1.290
4961.691 1.339
5038.098 1.391
5114.390 1.444
5190.682 1.493
5258.186 1.529
5308.891 1.565
5359.595 1.602
5410.299 1.594
5362.503 1.560
5282.488 1.525
5202.473 1.489
5122.586 1.445
5043.358 1.400
4964.130 1.356
4884.902 1.315
4807.264 1.280
4730.807 1.245
4654.351 1.210
4577.894 1.182
4500.989 1.156
4424.076 1.130
4347.164 1.105
4269.302 1.082
4189.978 1.059
4110.655 1.036
4031.332 1.013
3954.332 0.990
3877.900 0.966
3801.467 0.942
3724.851 0.912
3647.562 0.882
3570.273 0.852
3492.984 0.815
3415.515 0.771
3337.936 0.726
3260.358 0.682
3182.804 0.627
3105.949 0.570
3029.095 0.514
2952.241 0.459
2875.076 0.404
2797.524 0.350
2719.971 0.296
2642.418 0.277
2629.974 0.271
2628.638 0.266
2627.302 0.260
2626.389 0.258
2626.655 0.256
2626.921 0.254
2627.187 0.253
2626.937 0.252
2626.437 0.251
2625.938 0.250
2625.515 0.249
2625.921 0.248
2626.328 0.247
2626.734 0.246
2626.865 0.245
2626.714 0.244
2626.562 0.244
2626.411 0.243
2626.436 0.242
2626.479 0.241
2626.522 0.240
2626.552 0.240
2626.555 0.239
2626.557 0.238
2626.559 0.237
2626.566 0.237
2626.574 0.236
2626.583 0.235
