2.759 7.622
3.074 7.627
3.388 7.631
3.703 7.636
4.018 7.648
4.332 7.663
4.647 7.677
4.961 7.688
5.276 7.697
5.591 7.707
5.905 7.721
6.220 7.740
6.535 7.758
6.849 7.779
7.164 7.802
7.478 7.826
7.793 7.848
8.108 7.863
8.422 7.877
8.737 7.891
9.052 7.927
9.366 7.965
9.681 8.003
9.995 8.040
10.310 8.078
10.625 8.116
10.939 8.162
11.254 8.214
11.569 8.266
11.883 8.314
12.198 8.356
12.513 8.399
12.827 8.444
13.142 8.501
13.456 8.558
13.771 8.614
14.086 8.666
14.400 8.718
14.715 8.770
15.030 8.822
15.344 8.874
15.659 8.926
15.973 8.974
16.288 9.022
16.603 9.069
16.917 9.118
17.232 9.170
17.547 9.222
17.861 9.276
18.176 9.332
18.490 9.389
18.805 9.450
19.120 9.540
19.434 9.630
19.749 9.719
20.064 9.782
20.378 9.843
20.693 9.904
21.007 9.973
21.322 10.044
21.637 10.115
21.951 10.166
22.266 10.203
22.581 10.241
22.895 10.275
23.210 10.303
23.525 10.331
23.839 10.357
24.154 10.376
24.468 10.395
24.783 10.414
25.098 10.433
25.412 10.452
25.727 10.471
26.042 10.477
26.356 10.481
26.671 10.486
26.985 10.494
27.300 10.504
27.615 10.513
27.929 10.525
28.244 10.539
28.559 10.554
28.873 10.564
29.188 10.569
29.502 10.574
29.817 10.578
30.132 10.583
30.446 10.588
30.761 10.592
31.076 10.583
31.390 10.574
31.705 10.564
32.020 10.531
32.334 10.494
32.649 10.456
32.963 10.430
33.278 10.411
33.593 10.392
33.907 10.387
34.222 10.396
34.537 10.406
34.851 10.424
35.166 10.461
35.480 10.499
35.795 10.537
36.110 10.575
36.424 10.612
36.739 10.650
37.054 10.683
37.368 10.717
37.683 10.750
37.997 10.786
38.312 10.824
38.627 10.862
38.941 10.899
39.256 10.937
39.571 10.975
39.885 11.009
40.200 11.037
40.515 11.066
40.829 11.097
41.144 11.140
41.458 11.182
41.773 11.225
42.088 11.267
42.402 11.310
42.717 11.352
43.032 11.403
43.346 11.455
43.661 11.507
43.975 11.565
44.290 11.626
44.605 11.688
44.919 11.744
45.234 11.796
45.549 11.848
45.863 11.892
46.178 11.921
46.492 11.949
46.807 11.975
47.122 11.989
47.436 12.003
47.751 12.018
48.066 12.032
48.380 12.046
48.695 12.060
49.010 12.070
49.324 12.080
49.639 12.089
49.953 12.096
50.268 12.101
50.583 12.105
50.897 12.110
51.212 12.115
51.527 12.119
51.841 12.124
52.156 12.129
52.470 12.134
52.785 12.138
53.100 12.138
53.414 12.138
53.729 12.138
54.044 12.134
54.358 12.129
54.673 12.124
54.987 12.113
55.302 12.098
55.617 12.084
55.931 12.055
56.246 12.012
56.561 11.970
56.875 11.938
57.190 11.923
57.504 11.909
57.819 11.900
58.134 11.909
58.448 11.919
58.763 11.928
59.078 11.971
59.392 12.013
59.707 12.056
60.022 12.090
60.336 12.124
60.651 12.157
60.965 12.187
61.280 12.215
61.595 12.243
61.909 12.274
62.224 12.307
62.539 12.340
62.853 12.371
63.168 12.400
63.482 12.428
63.797 12.457
64.112 12.490
64.426 12.523
64.741 12.556
65.056 12.589
65.370 12.622
65.685 12.655
65.999 12.696
66.314 12.738
66.629 12.780
66.943 12.831
67.258 12.888
67.573 12.945
67.887 12.999
68.202 13.051
68.517 13.103
68.831 13.153
69.146 13.195
69.460 13.238
69.775 13.279
70.090 13.298
70.404 13.317
70.719 13.336
71.034 13.351
71.348 13.365
71.663 13.379
71.977 13.386
72.292 13.391
72.607 13.396
72.921 13.403
73.236 13.413
73.551 13.422
73.865 13.428
74.180 13.428
74.494 13.428
74.809 13.429
75.124 13.434
75.438 13.438
75.753 13.443
76.068 13.443
76.382 13.443
76.697 13.443
77.012 13.443
77.326 13.443
77.641 13.443
77.955 13.437
78.270 13.428
78.585 13.418
78.899 13.405
79.214 13.386
79.529 13.367
79.843 13.342
80.158 13.299
80.472 13.257
80.787 13.217
81.102 13.208
81.416 13.198
81.731 13.189
82.046 13.210
82.360 13.233
82.675 13.257
82.989 13.291
83.304 13.329
83.619 13.366
83.933 13.399
84.248 13.427
84.563 13.456
84.877 13.482
85.192 13.506
85.506 13.529
85.821 13.554
86.136 13.582
86.450 13.610
86.765 13.639
87.080 13.667
87.394 13.695
87.709 13.724
88.024 13.752
88.338 13.780
88.653 13.809
88.967 13.840
89.282 13.873
89.597 13.906
89.911 13.944
90.226 13.986
90.541 14.029
90.855 14.071
91.170 14.114
91.484 14.156
91.799 14.200
92.114 14.252
92.428 14.304
92.743 14.356
93.058 14.385
93.372 14.414
93.687 14.442
94.001 14.463
94.316 14.482
94.631 14.501
94.945 14.514
95.260 14.524
95.575 14.533
95.889 14.538
96.204 14.538
96.519 14.538
96.833 14.540
97.148 14.544
97.462 14.549
97.777 14.553
98.092 14.553
98.406 14.553
98.721 14.553
99.036 14.558
99.350 14.562
99.665 14.567
99.979 14.569
100.294 14.569
100.609 14.569
100.923 14.566
101.238 14.561
101.553 14.557
101.867 14.550
102.182 14.541
102.496 14.531
102.811 14.518
103.126 14.485
103.440 14.452
103.755 14.419
104.070 14.390
104.384 14.362
104.699 14.334
105.014 14.325
105.328 14.320
105.643 14.315
105.957 14.337
106.272 14.375
106.587 14.413
106.901 14.448
107.216 14.481
107.531 14.514
107.845 14.545
108.160 14.569
108.474 14.592
108.789 14.616
109.104 14.645
109.418 14.673
109.733 14.701
110.048 14.730
110.362 14.758
110.677 14.786
110.991 14.811
111.306 14.835
111.621 14.858
111.935 14.884
112.250 14.913
112.565 14.941
112.879 14.973
113.194 15.011
113.508 15.049
113.823 15.086
114.138 15.124
114.452 15.162
114.767 15.200
115.082 15.242
115.396 15.285
115.711 15.327
116.026 15.370
116.340 15.412
116.655 15.455
116.969 15.481
117.284 15.500
117.599 15.519
117.913 15.533
118.228 15.543
118.543 15.552
118.857 15.562
119.172 15.571
119.486 15.581
119.801 15.589
120.116 15.589
120.430 15.589
120.745 15.589
121.060 15.589
121.374 15.589
121.689 15.589
122.003 15.589
122.318 15.589
122.633 15.589
122.947 15.592
123.262 15.596
123.577 15.601
123.891 15.602
124.206 15.597
124.521 15.592
124.835 15.588
125.150 15.583
125.464 15.578
125.779 15.573
126.094 15.554
126.408 15.535
126.723 15.516
127.038 15.480
127.352 15.443
127.667 15.405
127.981 15.384
128.296 15.370
128.611 15.355
128.925 15.359
129.240 15.378
129.555 15.396
129.869 15.420
130.184 15.453
130.498 15.486
130.813 15.519
131.128 15.547
131.442 15.575
131.757 15.604
132.072 15.627
132.386 15.651
132.701 15.674
133.016 15.698
133.330 15.722
133.645 15.745
133.959 15.769
134.274 15.792
134.589 15.816
134.903 15.840
135.218 15.863
135.533 15.887
135.847 15.913
136.162 15.946
136.476 15.979
136.791 16.012
137.106 16.045
137.420 16.078
137.735 16.111
138.050 16.153
138.364 16.196
138.679 16.238
138.993 16.281
139.308 16.323
139.623 16.366
139.937 16.400
140.252 16.428
140.567 16.457
140.881 16.481
141.196 16.500
141.511 16.519
141.825 16.535
142.140 16.540
142.454 16.544
142.769 16.549
143.084 16.554
143.398 16.559
143.713 16.563
144.028 16.564
144.342 16.564
144.657 16.564
144.971 16.564
145.286 16.564
145.601 16.564
145.915 16.564
146.230 16.564
146.545 16.564
146.859 16.564
147.174 16.564
147.488 16.564
147.803 16.563
148.118 16.559
148.432 16.554
148.747 16.549
149.062 16.540
149.376 16.530
149.691 16.521
150.005 16.500
150.320 16.477
150.635 16.453
150.949 16.421
151.264 16.383
151.579 16.346
151.893 16.320
152.208 16.310
152.523 16.301
152.837 16.294
153.152 16.294
153.466 16.294
153.781 16.294
154.096 16.294
154.410 16.294
154.725 16.294
155.040 16.290
155.354 16.285
155.669 16.280
155.983 16.279
156.298 16.279
156.613 16.279
156.927 16.276
157.242 16.272
157.557 16.267
157.871 16.264
158.186 16.264
158.500 16.264
158.815 16.264
159.130 16.264
159.444 16.264
159.759 16.264
