2.558 -0.878
2.872 -0.873
3.185 -0.868
3.499 -0.864
3.812 -0.856
4.126 -0.848
4.439 -0.840
4.753 -0.834
5.066 -0.829
5.380 -0.824
5.693 -0.818
6.007 -0.812
6.320 -0.805
6.634 -0.799
6.947 -0.791
7.261 -0.783
7.574 -0.775
7.888 -0.765
8.201 -0.755
8.515 -0.745
8.828 -0.736
9.142 -0.726
9.455 -0.717
9.769 -0.703
10.082 -0.688
10.396 -0.673
10.709 -0.657
11.023 -0.641
11.336 -0.625
11.650 -0.603
11.963 -0.568
12.277 -0.534
12.590 -0.497
12.904 -0.446
13.217 -0.394
13.531 -0.343
13.844 -0.253
14.158 -0.161
14.471 -0.068
14.785 0.037
15.098 0.147
15.412 0.257
15.725 0.343
16.039 0.410
16.352 0.476
16.666 0.577
16.980 0.742
17.293 0.907
17.607 1.064
17.920 1.174
18.234 1.284
18.547 1.395
18.861 1.517
19.174 1.639
19.488 1.761
19.801 1.884
20.115 2.006
20.428 2.128
20.742 2.261
21.055 2.400
21.369 2.539
21.682 2.685
21.996 2.841
22.309 2.998
22.623 3.170
22.936 3.400
23.250 3.630
23.563 3.858
23.877 4.004
24.190 4.150
24.504 4.296
24.817 4.446
25.131 4.596
25.444 4.747
25.758 4.870
26.071 4.978
26.385 5.086
26.698 5.182
27.012 5.262
27.325 5.342
27.639 5.418
27.952 5.484
28.266 5.550
28.579 5.615
28.893 5.667
29.206 5.718
29.520 5.770
29.833 5.818
30.147 5.865
30.460 5.912
30.774 5.949
31.088 5.982
31.401 6.015
31.715 6.036
32.028 6.046
32.342 6.055
32.655 6.066
32.969 6.080
33.282 6.094
33.596 6.108
33.909 6.117
34.223 6.126
34.536 6.136
34.850 6.110
35.163 6.082
35.477 6.054
35.790 6.005
36.104 5.948
36.417 5.892
36.731 5.864
37.044 5.859
37.358 5.854
37.671 5.870
37.985 5.922
38.298 5.974
38.612 6.027
38.925 6.088
39.239 6.149
39.552 6.210
39.866 6.285
40.179 6.361
40.493 6.436
40.806 6.500
41.120 6.561
41.433 6.622
41.747 6.695
42.060 6.775
42.374 6.855
42.687 6.939
43.001 7.028
43.314 7.117
43.628 7.208
43.941 7.302
44.255 7.396
44.568 7.490
44.882 7.599
45.195 7.707
45.509 7.815
45.823 7.935
46.136 8.057
46.450 8.180
46.763 8.314
47.077 8.455
47.390 8.597
47.704 8.731
48.017 8.858
48.331 8.985
48.644 9.102
48.958 9.191
49.271 9.280
49.585 9.367
49.898 9.429
50.212 9.490
50.525 9.551
50.839 9.599
51.152 9.646
51.466 9.693
51.779 9.734
52.093 9.772
52.406 9.809
52.720 9.844
53.033 9.877
53.347 9.910
53.660 9.940
53.974 9.964
54.287 9.987
54.601 10.007
54.914 10.007
55.228 10.007
55.541 10.007
55.855 10.007
56.168 10.007
56.482 10.007
56.795 10.004
57.109 9.999
57.422 9.994
57.736 9.971
58.049 9.933
58.363 9.896
58.676 9.856
58.990 9.814
59.303 9.772
59.617 9.733
59.931 9.709
60.244 9.686
60.558 9.662
60.871 9.695
61.185 9.728
61.498 9.761
61.812 9.805
62.125 9.852
62.439 9.899
62.752 9.949
63.066 10.001
63.379 10.053
63.693 10.117
64.006 10.197
64.320 10.277
64.633 10.352
64.947 10.413
65.260 10.474
65.574 10.537
65.887 10.617
66.201 10.696
66.514 10.776
66.828 10.848
67.141 10.919
67.455 10.989
67.768 11.073
68.082 11.162
68.395 11.251
68.709 11.347
69.022 11.451
69.336 11.554
69.649 11.662
69.963 11.780
70.276 11.897
70.590 12.015
70.903 12.132
71.217 12.250
71.530 12.368
71.844 12.455
72.157 12.540
72.471 12.625
72.784 12.689
73.098 12.745
73.411 12.802
73.725 12.851
74.039 12.893
74.352 12.935
74.666 12.974
74.979 13.007
75.293 13.040
75.606 13.072
75.920 13.101
76.233 13.129
76.547 13.157
76.860 13.172
77.174 13.186
77.487 13.200
77.801 13.207
78.114 13.212
78.428 13.216
78.741 13.213
79.055 13.203
79.368 13.194
79.682 13.184
79.995 13.175
80.309 13.166
80.622 13.151
80.936 13.118
81.249 13.086
81.563 13.052
81.876 13.010
82.190 12.968
82.503 12.925
82.817 12.883
83.130 12.841
83.444 12.798
83.757 12.807
84.071 12.845
84.384 12.882
84.698 12.924
85.011 12.971
85.325 13.018
85.638 13.065
85.952 13.112
86.265 13.159
86.579 13.207
86.892 13.263
87.206 13.320
87.519 13.376
87.833 13.457
88.147 13.542
88.460 13.627
88.774 13.692
89.087 13.749
89.401 13.805
89.714 13.864
90.028 13.925
90.341 13.986
90.655 14.052
90.968 14.127
91.282 14.202
91.595 14.280
91.909 14.374
92.222 14.468
92.536 14.562
92.849 14.669
93.163 14.777
93.476 14.885
93.790 14.997
94.103 15.110
94.417 15.223
94.730 15.315
95.044 15.390
95.357 15.466
95.671 15.531
95.984 15.578
96.298 15.625
96.611 15.669
96.925 15.702
97.238 15.735
97.552 15.768
97.865 15.792
98.179 15.815
98.492 15.839
98.806 15.866
99.119 15.894
99.433 15.923
99.746 15.942
100.060 15.956
100.373 15.971
100.687 15.981
101.000 15.985
101.314 15.990
101.627 15.991
101.941 15.977
102.255 15.962
102.568 15.949
102.882 15.939
103.195 15.930
103.509 15.920
103.822 15.891
104.136 15.858
104.449 15.825
104.763 15.789
105.076 15.752
105.390 15.714
105.703 15.679
106.017 15.646
106.330 15.613
106.644 15.596
106.957 15.625
107.271 15.653
107.584 15.682
107.898 15.725
108.211 15.767
108.525 15.809
108.838 15.852
109.152 15.894
109.465 15.936
109.779 15.985
110.092 16.037
110.406 16.089
110.719 16.153
111.033 16.228
111.346 16.303
111.660 16.378
111.973 16.454
112.287 16.529
112.600 16.600
112.914 16.647
113.227 16.694
113.541 16.741
113.854 16.806
114.168 16.872
114.481 16.938
114.795 17.018
115.108 17.103
115.422 17.187
115.735 17.283
116.049 17.386
116.363 17.490
116.676 17.595
116.990 17.703
117.303 17.811
117.617 17.913
117.930 17.989
118.244 18.064
118.557 18.139
118.871 18.186
119.184 18.233
119.498 18.280
119.811 18.312
120.125 18.340
120.438 18.369
120.752 18.394
121.065 18.417
121.379 18.441
121.692 18.467
122.006 18.495
122.319 18.523
122.633 18.548
122.946 18.562
123.260 18.576
123.573 18.589
123.887 18.589
124.200 18.589
124.514 18.589
124.827 18.573
125.141 18.554
125.454 18.536
125.768 18.523
126.081 18.514
126.395 18.504
126.708 18.488
127.022 18.465
127.335 18.441
127.649 18.411
127.962 18.364
128.276 18.317
128.589 18.271
128.903 18.233
129.216 18.195
129.530 18.158
129.843 18.189
130.157 18.226
130.470 18.264
130.784 18.305
131.098 18.347
131.411 18.390
131.725 18.432
132.038 18.474
132.352 18.517
132.665 18.564
132.979 18.620
133.292 18.677
133.606 18.735
133.919 18.806
134.233 18.876
134.546 18.947
134.860 19.013
135.173 19.079
135.487 19.145
135.800 19.218
136.114 19.293
136.427 19.368
136.741 19.430
137.054 19.482
137.368 19.533
137.681 19.598
137.995 19.683
138.308 19.767
138.622 19.856
138.935 19.959
139.249 20.063
139.562 20.166
139.876 20.265
140.189 20.364
140.503 20.463
140.816 20.538
141.130 20.609
141.443 20.679
141.757 20.735
142.070 20.782
142.384 20.829
142.697 20.865
143.011 20.889
143.324 20.913
143.638 20.937
143.951 20.965
144.265 20.994
144.578 21.021
144.892 21.035
145.206 21.049
145.519 21.063
145.833 21.077
146.146 21.092
146.460 21.106
146.773 21.110
147.087 21.110
147.400 21.110
147.714 21.103
148.027 21.089
148.341 21.075
148.654 21.061
148.968 21.047
149.281 21.033
149.595 21.017
149.908 20.994
150.222 20.970
150.535 20.947
150.849 20.901
151.162 20.854
151.476 20.807
151.789 20.774
152.103 20.746
152.416 20.718
152.730 20.697
153.043 20.683
153.357 20.669
153.670 20.657
153.984 20.647
154.297 20.638
154.611 20.628
154.924 20.619
155.238 20.610
155.551 20.600
155.865 20.591
156.178 20.581
156.492 20.572
156.805 20.563
157.119 20.553
157.432 20.544
157.746 20.537
158.059 20.532
158.373 20.528
158.686 20.521
159.000 20.512
