2.357 6.061
2.645 6.074
2.933 6.087
3.221 6.100
3.508 6.122
3.796 6.153
4.084 6.183
4.372 6.213
4.660 6.243
4.948 6.274
5.236 6.304
5.523 6.341
5.811 6.385
6.099 6.428
6.387 6.473
6.675 6.533
6.963 6.594
7.251 6.654
7.539 6.712
7.826 6.768
8.114 6.824
8.402 6.890
8.690 7.007
8.978 7.123
9.266 7.240
9.554 7.330
9.841 7.408
10.129 7.485
10.417 7.563
10.705 7.641
10.993 7.719
11.281 7.796
11.569 7.871
11.856 7.944
12.144 8.018
12.432 8.093
12.720 8.175
13.008 8.257
13.296 8.340
13.584 8.435
13.871 8.535
14.159 8.634
14.447 8.739
14.735 8.855
15.023 8.972
15.311 9.088
15.599 9.212
15.887 9.338
16.174 9.463
16.462 9.571
16.750 9.648
17.038 9.726
17.326 9.804
17.614 9.862
17.902 9.919
18.189 9.975
18.477 10.024
18.765 10.063
19.053 10.101
19.341 10.140
19.629 10.175
19.917 10.210
20.204 10.244
20.492 10.277
20.780 10.307
21.068 10.337
21.356 10.367
21.644 10.393
21.932 10.419
22.219 10.445
22.507 10.467
22.795 10.484
23.083 10.501
23.371 10.518
23.659 10.531
23.947 10.544
24.234 10.557
24.522 10.555
24.810 10.542
25.098 10.529
25.386 10.515
25.674 10.494
25.962 10.472
26.250 10.451
26.537 10.434
26.825 10.421
27.113 10.408
27.401 10.396
27.689 10.383
27.977 10.370
28.265 10.357
28.552 10.358
28.840 10.367
29.128 10.376
29.416 10.390
29.704 10.424
29.992 10.459
30.280 10.493
30.567 10.537
30.855 10.585
31.143 10.632
31.431 10.684
31.719 10.749
32.007 10.814
32.295 10.879
32.582 10.940
32.870 11.000
33.158 11.061
33.446 11.119
33.734 11.171
34.022 11.222
34.310 11.274
34.598 11.322
34.885 11.370
35.173 11.417
35.461 11.476
35.749 11.554
36.037 11.631
36.325 11.709
36.613 11.771
36.900 11.832
37.188 11.892
37.476 11.965
37.764 12.056
38.052 12.147
38.340 12.237
38.628 12.316
38.915 12.394
39.203 12.472
39.491 12.535
39.779 12.583
40.067 12.630
40.355 12.678
40.643 12.712
40.930 12.747
41.218 12.781
41.506 12.812
41.794 12.837
42.082 12.863
42.370 12.889
42.658 12.915
42.946 12.941
43.233 12.967
43.521 12.986
43.809 12.998
44.097 13.011
44.385 13.025
44.673 13.042
44.961 13.059
45.248 13.077
45.536 13.089
45.824 13.097
46.112 13.106
46.400 13.111
46.688 13.093
46.976 13.076
47.263 13.059
47.551 13.041
47.839 13.024
48.127 13.007
48.415 12.989
48.703 12.967
48.991 12.946
49.278 12.924
49.566 12.902
49.854 12.881
50.142 12.859
50.430 12.842
50.718 12.838
51.006 12.833
51.293 12.829
51.581 12.852
51.869 12.882
52.157 12.912
52.445 12.945
52.733 12.984
53.021 13.023
53.309 13.062
53.596 13.115
53.884 13.171
54.172 13.227
54.460 13.282
54.748 13.334
55.036 13.385
55.324 13.437
55.611 13.481
55.899 13.525
56.187 13.568
56.475 13.609
56.763 13.648
57.051 13.687
57.339 13.726
57.626 13.777
57.914 13.829
58.202 13.880
58.490 13.936
58.778 13.997
59.066 14.057
59.354 14.118
59.641 14.208
59.929 14.299
60.217 14.389
60.505 14.465
60.793 14.525
61.081 14.586
61.369 14.645
61.657 14.688
61.944 14.732
62.232 14.775
62.520 14.811
62.808 14.841
63.096 14.871
63.384 14.900
63.672 14.917
63.959 14.935
64.247 14.952
64.535 14.969
64.823 14.987
65.111 15.004
65.399 15.020
65.687 15.033
65.974 15.046
66.262 15.059
66.550 15.072
66.838 15.085
67.126 15.098
67.414 15.109
67.702 15.114
67.989 15.118
68.277 15.122
68.565 15.121
68.853 15.116
69.141 15.112
69.429 15.102
69.717 15.076
70.005 15.050
70.292 15.024
70.580 15.002
70.868 14.980
71.156 14.959
71.444 14.938
71.732 14.921
72.020 14.904
72.307 14.887
72.595 14.880
72.883 14.876
73.171 14.871
73.459 14.875
73.747 14.892
74.035 14.909
74.322 14.927
74.610 14.955
74.898 14.985
75.186 15.016
75.474 15.053
75.762 15.100
76.050 15.148
76.337 15.195
76.625 15.243
76.913 15.290
77.201 15.338
77.489 15.383
77.777 15.427
78.065 15.470
78.352 15.513
78.640 15.548
78.928 15.582
79.216 15.617
79.504 15.656
79.792 15.699
80.080 15.742
80.368 15.786
80.655 15.833
80.943 15.881
81.231 15.928
81.519 15.988
81.807 16.057
82.095 16.126
82.383 16.197
82.670 16.283
82.958 16.369
83.246 16.456
83.534 16.508
83.822 16.538
84.110 16.568
84.398 16.598
84.685 16.628
84.973 16.659
85.261 16.689
85.549 16.711
85.837 16.728
86.125 16.745
86.413 16.761
86.700 16.769
86.988 16.778
87.276 16.787
87.564 16.798
87.852 16.811
88.140 16.824
88.428 16.836
88.716 16.845
89.003 16.853
89.291 16.862
89.579 16.871
89.867 16.879
90.155 16.888
90.443 16.893
90.731 16.888
91.018 16.884
91.306 16.880
91.594 16.858
91.882 16.832
92.170 16.806
92.458 16.783
92.746 16.766
93.033 16.748
93.321 16.731
93.609 16.710
93.897 16.689
94.185 16.667
94.473 16.652
94.761 16.648
95.048 16.644
95.336 16.639
95.624 16.651
95.912 16.664
96.200 16.677
96.488 16.696
96.776 16.722
97.064 16.748
97.351 16.774
97.639 16.821
97.927 16.868
98.215 16.916
98.503 16.963
98.791 17.011
99.079 17.058
99.366 17.105
99.654 17.144
99.942 17.183
100.230 17.222
100.518 17.258
100.806 17.293
101.094 17.328
101.381 17.362
101.669 17.401
101.957 17.440
102.245 17.479
102.533 17.523
102.821 17.571
103.109 17.618
103.396 17.668
103.684 17.728
103.972 17.788
104.260 17.849
104.548 17.915
104.836 17.984
105.124 18.053
105.411 18.117
105.699 18.156
105.987 18.194
106.275 18.233
106.563 18.266
106.851 18.296
107.139 18.326
107.427 18.354
107.714 18.371
108.002 18.388
108.290 18.405
108.578 18.419
108.866 18.432
109.154 18.445
109.442 18.457
109.729 18.466
110.017 18.474
110.305 18.483
110.593 18.495
110.881 18.508
111.169 18.521
111.457 18.531
111.744 18.535
112.032 18.540
112.320 18.544
112.608 18.541
112.896 18.536
113.184 18.532
113.472 18.517
113.759 18.487
114.047 18.457
114.335 18.427
114.623 18.408
114.911 18.391
115.199 18.374
115.487 18.355
115.775 18.333
116.062 18.311
116.350 18.290
116.638 18.281
116.926 18.272
117.214 18.264
117.502 18.270
117.790 18.292
118.077 18.313
118.365 18.335
118.653 18.361
118.941 18.387
119.229 18.413
119.517 18.451
119.805 18.498
120.092 18.546
120.380 18.593
120.668 18.636
120.956 18.679
121.244 18.723
121.532 18.763
121.820 18.802
122.107 18.841
122.395 18.879
122.683 18.909
122.971 18.939
123.259 18.969
123.547 19.011
123.835 19.058
124.123 19.106
124.410 19.153
124.698 19.201
124.986 19.248
125.274 19.296
125.562 19.353
125.850 19.413
126.138 19.474
126.425 19.534
126.713 19.595
127.001 19.655
127.289 19.715
127.577 19.763
127.865 19.806
128.153 19.849
128.440 19.886
128.728 19.908
129.016 19.929
129.304 19.951
129.592 19.965
129.880 19.978
130.168 19.991
130.455 20.004
130.743 20.017
131.031 20.030
131.319 20.043
131.607 20.052
131.895 20.061
132.183 20.070
132.470 20.078
132.758 20.087
133.046 20.096
133.334 20.104
133.622 20.109
133.910 20.113
134.198 20.117
134.486 20.116
134.773 20.107
135.061 20.099
135.349 20.090
135.637 20.065
135.925 20.039
136.213 20.013
136.501 19.989
136.788 19.967
137.076 19.946
137.364 19.924
137.652 19.907
137.940 19.890
138.228 19.873
138.516 19.860
138.803 19.851
139.091 19.843
139.379 19.834
139.667 19.830
139.955 19.826
140.243 19.821
140.531 19.817
140.818 19.813
141.106 19.809
141.394 19.805
141.682 19.805
141.970 19.805
142.258 19.805
142.546 19.802
142.834 19.798
143.121 19.793
143.409 19.789
143.697 19.785
143.985 19.780
144.273 19.776
144.561 19.775
144.849 19.775
145.136 19.775
145.424 19.774
145.712 19.769
146.000 19.765
