2.156 45.989
2.472 46.036
2.789 46.083
3.105 46.130
3.421 46.178
3.738 46.225
4.054 46.272
4.370 46.351
4.687 46.446
5.003 46.540
5.319 46.635
5.636 46.729
5.952 46.824
6.268 46.918
6.584 47.013
6.901 47.107
7.217 47.211
7.533 47.352
7.850 47.494
8.166 47.636
8.482 47.777
8.799 47.919
9.115 48.061
9.431 48.285
9.748 48.521
10.064 48.757
10.380 48.926
10.697 49.068
11.013 49.210
11.329 49.351
11.646 49.493
11.962 49.635
12.278 49.795
12.595 49.984
12.911 50.172
13.227 50.361
13.544 50.550
13.860 50.739
14.176 50.928
14.493 51.117
14.809 51.306
15.125 51.495
15.441 51.726
15.758 51.963
16.074 52.199
16.390 52.470
16.707 52.753
17.023 53.037
17.339 53.265
17.656 53.454
17.972 53.643
18.288 53.812
18.605 53.954
18.921 54.096
19.237 54.237
19.554 54.379
19.870 54.521
20.186 54.658
20.503 54.752
20.819 54.847
21.135 54.941
21.452 54.992
21.768 55.039
22.084 55.086
22.401 55.170
22.717 55.264
23.033 55.359
23.349 55.424
23.666 55.472
23.982 55.519
24.298 55.566
24.615 55.613
24.931 55.661
25.247 55.708
25.564 55.755
25.880 55.802
26.196 55.843
26.513 55.843
26.829 55.843
27.145 55.843
27.462 55.798
27.778 55.751
28.094 55.703
28.411 55.694
28.727 55.694
29.043 55.694
29.360 55.664
29.676 55.616
29.992 55.569
30.309 55.568
30.625 55.615
30.941 55.662
31.257 55.694
31.574 55.694
31.890 55.694
32.206 55.709
32.523 55.804
32.839 55.898
33.155 55.993
33.472 56.087
33.788 56.182
34.104 56.276
34.421 56.370
34.737 56.465
35.053 56.559
35.370 56.654
35.686 56.748
36.002 56.843
36.319 56.937
36.635 57.032
36.951 57.126
37.268 57.221
37.584 57.315
37.900 57.410
38.217 57.522
38.533 57.711
38.849 57.900
39.166 58.086
39.482 58.180
39.798 58.275
40.114 58.369
40.431 58.505
40.747 58.647
41.063 58.788
41.380 58.930
41.696 59.072
42.012 59.213
42.329 59.329
42.645 59.424
42.961 59.518
43.278 59.613
43.594 59.707
43.910 59.802
44.227 59.885
44.543 59.933
44.859 59.980
45.176 60.027
45.492 60.074
45.808 60.122
46.125 60.169
46.441 60.216
46.757 60.263
47.074 60.311
47.390 60.323
47.706 60.323
48.022 60.323
48.339 60.350
48.655 60.397
48.971 60.445
49.288 60.472
49.604 60.472
49.920 60.472
50.237 60.460
50.553 60.413
50.869 60.366
51.186 60.323
51.502 60.323
51.818 60.323
52.135 60.323
52.451 60.279
52.767 60.232
53.084 60.184
53.400 60.137
53.716 60.090
54.033 60.043
54.349 60.024
54.665 60.024
54.982 60.024
55.298 60.045
55.614 60.093
55.931 60.140
56.247 60.187
56.563 60.234
56.879 60.282
57.196 60.335
57.512 60.429
57.828 60.524
58.145 60.618
58.461 60.667
58.777 60.714
59.094 60.761
59.410 60.847
59.726 60.941
60.043 61.036
60.359 61.100
60.675 61.147
60.992 61.194
61.308 61.264
61.624 61.359
61.941 61.453
62.257 61.548
62.573 61.642
62.890 61.736
63.206 61.831
63.522 61.925
63.839 62.020
64.155 62.114
64.471 62.303
64.787 62.492
65.104 62.681
65.420 62.751
65.736 62.799
66.053 62.846
66.369 62.925
66.685 63.019
67.002 63.114
67.318 63.184
67.634 63.231
67.951 63.278
68.267 63.326
68.583 63.373
68.900 63.420
69.216 63.467
69.532 63.515
69.849 63.562
70.165 63.608
70.481 63.608
70.798 63.608
71.114 63.608
71.430 63.649
71.747 63.696
72.063 63.743
72.379 63.757
72.696 63.757
73.012 63.757
73.328 63.757
73.644 63.757
73.961 63.757
74.277 63.739
74.593 63.692
74.910 63.645
75.226 63.597
75.542 63.550
75.859 63.503
76.175 63.456
76.491 63.408
76.808 63.361
77.124 63.314
77.440 63.267
77.757 63.219
78.073 63.172
78.389 63.160
78.706 63.160
79.022 63.160
79.338 63.187
79.655 63.234
79.971 63.281
80.287 63.348
80.604 63.443
80.920 63.537
81.236 63.620
81.552 63.667
81.869 63.714
82.185 63.761
82.501 63.809
82.818 63.856
83.134 63.903
83.450 63.950
83.767 63.998
84.083 64.045
84.399 64.128
84.716 64.223
85.032 64.317
85.348 64.383
85.665 64.430
85.981 64.478
86.297 64.546
86.614 64.640
86.930 64.735
87.246 64.829
87.563 64.924
87.879 65.018
88.195 65.113
88.512 65.207
88.828 65.302
89.144 65.396
89.460 65.490
89.777 65.585
90.093 65.679
90.409 65.774
90.726 65.868
91.042 65.963
91.358 65.997
91.675 65.997
91.991 65.997
92.307 65.997
92.624 65.997
92.940 65.997
93.256 66.012
93.573 66.059
93.889 66.106
94.205 66.146
94.522 66.146
94.838 66.146
95.154 66.146
95.471 66.193
95.787 66.240
96.103 66.288
96.420 66.256
96.736 66.209
97.052 66.162
97.369 66.178
97.685 66.225
98.001 66.272
98.317 66.247
98.634 66.153
98.950 66.058
99.266 66.013
99.583 66.061
99.899 66.108
100.215 66.137
100.532 66.090
100.848 66.043
101.164 65.996
101.481 65.948
101.797 65.901
102.113 65.854
102.430 65.847
102.746 65.847
103.062 65.847
103.379 65.881
103.695 65.928
104.011 65.975
104.328 66.022
104.644 66.070
104.960 66.117
105.277 66.128
105.593 66.081
105.909 66.034
106.225 66.018
106.542 66.112
106.858 66.206
107.174 66.298
107.491 66.345
107.807 66.393
108.123 66.440
108.440 66.445
108.756 66.445
109.072 66.445
109.389 66.479
109.705 66.527
110.021 66.574
110.338 66.621
110.654 66.668
110.970 66.716
111.287 66.782
111.603 66.877
111.919 66.971
112.236 67.054
112.552 67.101
112.868 67.148
113.185 67.200
113.501 67.294
113.817 67.389
114.134 67.483
114.450 67.534
114.766 67.581
115.082 67.628
115.399 67.675
115.715 67.723
116.031 67.770
116.348 67.789
116.664 67.789
116.980 67.789
117.297 67.789
117.613 67.789
117.929 67.789
118.246 67.802
118.562 67.849
118.878 67.896
119.195 67.938
119.511 67.938
119.827 67.938
120.144 67.938
120.460 67.938
120.776 67.938
121.093 67.938
121.409 67.938
121.725 67.938
122.042 67.938
122.358 67.908
122.674 67.861
122.990 67.813
123.307 67.789
123.623 67.789
123.939 67.789
124.256 67.759
124.572 67.664
124.888 67.570
125.205 67.483
125.521 67.435
125.837 67.388
126.154 67.341
126.470 67.387
126.786 67.435
127.103 67.482
127.419 67.490
127.735 67.490
128.052 67.490
128.368 67.522
128.684 67.569
129.001 67.616
129.317 67.663
129.633 67.710
129.950 67.758
130.266 67.805
130.582 67.852
130.899 67.899
131.215 67.955
131.531 68.050
131.847 68.144
132.164 68.238
132.480 68.285
132.796 68.332
133.113 68.379
133.429 68.427
133.745 68.474
134.062 68.521
134.378 68.601
134.694 68.696
135.011 68.790
135.327 68.859
135.643 68.907
135.960 68.954
136.276 69.037
136.592 69.178
136.909 69.320
137.225 69.441
137.541 69.489
137.858 69.536
138.174 69.583
138.490 69.630
138.807 69.677
139.123 69.725
139.439 69.772
139.755 69.819
140.072 69.866
140.388 69.879
140.704 69.879
141.021 69.879
141.337 69.879
141.653 69.879
141.970 69.879
142.286 69.898
142.602 69.946
142.919 69.993
143.235 70.028
143.551 70.028
143.868 70.028
144.184 70.028
144.500 70.028
144.817 70.028
145.133 70.028
145.449 69.984
145.766 69.937
146.082 69.890
146.398 69.879
146.715 69.879
147.031 69.879
147.347 69.850
147.663 69.803
147.980 69.756
148.296 69.709
148.612 69.661
148.929 69.614
149.245 69.567
149.561 69.520
149.878 69.473
150.194 69.425
150.510 69.378
150.827 69.331
151.143 69.284
151.459 69.282
151.776 69.282
152.092 69.282
152.408 69.244
152.725 69.197
153.041 69.150
153.357 69.102
153.674 69.055
153.990 69.008
154.306 68.983
154.623 68.983
154.939 68.983
155.255 68.968
155.572 68.921
155.888 68.874
156.204 68.834
156.520 68.834
156.837 68.834
157.153 68.834
157.469 68.787
157.786 68.740
158.102 68.692
158.418 68.684
158.735 68.684
159.051 68.684
159.367 68.684
159.684 68.684
160.000 68.684
