9.020000E+2 -5.000000E-1 -1.922037E-5
1.302000E+3 -4.898990E-1 -1.624185E-5
1.702000E+3 -4.797980E-1 -1.341226E-5
2.102000E+3 -4.696970E-1 -1.140176E-5
2.502000E+3 -4.595959E-1 -9.838041E-6
2.902000E+3 -4.494949E-1 -8.572171E-6
3.402000E+3 -4.393939E-1 -7.298258E-6
3.802000E+3 -4.292929E-1 -6.464273E-6
4.202000E+3 -4.191919E-1 -5.667519E-6
4.602000E+3 -4.090909E-1 -5.027139E-6
5.002000E+3 -3.989899E-1 -4.423990E-6
5.402000E+3 -3.888889E-1 -3.895303E-6
5.802000E+3 -3.787879E-1 -3.418741E-6
6.202000E+3 -3.686869E-1 -3.001748E-6
6.602000E+3 -3.585859E-1 -2.614541E-6
7.002000E+3 -3.484849E-1 -2.272012E-6
7.402000E+3 -3.383839E-1 -1.944375E-6
7.802000E+3 -3.282828E-1 -1.668863E-6
8.202000E+3 -3.181818E-1 -1.393350E-6
8.602000E+3 -3.080808E-1 -1.162515E-6
9.002000E+3 -2.979798E-1 -9.316800E-7
9.502000E+3 -2.878788E-1 -8.861978E-7
9.902000E+3 -2.777778E-1 -5.205850E-7
1.030200E+4 -2.676768E-1 -2.912393E-7
1.100200E+4 -2.575758E-1 -4.513345E-7
1.170200E+4 -2.474747E-1 -3.560220E-7
1.220200E+4 -2.373737E-1 -1.010849E-7
1.270200E+4 -2.272727E-1 1.540488E-7
1.310200E+4 -2.171717E-1 5.226401E-7
1.350200E+4 -2.070707E-1 7.661338E-7
1.390200E+4 -1.969697E-1 9.962241E-7
1.430200E+4 -1.868687E-1 1.223336E-6
1.480200E+4 -1.767677E-1 1.235190E-6
1.520200E+4 -1.666667E-1 1.585166E-6
1.560200E+4 -1.565656E-1 1.845786E-6
1.600200E+4 -1.464646E-1 2.106406E-6
1.640200E+4 -1.363636E-1 2.367026E-6
1.680200E+4 -1.262626E-1 2.620200E-6
1.720200E+4 -1.161616E-1 2.858481E-6
1.760200E+4 -1.060606E-1 3.133994E-6
1.800200E+4 -9.595960E-2 3.416953E-6
1.840200E+4 -8.585858E-2 3.685019E-6
1.880200E+4 -7.575757E-2 3.960532E-6
1.920200E+4 -6.565656E-2 4.250937E-6
1.960200E+4 -5.555554E-2 4.526450E-6
2.000200E+4 -4.545453E-2 4.794516E-6
2.040200E+4 -3.535352E-2 5.062583E-6
2.080200E+4 -2.525250E-2 5.330649E-6
2.120200E+4 -1.515149E-2 5.606161E-6
2.160200E+4 -5.050506E-3 5.851889E-6
2.200200E+4 5.050506E-3 6.090170E-6
2.240200E+4 1.515155E-2 6.335898E-6
2.280200E+4 2.525256E-2 6.574179E-6
2.320200E+4 3.535357E-2 6.805014E-6
2.360200E+4 4.545453E-2 7.035849E-6
2.400200E+4 5.555554E-2 7.266684E-6
2.440200E+4 6.565656E-2 7.504965E-6
2.480200E+4 7.575757E-2 7.728354E-6
2.520200E+4 8.585858E-2 7.959189E-6
2.560200E+4 9.595960E-2 8.175131E-6
2.600200E+4 1.060606E-1 8.383628E-6
2.640200E+4 1.161616E-1 8.599571E-6
2.680200E+4 1.262626E-1 8.770835E-6
2.720200E+4 1.363636E-1 8.934653E-6
2.760200E+4 1.464647E-1 9.068686E-6
2.800200E+4 1.565657E-1 9.187827E-6
2.840200E+4 1.666667E-1 9.269736E-6
2.880200E+4 1.767677E-1 9.321860E-6
2.920200E+4 1.868687E-1 9.344199E-6
2.960200E+4 1.969697E-1 9.336753E-6
3.000200E+4 2.070707E-1 9.306968E-6
3.040200E+4 2.171718E-1 9.247397E-6
3.080200E+4 2.272728E-1 9.165488E-6
3.120200E+4 2.373738E-1 9.091025E-6
3.160200E+4 2.474748E-1 8.994223E-6
3.200200E+4 2.575758E-1 8.889975E-6
3.240200E+4 2.676768E-1 8.785728E-6
3.280200E+4 2.777778E-1 8.688926E-6
3.320200E+4 2.878788E-1 8.577231E-6
3.360200E+4 2.979798E-1 8.465537E-6
3.400200E+4 3.080808E-1 8.361289E-6
3.440200E+4 3.181818E-1 8.249594E-6
3.480200E+4 3.282828E-1 8.152793E-6
3.520200E+4 3.383839E-1 8.048545E-6
3.560200E+4 3.484849E-1 7.936851E-6
3.600200E+4 3.585859E-1 7.832602E-6
3.640200E+4 3.686869E-1 7.735801E-6
3.680200E+4 3.787879E-1 7.638999E-6
3.720200E+4 3.888889E-1 7.542197E-6
3.760200E+4 3.989899E-1 7.467734E-6
3.800200E+4 4.090909E-1 7.408164E-6
3.840200E+4 4.191920E-1 7.348593E-6
3.880200E+4 4.292930E-1 7.311362E-6
3.920200E+4 4.393940E-1 7.289023E-6
3.960200E+4 4.494950E-1 7.289023E-6
4.000200E+4 4.595960E-1 7.281576E-6
4.040200E+4 4.696970E-1 7.296469E-6
4.080200E+4 4.797980E-1 7.326254E-6
4.120200E+4 4.898990E-1 7.378379E-6
4.160200E+4 5.000000E-1 7.452842E-6
4.200200E+4 5.000000E-1 6.857138E-6
4.240200E+4 4.898990E-1 5.747641E-6
4.280200E+4 4.797980E-1 4.876425E-6
4.320200E+4 4.696970E-1 4.183920E-6
4.360200E+4 4.595959E-1 3.588217E-6
4.400200E+4 4.494949E-1 3.059531E-6
4.440200E+4 4.393939E-1 2.620200E-6
4.480200E+4 4.292929E-1 2.210654E-6
4.520200E+4 4.191919E-1 1.845786E-6
4.560200E+4 4.090909E-1 1.495810E-6
4.600200E+4 3.989899E-1 1.183066E-6
4.650200E+4 3.888889E-1 1.139193E-6
4.690200E+4 3.787879E-1 7.177329E-7
4.730200E+4 3.686869E-1 4.541342E-7
4.770200E+4 3.585859E-1 2.165976E-7
4.840300E+4 3.484849E-1 4.563681E-7
4.910400E+4 3.383839E-1 3.953085E-7
4.960400E+4 3.282828E-1 1.237186E-7
5.010300E+4 3.181818E-1 -1.497598E-7
5.050300E+4 3.080808E-1 -5.622842E-7
5.090300E+4 2.979798E-1 -8.288613E-7
5.130300E+4 2.878788E-1 -1.077567E-6
5.170300E+4 2.777778E-1 -1.315849E-6
5.220300E+4 2.676768E-1 -1.303994E-6
5.260300E+4 2.575758E-1 -1.668863E-6
5.300300E+4 2.474747E-1 -1.922037E-6
5.340300E+4 2.373737E-1 -2.182657E-6
5.380300E+4 2.272727E-1 -2.435830E-6
5.420300E+4 2.171717E-1 -2.689004E-6
5.460300E+4 2.070707E-1 -2.934732E-6
5.500300E+4 1.969697E-1 -3.180460E-6
5.540300E+4 1.868687E-1 -3.441080E-6
5.580300E+4 1.767677E-1 -3.701700E-6
5.620300E+4 1.666667E-1 -3.962320E-6
5.660300E+4 1.565656E-1 -4.237832E-6
5.700300E+4 1.464646E-1 -4.535684E-6
5.740300E+4 1.363636E-1 -4.818643E-6
5.780300E+4 1.262626E-1 -5.109048E-6
5.820300E+4 1.161616E-1 -5.377115E-6
5.860300E+4 1.060606E-1 -5.674966E-6
5.900300E+4 9.595960E-2 -5.980264E-6
5.940300E+4 8.585858E-2 -6.255777E-6
5.980300E+4 7.575757E-2 -6.531289E-6
6.020300E+4 6.565656E-2 -6.799356E-6
6.060300E+4 5.555554E-2 -7.067422E-6
6.100300E+4 4.545453E-2 -7.313150E-6
6.140300E+4 3.535352E-2 -7.551431E-6
6.180300E+4 2.525250E-2 -7.767373E-6
6.220300E+4 1.515149E-2 -7.983315E-6
6.260300E+4 5.050506E-3 -8.176919E-6
6.300300E+4 -5.050506E-3 -8.355630E-6
6.340300E+4 -1.515155E-2 -8.519448E-6
6.380300E+4 -2.525256E-2 -8.690712E-6
6.420300E+4 -3.535357E-2 -8.839638E-6
6.460300E+4 -4.545453E-2 -8.988564E-6
6.500300E+4 -5.555554E-2 -9.122597E-6
6.540300E+4 -6.565656E-2 -9.264077E-6
6.580300E+4 -7.575757E-2 -9.390664E-6
6.620300E+4 -8.585858E-2 -9.487466E-6
6.660300E+4 -9.595960E-2 -9.591714E-6
6.700300E+4 -1.060606E-1 -9.658730E-6
6.740300E+4 -1.161616E-1 -9.710854E-6
6.780300E+4 -1.262626E-1 -9.725747E-6
6.820300E+4 -1.363636E-1 -9.710854E-6
6.860300E+4 -1.464647E-1 -9.666176E-6
6.900300E+4 -1.565657E-1 -9.599160E-6
6.940300E+4 -1.666667E-1 -9.472573E-6
6.980300E+4 -1.767677E-1 -9.331094E-6
7.020300E+4 -1.868687E-1 -9.159829E-6
7.060300E+4 -1.969697E-1 -8.988564E-6
7.100300E+4 -2.070707E-1 -8.802407E-6
7.140300E+4 -2.171718E-1 -8.623696E-6
7.180300E+4 -2.272728E-1 -8.444985E-6
7.220300E+4 -2.373738E-1 -8.303506E-6
7.260300E+4 -2.474748E-1 -8.147133E-6
7.300300E+4 -2.575758E-1 -8.013100E-6
7.340300E+4 -2.676768E-1 -7.879067E-6
7.380300E+4 -2.777778E-1 -7.767373E-6
7.420300E+4 -2.878788E-1 -7.640786E-6
7.460300E+4 -2.979798E-1 -7.521646E-6
7.500300E+4 -3.080808E-1 -7.409952E-6
7.540300E+4 -3.181818E-1 -7.290811E-6
7.580300E+4 -3.282828E-1 -7.201455E-6
7.620300E+4 -3.383839E-1 -7.104654E-6
7.660300E+4 -3.484849E-1 -7.015298E-6
7.700300E+4 -3.585859E-1 -6.925943E-6
7.740300E+4 -3.686869E-1 -6.851480E-6
7.780300E+4 -3.787879E-1 -6.769571E-6
7.820300E+4 -3.888889E-1 -6.687661E-6
7.860300E+4 -3.989899E-1 -6.613198E-6
7.900300E+4 -4.090909E-1 -6.561074E-6
7.940300E+4 -4.191920E-1 -6.508951E-6
7.980300E+4 -4.292930E-1 -6.479166E-6
8.020300E+4 -4.393940E-1 -6.456826E-6
8.060300E+4 -4.494950E-1 -6.456826E-6
8.100300E+4 -4.595960E-1 -6.471719E-6
8.140300E+4 -4.696970E-1 -6.501504E-6
8.180300E+4 -4.797980E-1 -6.546182E-6
8.220300E+4 -4.898990E-1 -6.620645E-6
8.260300E+4 -5.000000E-1 -6.702554E-6
