9.020000E+2 -5.000000E-1 -2.517739E-5
1.302000E+3 -4.898990E-1 -2.152871E-5
1.702000E+3 -4.797980E-1 -1.780557E-5
2.102000E+3 -4.696970E-1 -1.505044E-5
2.502000E+3 -4.595959E-1 -1.289102E-5
2.902000E+3 -4.494949E-1 -1.117837E-5
3.302000E+3 -4.393939E-1 -9.763577E-6
3.702000E+3 -4.292929E-1 -8.572171E-6
4.202000E+3 -4.191919E-1 -7.432290E-6
4.602000E+3 -4.090909E-1 -6.613198E-6
5.002000E+3 -3.989899E-1 -5.823892E-6
5.402000E+3 -3.888889E-1 -5.153726E-6
5.802000E+3 -3.787879E-1 -4.558023E-6
6.202000E+3 -3.686869E-1 -4.006997E-6
6.602000E+3 -3.585859E-1 -3.500650E-6
7.002000E+3 -3.484849E-1 -3.046426E-6
7.402000E+3 -3.383839E-1 -2.636880E-6
7.802000E+3 -3.282828E-1 -2.242227E-6
8.202000E+3 -3.181818E-1 -1.862466E-6
8.602000E+3 -3.080808E-1 -1.527383E-6
9.002000E+3 -2.979798E-1 -1.214639E-6
9.402000E+3 -2.878788E-1 -9.018948E-7
9.901000E+3 -2.777778E-1 -7.774819E-7
1.030100E+4 -2.676768E-1 -3.448526E-7
1.100100E+4 -2.575758E-1 -3.872964E-7
1.150100E+4 -2.474747E-1 -8.135218E-8
1.200100E+4 -2.373737E-1 2.404257E-7
1.240100E+4 -2.272727E-1 6.834799E-7
1.280100E+4 -2.171717E-1 1.013351E-6
1.320100E+4 -2.070707E-1 1.329073E-6
1.370100E+4 -1.969697E-1 1.458579E-6
1.410100E+4 -1.868687E-1 1.883017E-6
1.450100E+4 -1.767677E-1 2.203208E-6
1.490100E+4 -1.666667E-1 2.523398E-6
1.530100E+4 -1.565656E-1 2.828696E-6
1.570100E+4 -1.464646E-1 3.141440E-6
1.610100E+4 -1.363636E-1 3.461630E-6
1.650100E+4 -1.262626E-1 3.781821E-6
1.690100E+4 -1.161616E-1 4.102011E-6
1.730100E+4 -1.060606E-1 4.422202E-6
1.770100E+4 -9.595960E-2 4.727499E-6
1.810100E+4 -8.585858E-2 5.040244E-6
1.850100E+4 -7.575757E-2 5.345541E-6
1.890100E+4 -6.565656E-2 5.658286E-6
1.930100E+4 -5.555554E-2 5.948691E-6
1.970100E+4 -4.545453E-2 6.231650E-6
2.010100E+4 -3.535352E-2 6.484824E-6
2.050100E+4 -2.525250E-2 6.730551E-6
2.090100E+4 -1.515149E-2 6.961386E-6
2.130100E+4 -5.050506E-3 7.177328E-6
2.170100E+4 5.050506E-3 7.378379E-6
2.210100E+4 1.515155E-2 7.564536E-6
2.250100E+4 2.525256E-2 7.743247E-6
2.290100E+4 3.535357E-2 7.907065E-6
2.330100E+4 4.545453E-2 8.070884E-6
2.370100E+4 5.555554E-2 8.212363E-6
2.410100E+4 6.565656E-2 8.361289E-6
2.450100E+4 7.575757E-2 8.495323E-6
2.490100E+4 8.585858E-2 8.629356E-6
2.530100E+4 9.595960E-2 8.748496E-6
2.570100E+4 1.060606E-1 8.867636E-6
2.610100E+4 1.161616E-1 8.979330E-6
2.650100E+4 1.262626E-1 9.068686E-6
2.690100E+4 1.363636E-1 9.143149E-6
2.730100E+4 1.464647E-1 9.210165E-6
2.770100E+4 1.565657E-1 9.262290E-6
2.810100E+4 1.666667E-1 9.284629E-6
2.850100E+4 1.767677E-1 9.277182E-6
2.890100E+4 1.868687E-1 9.247397E-6
2.930100E+4 1.969697E-1 9.195273E-6
2.970100E+4 2.070707E-1 9.135703E-6
3.010100E+4 2.171718E-1 9.061240E-6
3.050100E+4 2.272728E-1 8.986777E-6
3.090100E+4 2.373738E-1 8.904868E-6
3.130100E+4 2.474748E-1 8.822959E-6
3.170100E+4 2.575758E-1 8.741050E-6
3.210100E+4 2.676768E-1 8.651694E-6
3.250100E+4 2.777778E-1 8.562339E-6
3.290100E+4 2.878788E-1 8.472984E-6
3.330100E+4 2.979798E-1 8.368736E-6
3.370100E+4 3.080808E-1 8.271933E-6
3.410100E+4 3.181818E-1 8.167685E-6
3.450100E+4 3.282828E-1 8.070884E-6
3.490100E+4 3.383839E-1 7.959189E-6
3.530100E+4 3.484849E-1 7.854942E-6
3.570100E+4 3.585859E-1 7.750694E-6
3.610100E+4 3.686869E-1 7.661338E-6
3.650100E+4 3.787879E-1 7.564536E-6
3.690100E+4 3.888889E-1 7.475180E-6
3.730100E+4 3.989899E-1 7.393271E-6
3.770100E+4 4.090909E-1 7.326254E-6
3.810100E+4 4.191920E-1 7.274130E-6
3.850100E+4 4.292930E-1 7.229453E-6
3.890100E+4 4.393940E-1 7.214560E-6
3.930100E+4 4.494950E-1 7.222006E-6
3.970100E+4 4.595960E-1 7.236899E-6
4.010100E+4 4.696970E-1 7.274130E-6
4.050100E+4 4.797980E-1 7.326254E-6
4.090100E+4 4.898990E-1 7.400717E-6
4.130100E+4 5.000000E-1 7.490073E-6
4.170100E+4 5.000000E-1 6.968833E-6
4.210100E+4 4.898990E-1 5.978476E-6
4.250100E+4 4.797980E-1 5.174277E-6
4.290100E+4 4.696970E-1 4.504111E-6
4.330100E+4 4.595959E-1 3.930747E-6
4.370100E+4 4.494949E-1 3.416953E-6
4.410100E+4 4.393939E-1 2.932944E-6
4.450100E+4 4.292929E-1 2.553183E-6
4.490100E+4 4.191919E-1 2.165976E-6
4.530100E+4 4.090909E-1 1.823447E-6
4.570100E+4 3.989899E-1 1.488364E-6
4.610100E+4 3.888889E-1 1.190512E-6
4.660100E+4 3.787879E-1 1.115365E-6
4.700100E+4 3.686869E-1 7.222006E-7
4.740100E+4 3.585859E-1 4.578574E-7
4.780100E+4 3.484849E-1 2.300009E-7
4.850200E+4 3.383839E-1 3.975424E-7
4.920300E+4 3.282828E-1 3.193564E-7
4.960300E+4 3.181818E-1 -1.207193E-7
5.000300E+4 3.080808E-1 -4.074014E-7
5.040300E+4 2.979798E-1 -6.605752E-7
5.080300E+4 2.878788E-1 -8.988564E-7
5.120300E+4 2.777778E-1 -1.132670E-6
5.160300E+4 2.676768E-1 -1.368717E-6
5.210300E+4 2.575758E-1 -1.393350E-6
5.250300E+4 2.474747E-1 -1.743325E-6
5.290300E+4 2.373737E-1 -1.996499E-6
5.330300E+4 2.272727E-1 -2.272012E-6
5.370300E+4 2.171717E-1 -2.517740E-6
5.410300E+4 2.070707E-1 -2.770914E-6
5.450300E+4 1.969697E-1 -3.024087E-6
5.490300E+4 1.868687E-1 -3.284707E-6
5.530300E+4 1.767677E-1 -3.560220E-6
5.570300E+4 1.666667E-1 -3.835733E-6
5.610300E+4 1.565656E-1 -4.111246E-6
5.650300E+4 1.464646E-1 -4.409097E-6
5.690300E+4 1.363636E-1 -4.699502E-6
5.730300E+4 1.262626E-1 -4.989908E-6
5.770300E+4 1.161616E-1 -5.257973E-6
5.810300E+4 1.060606E-1 -5.555825E-6
5.850300E+4 9.595960E-2 -5.876016E-6
5.890300E+4 8.585858E-2 -6.173867E-6
5.930300E+4 7.575757E-2 -6.479166E-6
5.970300E+4 6.565656E-2 -6.777017E-6
6.010300E+4 5.555554E-2 -7.067422E-6
6.050300E+4 4.545453E-2 -7.335489E-6
6.090300E+4 3.535352E-2 -7.596109E-6
6.130300E+4 2.525250E-2 -7.834389E-6
6.170300E+4 1.515149E-2 -8.065224E-6
6.210300E+4 5.050506E-3 -8.281167E-6
6.250300E+4 -5.050506E-3 -8.467324E-6
6.290300E+4 -1.515155E-2 -8.638589E-6
6.330300E+4 -2.525256E-2 -8.809853E-6
6.370300E+4 -3.535357E-2 -8.951332E-6
6.410300E+4 -4.545453E-2 -9.085366E-6
6.450300E+4 -5.555554E-2 -9.219400E-6
6.490300E+4 -6.565656E-2 -9.353433E-6
6.530300E+4 -7.575757E-2 -9.472573E-6
6.570300E+4 -8.585858E-2 -9.599160E-6
6.610300E+4 -9.595960E-2 -9.718301E-6
6.650300E+4 -1.060606E-1 -9.822548E-6
6.690300E+4 -1.161616E-1 -9.926796E-6
6.730300E+4 -1.262626E-1 -1.001615E-5
6.770300E+4 -1.363636E-1 -1.009061E-5
6.810300E+4 -1.464647E-1 -1.014274E-5
6.850300E+4 -1.565657E-1 -1.018742E-5
6.890300E+4 -1.666667E-1 -1.019486E-5
6.930300E+4 -1.767677E-1 -1.017252E-5
6.970300E+4 -1.868687E-1 -1.012785E-5
7.010300E+4 -1.969697E-1 -1.006828E-5
7.050300E+4 -2.070707E-1 -9.986367E-6
7.090300E+4 -2.171718E-1 -9.889565E-6
7.130300E+4 -2.272728E-1 -9.785317E-6
7.170300E+4 -2.373738E-1 -9.681069E-6
7.210300E+4 -2.474748E-1 -9.569375E-6
7.250300E+4 -2.575758E-1 -9.450234E-6
7.290300E+4 -2.676768E-1 -9.353433E-6
7.330300E+4 -2.777778E-1 -9.256631E-6
7.370300E+4 -2.878788E-1 -9.159829E-6
7.410300E+4 -2.979798E-1 -9.055581E-6
7.450300E+4 -3.080808E-1 -8.966225E-6
7.490300E+4 -3.181818E-1 -8.861977E-6
7.530300E+4 -3.282828E-1 -8.765175E-6
7.570300E+4 -3.383839E-1 -8.660927E-6
7.610300E+4 -3.484849E-1 -8.556680E-6
7.650300E+4 -3.585859E-1 -8.459878E-6
7.690300E+4 -3.686869E-1 -8.370523E-6
7.730300E+4 -3.787879E-1 -8.288613E-6
7.770300E+4 -3.888889E-1 -8.214151E-6
7.810300E+4 -3.989899E-1 -8.139687E-6
7.850300E+4 -4.090909E-1 -8.087563E-6
7.890300E+4 -4.191920E-1 -8.042885E-6
7.930300E+4 -4.292930E-1 -8.005654E-6
7.970300E+4 -4.393940E-1 -7.975869E-6
8.010300E+4 -4.494950E-1 -7.975869E-6
8.050300E+4 -4.595960E-1 -7.975869E-6
8.090300E+4 -4.696970E-1 -7.998207E-6
8.130300E+4 -4.797980E-1 -8.035439E-6
8.170300E+4 -4.898990E-1 -8.102455E-6
8.210300E+4 -5.000000E-1 -8.176919E-6
