9.020000E+2 -5.000000E-1 -1.497598E-5
1.302000E+3 -4.898990E-1 -1.296548E-5
1.702000E+3 -4.797980E-1 -1.095498E-5
2.102000E+3 -4.696970E-1 -9.465725E-6
2.602000E+3 -4.595959E-1 -7.908852E-6
3.002000E+3 -4.494949E-1 -7.067422E-6
3.402000E+3 -4.393939E-1 -6.218545E-6
3.802000E+3 -4.292929E-1 -5.481362E-6
4.202000E+3 -4.191919E-1 -4.893106E-6
4.602000E+3 -4.090909E-1 -4.342081E-6
5.002000E+3 -3.989899E-1 -3.850625E-6
5.402000E+3 -3.888889E-1 -3.403848E-6
5.802000E+3 -3.787879E-1 -3.016641E-6
6.202000E+3 -3.686869E-1 -2.659219E-6
6.602000E+3 -3.585859E-1 -2.324136E-6
7.002000E+3 -3.484849E-1 -2.003946E-6
7.402000E+3 -3.383839E-1 -1.728433E-6
7.802000E+3 -3.282828E-1 -1.467813E-6
8.202000E+3 -3.181818E-1 -1.229532E-6
8.602000E+3 -3.080808E-1 -1.006143E-6
9.102000E+3 -2.979798E-1 -9.293862E-7
9.502000E+3 -2.878788E-1 -6.360025E-7
9.902000E+3 -2.777778E-1 -4.356973E-7
1.030200E+4 -2.676768E-1 -2.443277E-7
1.100300E+4 -2.575758E-1 -3.359170E-7
1.170300E+4 -2.474747E-1 -2.592202E-7
1.220300E+4 -2.373737E-1 -5.864101E-8
1.270300E+4 -2.272727E-1 1.324546E-7
1.310300E+4 -2.171717E-1 4.169028E-7
1.350300E+4 -2.070707E-1 6.127402E-7
1.390300E+4 -1.969697E-1 7.929405E-7
1.430300E+4 -1.868687E-1 9.694174E-7
1.470300E+4 -1.767677E-1 1.134725E-6
1.510300E+4 -1.666667E-1 1.298543E-6
1.560300E+4 -1.565656E-1 1.317099E-6
1.600300E+4 -1.464646E-1 1.562827E-6
1.640300E+4 -1.363636E-1 1.748984E-6
1.680300E+4 -1.262626E-1 1.927695E-6
1.720300E+4 -1.161616E-1 2.098960E-6
1.760300E+4 -1.060606E-1 2.277671E-6
1.800300E+4 -9.595960E-2 2.448935E-6
1.840300E+4 -8.585858E-2 2.612753E-6
1.880300E+4 -7.575757E-2 2.776572E-6
1.920300E+4 -6.565656E-2 2.918051E-6
1.960300E+4 -5.555554E-2 3.081870E-6
2.000300E+4 -4.545453E-2 3.238242E-6
2.040300E+4 -3.535352E-2 3.402060E-6
2.080300E+4 -2.525250E-2 3.543540E-6
2.120300E+4 -1.515149E-2 3.692465E-6
2.160300E+4 -5.050506E-3 3.826499E-6
2.200300E+4 5.050506E-3 3.945639E-6
2.240300E+4 1.515155E-2 4.064780E-6
2.280300E+4 2.525256E-2 4.169028E-6
2.320300E+4 3.535357E-2 4.265830E-6
2.360300E+4 4.545453E-2 4.355185E-6
2.400300E+4 5.555554E-2 4.429648E-6
2.440300E+4 6.565656E-2 4.511557E-6
2.480300E+4 7.575757E-2 4.586020E-6
2.520300E+4 8.585858E-2 4.653037E-6
2.560300E+4 9.595960E-2 4.720053E-6
2.600300E+4 1.060606E-1 4.779623E-6
2.640300E+4 1.161616E-1 4.846640E-6
2.680300E+4 1.262626E-1 4.898764E-6
2.720300E+4 1.363636E-1 4.958335E-6
2.760300E+4 1.464647E-1 5.017905E-6
2.800300E+4 1.565657E-1 5.084921E-6
2.840300E+4 1.666667E-1 5.144492E-6
2.880300E+4 1.767677E-1 5.218955E-6
2.920300E+4 1.868687E-1 5.285971E-6
2.960300E+4 1.969697E-1 5.367880E-6
3.000300E+4 2.070707E-1 5.449790E-6
3.040300E+4 2.171718E-1 5.539145E-6
3.080300E+4 2.272728E-1 5.621054E-6
3.120300E+4 2.373738E-1 5.710410E-6
3.160300E+4 2.474748E-1 5.799765E-6
3.200300E+4 2.575758E-1 5.889121E-6
3.240300E+4 2.676768E-1 5.993369E-6
3.280300E+4 2.777778E-1 6.097617E-6
3.320300E+4 2.878788E-1 6.216757E-6
3.360300E+4 2.979798E-1 6.321005E-6
3.400300E+4 3.080808E-1 6.432700E-6
3.440300E+4 3.181818E-1 6.544394E-6
3.480300E+4 3.282828E-1 6.670981E-6
3.520300E+4 3.383839E-1 6.790122E-6
3.560300E+4 3.484849E-1 6.901816E-6
3.600300E+4 3.585859E-1 7.028403E-6
3.640300E+4 3.686869E-1 7.162436E-6
3.680300E+4 3.787879E-1 7.296469E-6
3.720300E+4 3.888889E-1 7.437949E-6
3.760300E+4 3.989899E-1 7.579428E-6
3.800300E+4 4.090909E-1 7.728354E-6
3.840300E+4 4.191920E-1 7.877280E-6
3.880300E+4 4.292930E-1 8.026206E-6
3.920300E+4 4.393940E-1 8.182578E-6
3.960300E+4 4.494950E-1 8.353843E-6
4.000300E+4 4.595960E-1 8.525108E-6
4.040300E+4 4.696970E-1 8.703818E-6
4.080300E+4 4.797980E-1 8.904868E-6
4.120300E+4 4.898990E-1 9.113364E-6
4.160300E+4 5.000000E-1 9.344199E-6
4.200300E+4 5.000000E-1 8.986777E-6
4.240300E+4 4.898990E-1 8.152793E-6
4.280300E+4 4.797980E-1 7.408164E-6
4.320300E+4 4.696970E-1 6.737997E-6
4.360300E+4 4.595959E-1 6.112509E-6
4.400300E+4 4.494949E-1 5.524253E-6
4.440300E+4 4.393939E-1 4.950888E-6
4.480300E+4 4.292929E-1 4.429648E-6
4.520300E+4 4.191919E-1 3.930747E-6
4.560300E+4 4.090909E-1 3.454184E-6
4.600300E+4 3.989899E-1 2.985068E-6
4.640300E+4 3.888889E-1 2.575522E-6
4.680300E+4 3.787879E-1 2.151083E-6
4.720300E+4 3.686869E-1 1.741538E-6
4.760300E+4 3.585859E-1 1.331992E-6
4.810300E+4 3.484849E-1 1.048348E-6
4.850300E+4 3.383839E-1 6.134848E-7
4.890300E+4 3.282828E-1 2.478720E-7
4.930300E+4 3.181818E-1 -1.095498E-7
4.970300E+4 3.080808E-1 -4.491006E-7
5.010300E+4 2.979798E-1 -7.767373E-7
5.050300E+4 2.878788E-1 -1.096928E-6
5.090300E+4 2.777778E-1 -1.407438E-6
5.140300E+4 2.676768E-1 -1.586953E-6
5.180300E+4 2.575758E-1 -1.936929E-6
5.220300E+4 2.474747E-1 -2.234781E-6
5.260300E+4 2.373737E-1 -2.517740E-6
5.300300E+4 2.272727E-1 -2.800699E-6
5.340300E+4 2.171717E-1 -3.068765E-6
5.380300E+4 2.070707E-1 -3.321939E-6
5.420300E+4 1.969697E-1 -3.575112E-6
5.460300E+4 1.868687E-1 -3.828286E-6
5.500300E+4 1.767677E-1 -4.059121E-6
5.540300E+4 1.666667E-1 -4.289956E-6
5.580300E+4 1.565656E-1 -4.505899E-6
5.620300E+4 1.464646E-1 -4.714395E-6
5.660300E+4 1.363636E-1 -4.907999E-6
5.700300E+4 1.262626E-1 -5.086709E-6
5.740300E+4 1.161616E-1 -5.243081E-6
5.780300E+4 1.060606E-1 -5.421792E-6
5.820300E+4 9.595960E-2 -5.578164E-6
5.860300E+4 8.585858E-2 -5.734536E-6
5.900300E+4 7.575757E-2 -5.883463E-6
5.940300E+4 6.565656E-2 -6.017495E-6
5.980300E+4 5.555554E-2 -6.136636E-6
6.020300E+4 4.545453E-2 -6.248330E-6
6.060300E+4 3.535352E-2 -6.345132E-6
6.100300E+4 2.525250E-2 -6.441934E-6
6.140300E+4 1.515149E-2 -6.531289E-6
6.180300E+4 5.050506E-3 -6.613198E-6
6.220300E+4 -5.050506E-3 -6.695108E-6
6.260300E+4 -1.515155E-2 -6.762124E-6
6.300300E+4 -2.525256E-2 -6.836587E-6
6.340300E+4 -3.535357E-2 -6.896157E-6
6.380300E+4 -4.545453E-2 -6.955728E-6
6.420300E+4 -5.555554E-2 -7.000406E-6
6.460300E+4 -6.565656E-2 -7.052529E-6
6.500300E+4 -7.575757E-2 -7.082314E-6
6.540300E+4 -8.585858E-2 -7.104654E-6
6.580300E+4 -9.595960E-2 -7.126992E-6
6.620300E+4 -1.060606E-1 -7.134439E-6
6.660300E+4 -1.161616E-1 -7.134439E-6
6.700300E+4 -1.262626E-1 -7.119546E-6
6.740300E+4 -1.363636E-1 -7.089761E-6
6.780300E+4 -1.464647E-1 -7.059976E-6
6.820300E+4 -1.565657E-1 -7.007852E-6
6.860300E+4 -1.666667E-1 -6.940835E-6
6.900300E+4 -1.767677E-1 -6.866372E-6
6.940300E+4 -1.868687E-1 -6.791910E-6
6.980300E+4 -1.969697E-1 -6.724893E-6
7.020300E+4 -2.070707E-1 -6.650430E-6
7.060300E+4 -2.171718E-1 -6.583413E-6
7.100300E+4 -2.272728E-1 -6.531289E-6
7.140300E+4 -2.373738E-1 -6.479166E-6
7.180300E+4 -2.474748E-1 -6.427041E-6
7.220300E+4 -2.575758E-1 -6.374917E-6
7.260300E+4 -2.676768E-1 -6.330240E-6
7.300300E+4 -2.777778E-1 -6.278116E-6
7.340300E+4 -2.878788E-1 -6.233437E-6
7.380300E+4 -2.979798E-1 -6.173867E-6
7.420300E+4 -3.080808E-1 -6.121743E-6
7.460300E+4 -3.181818E-1 -6.069620E-6
7.500300E+4 -3.282828E-1 -6.017495E-6
7.540300E+4 -3.383839E-1 -5.957925E-6
7.580300E+4 -3.484849E-1 -5.905801E-6
7.620300E+4 -3.585859E-1 -5.861123E-6
7.660300E+4 -3.686869E-1 -5.809000E-6
7.700300E+4 -3.787879E-1 -5.764321E-6
7.740300E+4 -3.888889E-1 -5.719644E-6
7.780300E+4 -3.989899E-1 -5.682412E-6
7.820300E+4 -4.090909E-1 -5.660074E-6
7.860300E+4 -4.191920E-1 -5.637734E-6
7.900300E+4 -4.292930E-1 -5.615396E-6
7.940300E+4 -4.393940E-1 -5.607949E-6
7.980300E+4 -4.494950E-1 -5.615396E-6
8.020300E+4 -4.595960E-1 -5.630288E-6
8.060300E+4 -4.696970E-1 -5.660074E-6
8.100300E+4 -4.797980E-1 -5.704751E-6
8.140300E+4 -4.898990E-1 -5.764321E-6
8.180300E+4 -5.000000E-1 -5.846231E-6
