9.020000E+2 -5.000000E-1 -1.572061E-5
1.302000E+3 -4.898990E-1 -1.378457E-5
1.702000E+3 -4.797980E-1 -1.199746E-5
2.102000E+3 -4.696970E-1 -1.058267E-5
2.502000E+3 -4.595959E-1 -9.391262E-6
3.002000E+3 -4.494949E-1 -8.199258E-6
3.402000E+3 -4.393939E-1 -7.484415E-6
3.802000E+3 -4.292929E-1 -6.777017E-6
4.202000E+3 -4.191919E-1 -6.144082E-6
4.602000E+3 -4.090909E-1 -5.578164E-6
5.002000E+3 -3.989899E-1 -5.094156E-6
5.402000E+3 -3.888889E-1 -4.647378E-6
5.802000E+3 -3.787879E-1 -4.222940E-6
6.202000E+3 -3.686869E-1 -3.843179E-6
6.602000E+3 -3.585859E-1 -3.485757E-6
7.002000E+3 -3.484849E-1 -3.165567E-6
7.402000E+3 -3.383839E-1 -2.860269E-6
7.802000E+3 -3.282828E-1 -2.584756E-6
8.202000E+3 -3.181818E-1 -2.301797E-6
8.602000E+3 -3.080808E-1 -2.026285E-6
9.002000E+3 -2.979798E-1 -1.780557E-6
9.402000E+3 -2.878788E-1 -1.534829E-6
9.802000E+3 -2.777778E-1 -1.303994E-6
1.020200E+4 -2.676768E-1 -1.073160E-6
1.060200E+4 -2.575758E-1 -8.572171E-7
1.110100E+4 -2.474747E-1 -7.402505E-7
1.150100E+4 -2.373737E-1 -4.394204E-7
1.190100E+4 -2.272727E-1 -2.033731E-7
1.240100E+4 -2.171717E-1 -9.624476E-8
1.290100E+4 -2.070707E-1 1.056479E-7
1.330100E+4 -1.969697E-1 4.124350E-7
1.370100E+4 -1.868687E-1 6.589072E-7
1.410100E+4 -1.767677E-1 8.956992E-7
1.450100E+4 -1.666667E-1 1.133236E-6
1.490100E+4 -1.565656E-1 1.370772E-6
1.540100E+4 -1.464646E-1 1.510703E-6
1.580100E+4 -1.363636E-1 1.816001E-6
1.620100E+4 -1.262626E-1 2.061728E-6
1.660100E+4 -1.161616E-1 2.314902E-6
1.700100E+4 -1.060606E-1 2.553183E-6
1.740100E+4 -9.595960E-2 2.784018E-6
1.780100E+4 -8.585858E-2 2.999961E-6
1.820100E+4 -7.575757E-2 3.230796E-6
1.860100E+4 -6.565656E-2 3.469077E-6
1.900100E+4 -5.555554E-2 3.692465E-6
1.940100E+4 -4.545453E-2 3.908408E-6
1.980100E+4 -3.535352E-2 4.124350E-6
2.020100E+4 -2.525250E-2 4.340292E-6
2.060100E+4 -1.515149E-2 4.533896E-6
2.100100E+4 -5.050506E-3 4.727499E-6
2.140100E+4 5.050506E-3 4.906211E-6
2.180100E+4 1.515155E-2 5.077475E-6
2.220100E+4 2.525256E-2 5.256186E-6
2.260100E+4 3.535357E-2 5.420004E-6
2.300100E+4 4.545453E-2 5.591269E-6
2.340100E+4 5.555554E-2 5.755087E-6
2.380100E+4 6.565656E-2 5.911460E-6
2.420100E+4 7.575757E-2 6.067832E-6
2.460100E+4 8.585858E-2 6.224204E-6
2.500100E+4 9.595960E-2 6.365683E-6
2.540100E+4 1.060606E-1 6.507163E-6
2.580100E+4 1.161616E-1 6.648642E-6
2.620100E+4 1.262626E-1 6.775229E-6
2.660100E+4 1.363636E-1 6.894370E-6
2.700100E+4 1.464647E-1 7.013511E-6
2.740100E+4 1.565657E-1 7.132651E-6
2.780100E+4 1.666667E-1 7.229453E-6
2.820100E+4 1.767677E-1 7.318808E-6
2.860100E+4 1.868687E-1 7.408164E-6
2.900100E+4 1.969697E-1 7.482627E-6
2.940100E+4 2.070707E-1 7.542197E-6
2.980100E+4 2.171718E-1 7.594321E-6
3.020100E+4 2.272728E-1 7.646445E-6
3.060100E+4 2.373738E-1 7.706016E-6
3.100100E+4 2.474748E-1 7.758139E-6
3.140100E+4 2.575758E-1 7.817710E-6
3.180100E+4 2.676768E-1 7.877280E-6
3.220100E+4 2.777778E-1 7.951743E-6
3.260100E+4 2.878788E-1 8.033652E-6
3.300100E+4 2.979798E-1 8.100669E-6
3.340100E+4 3.080808E-1 8.175131E-6
3.380100E+4 3.181818E-1 8.257041E-6
3.420100E+4 3.282828E-1 8.353843E-6
3.460100E+4 3.383839E-1 8.443199E-6
3.500100E+4 3.484849E-1 8.540000E-6
3.540100E+4 3.585859E-1 8.644248E-6
3.580100E+4 3.686869E-1 8.755942E-6
3.620100E+4 3.787879E-1 8.875083E-6
3.660100E+4 3.888889E-1 8.986777E-6
3.700100E+4 3.989899E-1 9.113364E-6
3.740100E+4 4.090909E-1 9.239950E-6
3.780100E+4 4.191920E-1 9.373985E-6
3.820100E+4 4.292930E-1 9.500571E-6
3.860100E+4 4.393940E-1 9.634605E-6
3.900100E+4 4.494950E-1 9.776084E-6
3.940100E+4 4.595960E-1 9.932456E-6
3.980100E+4 4.696970E-1 1.008883E-5
4.020100E+4 4.797980E-1 1.025265E-5
4.060100E+4 4.898990E-1 1.043136E-5
4.100100E+4 5.000000E-1 1.061007E-5
4.140100E+4 5.000000E-1 1.023775E-5
4.180100E+4 4.898990E-1 9.381431E-6
4.220100E+4 4.797980E-1 8.577231E-6
4.260100E+4 4.696970E-1 7.862388E-6
4.300100E+4 4.595959E-1 7.199668E-6
4.340100E+4 4.494949E-1 6.574179E-6
4.380100E+4 4.393939E-1 5.963584E-6
4.420100E+4 4.292929E-1 5.382773E-6
4.460100E+4 4.191919E-1 4.831747E-6
4.500100E+4 4.090909E-1 4.310507E-6
4.540100E+4 3.989899E-1 3.789267E-6
4.580100E+4 3.888889E-1 3.305258E-6
4.620100E+4 3.787879E-1 2.843588E-6
4.660100E+4 3.686869E-1 2.411704E-6
4.700100E+4 3.585859E-1 1.972373E-6
4.740100E+4 3.484849E-1 1.540488E-6
4.780100E+4 3.383839E-1 1.123496E-6
4.830100E+4 3.282828E-1 7.996421E-7
4.870100E+4 3.181818E-1 3.476523E-7
4.920100E+4 3.080808E-1 6.221224E-8
4.970100E+4 2.979798E-1 -2.852823E-7
5.010100E+4 2.878788E-1 -7.052529E-7
5.050100E+4 2.777778E-1 -1.069376E-6
5.090100E+4 2.676768E-1 -1.423820E-6
5.140100E+4 2.575758E-1 -1.661416E-6
5.180100E+4 2.474747E-1 -2.026285E-6
5.220100E+4 2.373737E-1 -2.361368E-6
5.260100E+4 2.272727E-1 -2.681558E-6
5.300100E+4 2.171717E-1 -2.986856E-6
5.340100E+4 2.070707E-1 -3.284707E-6
5.380100E+4 1.969697E-1 -3.575112E-6
5.420100E+4 1.868687E-1 -3.872964E-6
5.460100E+4 1.767677E-1 -4.148477E-6
5.500100E+4 1.666667E-1 -4.423990E-6
5.540100E+4 1.565656E-1 -4.684610E-6
5.580100E+4 1.464646E-1 -4.937784E-6
5.620100E+4 1.363636E-1 -5.161172E-6
5.660100E+4 1.262626E-1 -5.384561E-6
5.700100E+4 1.161616E-1 -5.607949E-6
5.740100E+4 1.060606E-1 -5.846231E-6
5.780100E+4 9.595960E-2 -6.054727E-6
5.820100E+4 8.585858E-2 -6.255777E-6
5.860100E+4 7.575757E-2 -6.449380E-6
5.900100E+4 6.565656E-2 -6.628091E-6
5.940100E+4 5.555554E-2 -6.799356E-6
5.980100E+4 4.545453E-2 -6.948282E-6
6.020100E+4 3.535352E-2 -7.082314E-6
6.060100E+4 2.525250E-2 -7.208901E-6
6.100100E+4 1.515149E-2 -7.328043E-6
6.140100E+4 5.050506E-3 -7.432290E-6
6.180100E+4 -5.050506E-3 -7.529092E-6
6.220100E+4 -1.515155E-2 -7.618447E-6
6.260100E+4 -2.525256E-2 -7.700356E-6
6.300100E+4 -3.535357E-2 -7.782265E-6
6.340100E+4 -4.545453E-2 -7.864175E-6
6.380100E+4 -5.555554E-2 -7.938637E-6
6.420100E+4 -6.565656E-2 -8.013100E-6
6.460100E+4 -7.575757E-2 -8.087563E-6
6.500100E+4 -8.585858E-2 -8.147133E-6
6.540100E+4 -9.595960E-2 -8.214151E-6
6.580100E+4 -1.060606E-1 -8.266275E-6
6.620100E+4 -1.161616E-1 -8.310953E-6
6.660100E+4 -1.262626E-1 -8.348184E-6
6.700100E+4 -1.363636E-1 -8.370523E-6
6.740100E+4 -1.464647E-1 -8.377969E-6
6.780100E+4 -1.565657E-1 -8.370523E-6
6.820100E+4 -1.666667E-1 -8.348184E-6
6.860100E+4 -1.767677E-1 -8.310953E-6
6.900100E+4 -1.868687E-1 -8.258828E-6
6.940100E+4 -1.969697E-1 -8.206704E-6
6.980100E+4 -2.070707E-1 -8.139687E-6
7.020100E+4 -2.171718E-1 -8.080117E-6
7.060100E+4 -2.272728E-1 -8.020546E-6
7.100100E+4 -2.373738E-1 -7.983315E-6
7.140100E+4 -2.474748E-1 -7.931191E-6
7.180100E+4 -2.575758E-1 -7.901406E-6
7.220100E+4 -2.676768E-1 -7.871620E-6
7.260100E+4 -2.777778E-1 -7.849282E-6
7.300100E+4 -2.878788E-1 -7.834389E-6
7.340100E+4 -2.979798E-1 -7.812050E-6
7.380100E+4 -3.080808E-1 -7.782265E-6
7.420100E+4 -3.181818E-1 -7.759926E-6
7.460100E+4 -3.282828E-1 -7.730141E-6
7.500100E+4 -3.383839E-1 -7.692910E-6
7.540100E+4 -3.484849E-1 -7.648232E-6
7.580100E+4 -3.585859E-1 -7.603555E-6
7.620100E+4 -3.686869E-1 -7.551431E-6
7.660100E+4 -3.787879E-1 -7.499307E-6
7.700100E+4 -3.888889E-1 -7.439737E-6
7.740100E+4 -3.989899E-1 -7.380166E-6
7.780100E+4 -4.090909E-1 -7.328043E-6
7.820100E+4 -4.191920E-1 -7.268472E-6
7.860100E+4 -4.292930E-1 -7.208901E-6
7.900100E+4 -4.393940E-1 -7.156777E-6
7.940100E+4 -4.494950E-1 -7.112100E-6
7.980100E+4 -4.595960E-1 -7.067422E-6
8.020100E+4 -4.696970E-1 -7.030191E-6
8.060100E+4 -4.797980E-1 -6.992959E-6
8.100100E+4 -4.898990E-1 -6.970620E-6
8.140100E+4 -5.000000E-1 -6.955728E-6
