9.020000E+2 -5.000000E-1 -1.773111E-5
1.302000E+3 -4.898990E-1 -1.579507E-5
1.702000E+3 -4.797980E-1 -1.378457E-5
2.102000E+3 -4.696970E-1 -1.214639E-5
2.502000E+3 -4.595959E-1 -1.080606E-5
2.902000E+3 -4.494949E-1 -9.689114E-6
3.302000E+3 -4.393939E-1 -8.646633E-6
3.802000E+3 -4.292929E-1 -7.611001E-6
4.202000E+3 -4.191919E-1 -6.903604E-6
4.602000E+3 -4.090909E-1 -6.188760E-6
5.002000E+3 -3.989899E-1 -5.518594E-6
5.402000E+3 -3.888889E-1 -4.952676E-6
5.802000E+3 -3.787879E-1 -4.401651E-6
6.202000E+3 -3.686869E-1 -3.880411E-6
6.602000E+3 -3.585859E-1 -3.396402E-6
7.002000E+3 -3.484849E-1 -2.949624E-6
7.402000E+3 -3.383839E-1 -2.517740E-6
7.802000E+3 -3.282828E-1 -2.108194E-6
8.202000E+3 -3.181818E-1 -1.706094E-6
8.602000E+3 -3.080808E-1 -1.333780E-6
9.002000E+3 -2.979798E-1 -9.763577E-7
9.502000E+3 -2.878788E-1 -7.335489E-7
9.902000E+3 -2.777778E-1 -3.418741E-7
1.040200E+4 -2.676768E-1 -1.252853E-7
1.090200E+4 -2.575758E-1 1.533042E-7
1.130200E+4 -2.474747E-1 5.271078E-7
1.170200E+4 -2.373737E-1 8.316611E-7
1.210200E+4 -2.272727E-1 1.129513E-6
1.250200E+4 -2.171717E-1 1.408749E-6
1.300200E+4 -2.070707E-1 1.555381E-6
1.340200E+4 -1.969697E-1 1.883017E-6
1.380200E+4 -1.868687E-1 2.143637E-6
1.420200E+4 -1.767677E-1 2.396811E-6
1.460200E+4 -1.666667E-1 2.635092E-6
1.500200E+4 -1.565656E-1 2.843588E-6
1.540200E+4 -1.464646E-1 3.052084E-6
1.580200E+4 -1.363636E-1 3.260581E-6
1.620200E+4 -1.262626E-1 3.454184E-6
1.660200E+4 -1.161616E-1 3.640341E-6
1.700200E+4 -1.060606E-1 3.819052E-6
1.740200E+4 -9.595960E-2 3.982871E-6
1.780200E+4 -8.585858E-2 4.139243E-6
1.820200E+4 -7.575757E-2 4.288168E-6
1.860200E+4 -6.565656E-2 4.422202E-6
1.900200E+4 -5.555554E-2 4.556235E-6
1.940200E+4 -4.545453E-2 4.682822E-6
1.980200E+4 -3.535352E-2 4.794516E-6
2.020200E+4 -2.525250E-2 4.898764E-6
2.060200E+4 -1.515149E-2 5.003013E-6
2.100200E+4 -5.050506E-3 5.092368E-6
2.140200E+4 5.050506E-3 5.181723E-6
2.180200E+4 1.515155E-2 5.271078E-6
2.220200E+4 2.525256E-2 5.360434E-6
2.260200E+4 3.535357E-2 5.442344E-6
2.300200E+4 4.545453E-2 5.554038E-6
2.340200E+4 5.555554E-2 5.650839E-6
2.380200E+4 6.565656E-2 5.747641E-6
2.420200E+4 7.575757E-2 5.844443E-6
2.460200E+4 8.585858E-2 5.933799E-6
2.500200E+4 9.595960E-2 6.038047E-6
2.540200E+4 1.060606E-1 6.134848E-6
2.580200E+4 1.161616E-1 6.224204E-6
2.620200E+4 1.262626E-1 6.306113E-6
2.660200E+4 1.363636E-1 6.388022E-6
2.700200E+4 1.464647E-1 6.469931E-6
2.740200E+4 1.565657E-1 6.544394E-6
2.780200E+4 1.666667E-1 6.618857E-6
2.820200E+4 1.767677E-1 6.670981E-6
2.860200E+4 1.868687E-1 6.730551E-6
2.900200E+4 1.969697E-1 6.775229E-6
2.940200E+4 2.070707E-1 6.812460E-6
2.980200E+4 2.171718E-1 6.842246E-6
3.020200E+4 2.272728E-1 6.872031E-6
3.060200E+4 2.373738E-1 6.901816E-6
3.100200E+4 2.474748E-1 6.924155E-6
3.140200E+4 2.575758E-1 6.946494E-6
3.180200E+4 2.676768E-1 6.976279E-6
3.220200E+4 2.777778E-1 7.006064E-6
3.260200E+4 2.878788E-1 7.028403E-6
3.300200E+4 2.979798E-1 7.043296E-6
3.340200E+4 3.080808E-1 7.050742E-6
3.380200E+4 3.181818E-1 7.050742E-6
3.420200E+4 3.282828E-1 7.058188E-6
3.460200E+4 3.383839E-1 7.050742E-6
3.500200E+4 3.484849E-1 7.035849E-6
3.540200E+4 3.585859E-1 7.020956E-6
3.580200E+4 3.686869E-1 7.020956E-6
3.620200E+4 3.787879E-1 7.006064E-6
3.660200E+4 3.888889E-1 6.991171E-6
3.700200E+4 3.989899E-1 6.976279E-6
3.740200E+4 4.090909E-1 6.961386E-6
3.780200E+4 4.191920E-1 6.939048E-6
3.820200E+4 4.292930E-1 6.924155E-6
3.860200E+4 4.393940E-1 6.916709E-6
3.900200E+4 4.494950E-1 6.924155E-6
3.940200E+4 4.595960E-1 6.931601E-6
3.980200E+4 4.696970E-1 6.961386E-6
4.020200E+4 4.797980E-1 6.983725E-6
4.060200E+4 4.898990E-1 7.020956E-6
4.100200E+4 5.000000E-1 7.058188E-6
4.140200E+4 5.000000E-1 6.603965E-6
4.180200E+4 4.898990E-1 5.762533E-6
4.220200E+4 4.797980E-1 5.055136E-6
4.260200E+4 4.696970E-1 4.481772E-6
4.300200E+4 4.595959E-1 3.967978E-6
4.340200E+4 4.494949E-1 3.521201E-6
4.380200E+4 4.393939E-1 3.104208E-6
4.420200E+4 4.292929E-1 2.754233E-6
4.460200E+4 4.191919E-1 2.419150E-6
4.500200E+4 4.090909E-1 2.098960E-6
4.540200E+4 3.989899E-1 1.801108E-6
4.580200E+4 3.888889E-1 1.518149E-6
4.620200E+4 3.787879E-1 1.257529E-6
4.660200E+4 3.686869E-1 1.026694E-6
4.710200E+4 3.585859E-1 9.426108E-7
4.750200E+4 3.484849E-1 6.209311E-7
4.790200E+4 3.383839E-1 3.945639E-7
4.830200E+4 3.282828E-1 1.883017E-7
4.900300E+4 3.181818E-1 2.836142E-7
4.950300E+4 3.080808E-1 9.028476E-8
5.000300E+4 2.979798E-1 -1.035928E-7
5.040300E+4 2.878788E-1 -4.267617E-7
5.080300E+4 2.777778E-1 -6.538735E-7
5.120300E+4 2.676768E-1 -8.735390E-7
5.160300E+4 2.575758E-1 -1.082780E-6
5.200300E+4 2.474747E-1 -1.288297E-6
5.250300E+4 2.373737E-1 -1.333780E-6
5.290300E+4 2.272727E-1 -1.624185E-6
5.330300E+4 2.171717E-1 -1.840127E-6
5.370300E+4 2.070707E-1 -2.078409E-6
5.410300E+4 1.969697E-1 -2.301797E-6
5.450300E+4 1.868687E-1 -2.532632E-6
5.490300E+4 1.767677E-1 -2.763467E-6
5.530300E+4 1.666667E-1 -2.986856E-6
5.570300E+4 1.565656E-1 -3.217691E-6
5.610300E+4 1.464646E-1 -3.455972E-6
5.650300E+4 1.363636E-1 -3.694253E-6
5.690300E+4 1.262626E-1 -3.932535E-6
5.730300E+4 1.161616E-1 -4.178262E-6
5.770300E+4 1.060606E-1 -4.431436E-6
5.810300E+4 9.595960E-2 -4.669717E-6
5.850300E+4 8.585858E-2 -4.900552E-6
5.890300E+4 7.575757E-2 -5.116494E-6
5.930300E+4 6.565656E-2 -5.302652E-6
5.970300E+4 5.555554E-2 -5.526040E-6
6.010300E+4 4.545453E-2 -5.719644E-6
6.050300E+4 3.535352E-2 -5.920694E-6
6.090300E+4 2.525250E-2 -6.106851E-6
6.130300E+4 1.515149E-2 -6.278116E-6
6.170300E+4 5.050506E-3 -6.449380E-6
6.210300E+4 -5.050506E-3 -6.598306E-6
6.250300E+4 -1.515155E-2 -6.732339E-6
6.290300E+4 -2.525256E-2 -6.866372E-6
6.330300E+4 -3.535357E-2 -6.978067E-6
6.370300E+4 -4.545453E-2 -7.082314E-6
6.410300E+4 -5.555554E-2 -7.171670E-6
6.450300E+4 -6.565656E-2 -7.253579E-6
6.490300E+4 -7.575757E-2 -7.328043E-6
6.530300E+4 -8.585858E-2 -7.395059E-6
6.570300E+4 -9.595960E-2 -7.447183E-6
6.610300E+4 -1.060606E-1 -7.499307E-6
6.650300E+4 -1.161616E-1 -7.543985E-6
6.690300E+4 -1.262626E-1 -7.581216E-6
6.730300E+4 -1.363636E-1 -7.618447E-6
6.770300E+4 -1.464647E-1 -7.640786E-6
6.810300E+4 -1.565657E-1 -7.648232E-6
6.850300E+4 -1.666667E-1 -7.648232E-6
6.890300E+4 -1.767677E-1 -7.618447E-6
6.930300E+4 -1.868687E-1 -7.581216E-6
6.970300E+4 -1.969697E-1 -7.543985E-6
7.010300E+4 -2.070707E-1 -7.476968E-6
7.050300E+4 -2.171718E-1 -7.417398E-6
7.090300E+4 -2.272728E-1 -7.342935E-6
7.130300E+4 -2.373738E-1 -7.290811E-6
7.170300E+4 -2.474748E-1 -7.231240E-6
7.210300E+4 -2.575758E-1 -7.194009E-6
7.250300E+4 -2.676768E-1 -7.164224E-6
7.290300E+4 -2.777778E-1 -7.156777E-6
7.330300E+4 -2.878788E-1 -7.149331E-6
7.370300E+4 -2.979798E-1 -7.156777E-6
7.410300E+4 -3.080808E-1 -7.171670E-6
7.450300E+4 -3.181818E-1 -7.186563E-6
7.490300E+4 -3.282828E-1 -7.223794E-6
7.530300E+4 -3.383839E-1 -7.246133E-6
7.570300E+4 -3.484849E-1 -7.283365E-6
7.610300E+4 -3.585859E-1 -7.320596E-6
7.650300E+4 -3.686869E-1 -7.365274E-6
7.690300E+4 -3.787879E-1 -7.417398E-6
7.730300E+4 -3.888889E-1 -7.469522E-6
7.770300E+4 -3.989899E-1 -7.529092E-6
7.810300E+4 -4.090909E-1 -7.603555E-6
7.850300E+4 -4.191920E-1 -7.678018E-6
7.890300E+4 -4.292930E-1 -7.759926E-6
7.930300E+4 -4.393940E-1 -7.856728E-6
7.970300E+4 -4.494950E-1 -7.960976E-6
8.010300E+4 -4.595960E-1 -8.072670E-6
8.050300E+4 -4.696970E-1 -8.191812E-6
8.090300E+4 -4.797980E-1 -8.325845E-6
8.130300E+4 -4.898990E-1 -8.482217E-6
8.170300E+4 -5.000000E-1 -8.653481E-6
