9.020000E+2 -5.000000E-1 -1.706094E-5
1.302000E+3 -4.898990E-1 -1.490152E-5
1.702000E+3 -4.797980E-1 -1.281656E-5
2.102000E+3 -4.696970E-1 -1.102945E-5
2.502000E+3 -4.595959E-1 -9.540188E-6
3.002000E+3 -4.494949E-1 -7.983315E-6
3.402000E+3 -4.393939E-1 -7.126992E-6
3.802000E+3 -4.292929E-1 -6.270669E-6
4.202000E+3 -4.191919E-1 -5.511148E-6
4.602000E+3 -4.090909E-1 -4.893106E-6
5.002000E+3 -3.989899E-1 -4.304849E-6
5.402000E+3 -3.888889E-1 -3.798501E-6
5.802000E+3 -3.787879E-1 -3.336831E-6
6.202000E+3 -3.686869E-1 -2.927285E-6
6.602000E+3 -3.585859E-1 -2.554971E-6
7.002000E+3 -3.484849E-1 -2.204996E-6
7.402000E+3 -3.383839E-1 -1.877359E-6
7.802000E+3 -3.282828E-1 -1.586953E-6
8.202000E+3 -3.181818E-1 -1.311441E-6
8.602000E+3 -3.080808E-1 -1.043374E-6
9.102000E+3 -2.979798E-1 -8.899209E-7
9.502000E+3 -2.878788E-1 -5.667520E-7
9.902000E+3 -2.777778E-1 -3.232583E-7
1.060200E+4 -2.676768E-1 -3.038980E-7
1.110200E+4 -2.575758E-1 -7.115078E-8
1.160200E+4 -2.474747E-1 1.607504E-7
1.200200E+4 -2.373737E-1 4.794516E-7
1.240200E+4 -2.272727E-1 7.363486E-7
1.280200E+4 -2.171717E-1 9.776084E-7
1.320200E+4 -2.070707E-1 1.211422E-6
1.370200E+4 -1.969697E-1 1.339438E-6
1.410200E+4 -1.868687E-1 1.622397E-6
1.450200E+4 -1.767677E-1 1.868125E-6
1.490200E+4 -1.666667E-1 2.098960E-6
1.530200E+4 -1.565656E-1 2.322348E-6
1.570200E+4 -1.464646E-1 2.545737E-6
1.610200E+4 -1.363636E-1 2.754233E-6
1.650200E+4 -1.262626E-1 2.947836E-6
1.690200E+4 -1.161616E-1 3.163779E-6
1.730200E+4 -1.060606E-1 3.379721E-6
1.770200E+4 -9.595960E-2 3.580771E-6
1.810200E+4 -8.585858E-2 3.774374E-6
1.850200E+4 -7.575757E-2 3.967978E-6
1.890200E+4 -6.565656E-2 4.139243E-6
1.930200E+4 -5.555554E-2 4.310507E-6
1.970200E+4 -4.545453E-2 4.444541E-6
2.010200E+4 -3.535352E-2 4.586020E-6
2.050200E+4 -2.525250E-2 4.712607E-6
2.090200E+4 -1.515149E-2 4.831747E-6
2.130200E+4 -5.050506E-3 4.943442E-6
2.170200E+4 5.050506E-3 5.032798E-6
2.210200E+4 1.515155E-2 5.129599E-6
2.250200E+4 2.525256E-2 5.211508E-6
2.290200E+4 3.535357E-2 5.293417E-6
2.330200E+4 4.545453E-2 5.352988E-6
2.370200E+4 5.555554E-2 5.412558E-6
2.410200E+4 6.565656E-2 5.479575E-6
2.450200E+4 7.575757E-2 5.539145E-6
2.490200E+4 8.585858E-2 5.598716E-6
2.530200E+4 9.595960E-2 5.650839E-6
2.570200E+4 1.060606E-1 5.702963E-6
2.610200E+4 1.161616E-1 5.762533E-6
2.650200E+4 1.262626E-1 5.807211E-6
2.690200E+4 1.363636E-1 5.844443E-6
2.730200E+4 1.464647E-1 5.881674E-6
2.770200E+4 1.565657E-1 5.911460E-6
2.810200E+4 1.666667E-1 5.933799E-6
2.850200E+4 1.767677E-1 5.956137E-6
2.890200E+4 1.868687E-1 5.978476E-6
2.930200E+4 1.969697E-1 6.008262E-6
2.970200E+4 2.070707E-1 6.038047E-6
3.010200E+4 2.171718E-1 6.067832E-6
3.050200E+4 2.272728E-1 6.097617E-6
3.090200E+4 2.373738E-1 6.142294E-6
3.130200E+4 2.474748E-1 6.164633E-6
3.170200E+4 2.575758E-1 6.194419E-6
3.210200E+4 2.676768E-1 6.216757E-6
3.250200E+4 2.777778E-1 6.239096E-6
3.290200E+4 2.878788E-1 6.253989E-6
3.330200E+4 2.979798E-1 6.261435E-6
3.370200E+4 3.080808E-1 6.261435E-6
3.410200E+4 3.181818E-1 6.261435E-6
3.450200E+4 3.282828E-1 6.268881E-6
3.490200E+4 3.383839E-1 6.261435E-6
3.530200E+4 3.484849E-1 6.253989E-6
3.570200E+4 3.585859E-1 6.246542E-6
3.610200E+4 3.686869E-1 6.239096E-6
3.650200E+4 3.787879E-1 6.224204E-6
3.690200E+4 3.888889E-1 6.201864E-6
3.730200E+4 3.989899E-1 6.179526E-6
3.770200E+4 4.090909E-1 6.164633E-6
3.810200E+4 4.191920E-1 6.142294E-6
3.850200E+4 4.292930E-1 6.127402E-6
3.890200E+4 4.393940E-1 6.112509E-6
3.930200E+4 4.494950E-1 6.112509E-6
3.970200E+4 4.595960E-1 6.112509E-6
4.010200E+4 4.696970E-1 6.112509E-6
4.050200E+4 4.797980E-1 6.134848E-6
4.090200E+4 4.898990E-1 6.164633E-6
4.130200E+4 5.000000E-1 6.186972E-6
4.170200E+4 5.000000E-1 5.777426E-6
4.210200E+4 4.898990E-1 5.003013E-6
4.250200E+4 4.797980E-1 4.407309E-6
4.290200E+4 4.696970E-1 3.908408E-6
4.330200E+4 4.595959E-1 3.469077E-6
4.370200E+4 4.494949E-1 3.074423E-6
4.410200E+4 4.393939E-1 2.746787E-6
4.450200E+4 4.292929E-1 2.441489E-6
4.490200E+4 4.191919E-1 2.158530E-6
4.530200E+4 4.090909E-1 1.897910E-6
4.570200E+4 3.989899E-1 1.644736E-6
4.610200E+4 3.888889E-1 1.413901E-6
4.650200E+4 3.787879E-1 1.190512E-6
4.690200E+4 3.686869E-1 9.894626E-7
4.740200E+4 3.585859E-1 9.269737E-7
4.780200E+4 3.484849E-1 6.417807E-7
4.820200E+4 3.383839E-1 4.474326E-7
4.860200E+4 3.282828E-1 2.694663E-7
4.930300E+4 3.181818E-1 3.550986E-7
5.000400E+4 3.080808E-1 2.731894E-7
5.050400E+4 2.979798E-1 6.414828E-8
5.100400E+4 2.878788E-1 -1.341226E-7
5.140400E+4 2.777778E-1 -4.349527E-7
5.180400E+4 2.676768E-1 -6.531290E-7
5.220400E+4 2.575758E-1 -8.564126E-7
5.260400E+4 2.474747E-1 -1.055973E-6
5.300400E+4 2.373737E-1 -1.251066E-6
5.350400E+4 2.272727E-1 -1.318887E-6
5.390400E+4 2.171717E-1 -1.579507E-6
5.430400E+4 2.070707E-1 -1.788003E-6
5.470400E+4 1.969697E-1 -1.996499E-6
5.510400E+4 1.868687E-1 -2.219888E-6
5.550400E+4 1.767677E-1 -2.428384E-6
5.590400E+4 1.666667E-1 -2.644327E-6
5.630400E+4 1.565656E-1 -2.852822E-6
5.670400E+4 1.464646E-1 -3.076211E-6
5.710400E+4 1.363636E-1 -3.292154E-6
5.750400E+4 1.262626E-1 -3.522989E-6
5.790400E+4 1.161616E-1 -3.746377E-6
5.830400E+4 1.060606E-1 -3.977212E-6
5.870400E+4 9.595960E-2 -4.200601E-6
5.910400E+4 8.585858E-2 -4.423990E-6
5.950400E+4 7.575757E-2 -4.632486E-6
5.990400E+4 6.565656E-2 -4.840982E-6
6.030400E+4 5.555554E-2 -5.042031E-6
6.070400E+4 4.545453E-2 -5.205850E-6
6.110400E+4 3.535352E-2 -5.369668E-6
6.150400E+4 2.525250E-2 -5.540933E-6
6.190400E+4 1.515149E-2 -5.704751E-6
6.230400E+4 5.050506E-3 -5.868570E-6
6.270400E+4 -5.050506E-3 -6.017495E-6
6.310400E+4 -1.515155E-2 -6.144082E-6
6.350400E+4 -2.525256E-2 -6.278116E-6
6.390400E+4 -3.535357E-2 -6.404703E-6
6.430400E+4 -4.545453E-2 -6.516397E-6
6.470400E+4 -5.555554E-2 -6.635537E-6
6.510400E+4 -6.565656E-2 -6.754678E-6
6.550400E+4 -7.575757E-2 -6.866372E-6
6.590400E+4 -8.585858E-2 -6.978067E-6
6.630400E+4 -9.595960E-2 -7.082314E-6
6.670400E+4 -1.060606E-1 -7.194009E-6
6.710400E+4 -1.161616E-1 -7.313150E-6
6.750400E+4 -1.262626E-1 -7.409952E-6
6.790400E+4 -1.363636E-1 -7.499307E-6
6.830400E+4 -1.464647E-1 -7.581216E-6
6.870400E+4 -1.565657E-1 -7.640786E-6
6.910400E+4 -1.666667E-1 -7.685463E-6
6.950400E+4 -1.767677E-1 -7.707803E-6
6.990400E+4 -1.868687E-1 -7.707803E-6
7.030400E+4 -1.969697E-1 -7.692910E-6
7.070400E+4 -2.070707E-1 -7.655678E-6
7.110400E+4 -2.171718E-1 -7.596109E-6
7.150400E+4 -2.272728E-1 -7.529092E-6
7.190400E+4 -2.373738E-1 -7.454629E-6
7.230400E+4 -2.474748E-1 -7.380166E-6
7.270400E+4 -2.575758E-1 -7.298258E-6
7.310400E+4 -2.676768E-1 -7.223794E-6
7.350400E+4 -2.777778E-1 -7.156777E-6
7.390400E+4 -2.878788E-1 -7.089761E-6
7.430400E+4 -2.979798E-1 -7.022744E-6
7.470400E+4 -3.080808E-1 -6.963174E-6
7.510400E+4 -3.181818E-1 -6.896157E-6
7.550400E+4 -3.282828E-1 -6.836587E-6
7.590400E+4 -3.383839E-1 -6.777017E-6
7.630400E+4 -3.484849E-1 -6.710000E-6
7.670400E+4 -3.585859E-1 -6.642983E-6
7.710400E+4 -3.686869E-1 -6.590860E-6
7.750400E+4 -3.787879E-1 -6.531289E-6
7.790400E+4 -3.888889E-1 -6.464273E-6
7.830400E+4 -3.989899E-1 -6.404703E-6
7.870400E+4 -4.090909E-1 -6.345132E-6
7.910400E+4 -4.191920E-1 -6.285562E-6
7.950400E+4 -4.292930E-1 -6.233437E-6
7.990400E+4 -4.393940E-1 -6.188760E-6
8.030400E+4 -4.494950E-1 -6.151528E-6
8.070400E+4 -4.595960E-1 -6.129190E-6
8.110400E+4 -4.696970E-1 -6.121743E-6
8.150400E+4 -4.797980E-1 -6.136636E-6
8.190400E+4 -4.898990E-1 -6.166421E-6
8.230400E+4 -5.000000E-1 -6.203652E-6
