9.020000E+2 -5.000000E-1 -2.123086E-5
1.302000E+3 -4.898990E-1 -1.884805E-5
1.702000E+3 -4.797980E-1 -1.653970E-5
2.102000E+3 -4.696970E-1 -1.460367E-5
2.502000E+3 -4.595959E-1 -1.311441E-5
2.902000E+3 -4.494949E-1 -1.169961E-5
3.302000E+3 -4.393939E-1 -1.050821E-5
3.702000E+3 -4.292929E-1 -9.391262E-6
4.202000E+3 -4.191919E-1 -8.273721E-6
4.602000E+3 -4.090909E-1 -7.424844E-6
5.002000E+3 -3.989899E-1 -6.590860E-6
5.402000E+3 -3.888889E-1 -5.816446E-6
5.802000E+3 -3.787879E-1 -5.131387E-6
6.202000E+3 -3.686869E-1 -4.476114E-6
6.602000E+3 -3.585859E-1 -3.850625E-6
7.002000E+3 -3.484849E-1 -3.277261E-6
7.402000E+3 -3.383839E-1 -2.741128E-6
7.802000E+3 -3.282828E-1 -2.234781E-6
8.202000E+3 -3.181818E-1 -1.735879E-6
8.602000E+3 -3.080808E-1 -1.281656E-6
9.002000E+3 -2.979798E-1 -8.572171E-7
9.502000E+3 -2.878788E-1 -5.943032E-7
9.902000E+3 -2.777778E-1 -1.028482E-7
1.030200E+4 -2.676768E-1 2.813803E-7
1.070200E+4 -2.575758E-1 6.335898E-7
1.110200E+4 -2.474747E-1 9.664390E-7
1.150200E+4 -2.373737E-1 1.278439E-6
1.200200E+4 -2.272727E-1 1.384116E-6
1.240200E+4 -2.171717E-1 1.771323E-6
1.280200E+4 -2.070707E-1 2.046835E-6
1.320200E+4 -1.969697E-1 2.314902E-6
1.360200E+4 -1.868687E-1 2.568076E-6
1.400200E+4 -1.767677E-1 2.798911E-6
1.440200E+4 -1.666667E-1 3.007407E-6
1.480200E+4 -1.565656E-1 3.245688E-6
1.520200E+4 -1.464646E-1 3.476523E-6
1.560200E+4 -1.363636E-1 3.699912E-6
1.600200E+4 -1.262626E-1 3.915854E-6
1.640200E+4 -1.161616E-1 4.116904E-6
1.680200E+4 -1.060606E-1 4.317953E-6
1.720200E+4 -9.595960E-2 4.496665E-6
1.760200E+4 -8.585858E-2 4.667929E-6
1.800200E+4 -7.575757E-2 4.839194E-6
1.840200E+4 -6.565656E-2 4.995566E-6
1.880200E+4 -5.555554E-2 5.151938E-6
1.920200E+4 -4.545453E-2 5.293417E-6
1.960200E+4 -3.535352E-2 5.427451E-6
2.000200E+4 -2.525250E-2 5.568930E-6
2.040200E+4 -1.515149E-2 5.695517E-6
2.080200E+4 -5.050506E-3 5.799765E-6
2.120200E+4 5.050506E-3 5.904013E-6
2.160200E+4 1.515155E-2 5.993369E-6
2.200200E+4 2.525256E-2 6.082724E-6
2.240200E+4 3.535357E-2 6.172079E-6
2.280200E+4 4.545453E-2 6.246542E-6
2.320200E+4 5.555554E-2 6.306113E-6
2.360200E+4 6.565656E-2 6.373130E-6
2.400200E+4 7.575757E-2 6.432700E-6
2.440200E+4 8.585858E-2 6.492270E-6
2.480200E+4 9.595960E-2 6.529502E-6
2.520200E+4 1.060606E-1 6.559287E-6
2.560200E+4 1.161616E-1 6.581625E-6
2.600200E+4 1.262626E-1 6.581625E-6
2.640200E+4 1.363636E-1 6.574179E-6
2.680200E+4 1.464647E-1 6.566733E-6
2.720200E+4 1.565657E-1 6.551840E-6
2.760200E+4 1.666667E-1 6.536948E-6
2.800200E+4 1.767677E-1 6.529502E-6
2.840200E+4 1.868687E-1 6.522055E-6
2.880200E+4 1.969697E-1 6.522055E-6
2.920200E+4 2.070707E-1 6.522055E-6
2.960200E+4 2.171718E-1 6.529502E-6
3.000200E+4 2.272728E-1 6.536948E-6
3.040200E+4 2.373738E-1 6.566733E-6
3.080200E+4 2.474748E-1 6.596518E-6
3.120200E+4 2.575758E-1 6.633750E-6
3.160200E+4 2.676768E-1 6.678427E-6
3.200200E+4 2.777778E-1 6.737997E-6
3.240200E+4 2.878788E-1 6.790122E-6
3.280200E+4 2.979798E-1 6.849692E-6
3.320200E+4 3.080808E-1 6.901816E-6
3.360200E+4 3.181818E-1 6.961386E-6
3.400200E+4 3.282828E-1 7.028403E-6
3.440200E+4 3.383839E-1 7.095419E-6
3.480200E+4 3.484849E-1 7.154990E-6
3.520200E+4 3.585859E-1 7.229453E-6
3.560200E+4 3.686869E-1 7.318808E-6
3.600200E+4 3.787879E-1 7.400717E-6
3.640200E+4 3.888889E-1 7.497519E-6
3.680200E+4 3.989899E-1 7.594321E-6
3.720200E+4 4.090909E-1 7.706016E-6
3.760200E+4 4.191920E-1 7.817710E-6
3.800200E+4 4.292930E-1 7.944296E-6
3.840200E+4 4.393940E-1 8.078330E-6
3.880200E+4 4.494950E-1 8.234702E-6
3.920200E+4 4.595960E-1 8.398521E-6
3.960200E+4 4.696970E-1 8.577231E-6
4.000200E+4 4.797980E-1 8.770835E-6
4.040200E+4 4.898990E-1 8.994223E-6
4.080200E+4 5.000000E-1 9.239950E-6
4.120200E+4 5.000000E-1 8.904868E-6
4.160200E+4 4.898990E-1 8.078330E-6
4.200200E+4 4.797980E-1 7.341147E-6
4.240200E+4 4.696970E-1 6.685873E-6
4.280200E+4 4.595959E-1 6.075278E-6
4.320200E+4 4.494949E-1 5.501914E-6
4.360200E+4 4.393939E-1 4.950888E-6
4.400200E+4 4.292929E-1 4.444541E-6
4.440200E+4 4.191919E-1 3.967978E-6
4.480200E+4 4.090909E-1 3.521201E-6
4.520200E+4 3.989899E-1 3.074423E-6
4.560200E+4 3.888889E-1 2.702109E-6
4.600200E+4 3.787879E-1 2.314902E-6
4.640200E+4 3.686869E-1 1.935141E-6
4.680200E+4 3.585859E-1 1.547934E-6
4.720200E+4 3.484849E-1 1.190512E-6
4.770200E+4 3.383839E-1 9.731406E-7
4.810200E+4 3.282828E-1 5.635947E-7
4.850200E+4 3.181818E-1 2.381918E-7
4.900200E+4 3.080808E-1 7.129672E-8
4.950200E+4 2.979798E-1 -1.959268E-7
4.990200E+4 2.878788E-1 -5.734537E-7
5.030200E+4 2.777778E-1 -8.705605E-7
5.070200E+4 2.676768E-1 -1.159476E-6
5.110200E+4 2.575758E-1 -1.431266E-6
5.160200E+4 2.474747E-1 -1.542276E-6
5.200200E+4 2.373737E-1 -1.877359E-6
5.240200E+4 2.272727E-1 -2.152872E-6
5.280200E+4 2.171717E-1 -2.413492E-6
5.320200E+4 2.070707E-1 -2.666665E-6
5.360200E+4 1.969697E-1 -2.904947E-6
5.400200E+4 1.868687E-1 -3.150674E-6
5.440200E+4 1.767677E-1 -3.374063E-6
5.480200E+4 1.666667E-1 -3.604898E-6
5.520200E+4 1.565656E-1 -3.835733E-6
5.560200E+4 1.464646E-1 -4.066568E-6
5.600200E+4 1.363636E-1 -4.282510E-6
5.640200E+4 1.262626E-1 -4.505899E-6
5.680200E+4 1.161616E-1 -4.706949E-6
5.720200E+4 1.060606E-1 -4.915445E-6
5.760200E+4 9.595960E-2 -5.101602E-6
5.800200E+4 8.585858E-2 -5.250528E-6
5.840200E+4 7.575757E-2 -5.421792E-6
5.880200E+4 6.565656E-2 -5.578164E-6
5.920200E+4 5.555554E-2 -5.734536E-6
5.960200E+4 4.545453E-2 -5.883463E-6
6.000200E+4 3.535352E-2 -6.017495E-6
6.040200E+4 2.525250E-2 -6.129190E-6
6.080200E+4 1.515149E-2 -6.248330E-6
6.120200E+4 5.050506E-3 -6.345132E-6
6.160200E+4 -5.050506E-3 -6.441934E-6
6.200200E+4 -1.515155E-2 -6.523843E-6
6.240200E+4 -2.525256E-2 -6.598306E-6
6.280200E+4 -3.535357E-2 -6.650430E-6
6.320200E+4 -4.545453E-2 -6.717446E-6
6.360200E+4 -5.555554E-2 -6.784463E-6
6.400200E+4 -6.565656E-2 -6.851480E-6
6.440200E+4 -7.575757E-2 -6.911050E-6
6.480200E+4 -8.585858E-2 -6.978067E-6
6.520200E+4 -9.595960E-2 -7.045083E-6
6.560200E+4 -1.060606E-1 -7.112100E-6
6.600200E+4 -1.161616E-1 -7.179116E-6
6.640200E+4 -1.262626E-1 -7.238687E-6
6.680200E+4 -1.363636E-1 -7.305703E-6
6.720200E+4 -1.464647E-1 -7.357828E-6
6.760200E+4 -1.565657E-1 -7.424844E-6
6.800200E+4 -1.666667E-1 -7.469522E-6
6.840200E+4 -1.767677E-1 -7.514200E-6
6.880200E+4 -1.868687E-1 -7.566323E-6
6.920200E+4 -1.969697E-1 -7.625893E-6
6.960200E+4 -2.070707E-1 -7.685463E-6
7.000200E+4 -2.171718E-1 -7.737588E-6
7.040200E+4 -2.272728E-1 -7.797158E-6
7.080200E+4 -2.373738E-1 -7.864175E-6
7.120200E+4 -2.474748E-1 -7.931191E-6
7.160200E+4 -2.575758E-1 -7.998207E-6
7.200200E+4 -2.676768E-1 -8.065224E-6
7.240200E+4 -2.777778E-1 -8.147133E-6
7.280200E+4 -2.878788E-1 -8.236490E-6
7.320200E+4 -2.979798E-1 -8.333291E-6
7.360200E+4 -3.080808E-1 -8.430093E-6
7.400200E+4 -3.181818E-1 -8.526895E-6
7.440200E+4 -3.282828E-1 -8.646035E-6
7.480200E+4 -3.383839E-1 -8.757729E-6
7.520200E+4 -3.484849E-1 -8.869424E-6
7.560200E+4 -3.585859E-1 -8.988564E-6
7.600200E+4 -3.686869E-1 -9.107704E-6
7.640200E+4 -3.787879E-1 -9.234292E-6
7.680200E+4 -3.888889E-1 -9.368325E-6
7.720200E+4 -3.989899E-1 -9.509804E-6
7.760200E+4 -4.090909E-1 -9.673623E-6
7.800200E+4 -4.191920E-1 -9.829995E-6
7.840200E+4 -4.292930E-1 -9.986367E-6
7.880200E+4 -4.393940E-1 -1.015763E-5
7.920200E+4 -4.494950E-1 -1.034379E-5
7.960200E+4 -4.595960E-1 -1.052995E-5
8.000200E+4 -4.696970E-1 -1.072355E-5
8.040200E+4 -4.797980E-1 -1.091715E-5
8.080200E+4 -4.898990E-1 -1.114799E-5
8.120200E+4 -5.000000E-1 -1.136393E-5
