9.020000E+2 -5.000000E-1 -1.884805E-5
1.302000E+3 -4.898990E-1 -1.661416E-5
1.702000E+3 -4.797980E-1 -1.408242E-5
2.102000E+3 -4.696970E-1 -1.222085E-5
2.502000E+3 -4.595959E-1 -1.073159E-5
2.902000E+3 -4.494949E-1 -9.540188E-6
3.302000E+3 -4.393939E-1 -8.572171E-6
3.802000E+3 -4.292929E-1 -7.536538E-6
4.202000E+3 -4.191919E-1 -6.925943E-6
4.602000E+3 -4.090909E-1 -6.322794E-6
5.002000E+3 -3.989899E-1 -5.764321E-6
5.402000E+3 -3.888889E-1 -5.287759E-6
5.802000E+3 -3.787879E-1 -4.885660E-6
6.202000E+3 -3.686869E-1 -4.491006E-6
6.602000E+3 -3.585859E-1 -4.118692E-6
7.002000E+3 -3.484849E-1 -3.776163E-6
7.402000E+3 -3.383839E-1 -3.448526E-6
7.802000E+3 -3.282828E-1 -3.143228E-6
8.202000E+3 -3.181818E-1 -2.845376E-6
8.602000E+3 -3.080808E-1 -2.562417E-6
9.002000E+3 -2.979798E-1 -2.286905E-6
9.402000E+3 -2.878788E-1 -2.011392E-6
9.802000E+3 -2.777778E-1 -1.750772E-6
1.020200E+4 -2.676768E-1 -1.497598E-6
1.060200E+4 -2.575758E-1 -1.259317E-6
1.100200E+4 -2.474747E-1 -1.006143E-6
1.150100E+4 -2.373737E-1 -8.430092E-7
1.190100E+4 -2.272727E-1 -5.287760E-7
1.230100E+4 -2.171717E-1 -2.778360E-7
1.280100E+4 -2.070707E-1 -1.147860E-7
1.330100E+4 -1.969697E-1 1.160727E-7
1.370100E+4 -1.868687E-1 4.332846E-7
1.410100E+4 -1.767677E-1 6.991172E-7
1.450100E+4 -1.666667E-1 9.634605E-7
1.490100E+4 -1.565656E-1 1.224825E-6
1.540100E+4 -1.464646E-1 1.421347E-6
1.580100E+4 -1.363636E-1 1.726645E-6
1.620100E+4 -1.262626E-1 1.987265E-6
1.660100E+4 -1.161616E-1 2.255332E-6
1.700100E+4 -1.060606E-1 2.515952E-6
1.740100E+4 -9.595960E-2 2.769125E-6
1.780100E+4 -8.585858E-2 3.007407E-6
1.820100E+4 -7.575757E-2 3.260581E-6
1.860100E+4 -6.565656E-2 3.498862E-6
1.900100E+4 -5.555554E-2 3.737143E-6
1.940100E+4 -4.545453E-2 3.953086E-6
1.980100E+4 -3.535352E-2 4.169028E-6
2.020100E+4 -2.525250E-2 4.377524E-6
2.060100E+4 -1.515149E-2 4.578574E-6
2.100100E+4 -5.050506E-3 4.787070E-6
2.140100E+4 5.050506E-3 4.980673E-6
2.180100E+4 1.515155E-2 5.174277E-6
2.220100E+4 2.525256E-2 5.367880E-6
2.260100E+4 3.535357E-2 5.561484E-6
2.300100E+4 4.545453E-2 5.740195E-6
2.340100E+4 5.555554E-2 5.926352E-6
2.380100E+4 6.565656E-2 6.112509E-6
2.420100E+4 7.575757E-2 6.291220E-6
2.460100E+4 8.585858E-2 6.484824E-6
2.500100E+4 9.595960E-2 6.678427E-6
2.540100E+4 1.060606E-1 6.872031E-6
2.580100E+4 1.161616E-1 7.080527E-6
2.620100E+4 1.262626E-1 7.281576E-6
2.660100E+4 1.363636E-1 7.482627E-6
2.700100E+4 1.464647E-1 7.676231E-6
2.740100E+4 1.565657E-1 7.877280E-6
2.780100E+4 1.666667E-1 8.070884E-6
2.820100E+4 1.767677E-1 8.257041E-6
2.860100E+4 1.868687E-1 8.443199E-6
2.900100E+4 1.969697E-1 8.629356E-6
2.940100E+4 2.070707E-1 8.800620E-6
2.980100E+4 2.171718E-1 8.964438E-6
3.020100E+4 2.272728E-1 9.113364E-6
3.060100E+4 2.373738E-1 9.262290E-6
3.100100E+4 2.474748E-1 9.381431E-6
3.140100E+4 2.575758E-1 9.478233E-6
3.180100E+4 2.676768E-1 9.567588E-6
3.220100E+4 2.777778E-1 9.649497E-6
3.260100E+4 2.878788E-1 9.709067E-6
3.300100E+4 2.979798E-1 9.761191E-6
3.340100E+4 3.080808E-1 9.805869E-6
3.380100E+4 3.181818E-1 9.843100E-6
3.420100E+4 3.282828E-1 9.865439E-6
3.460100E+4 3.383839E-1 9.880332E-6
3.500100E+4 3.484849E-1 9.880332E-6
3.540100E+4 3.585859E-1 9.872885E-6
3.580100E+4 3.686869E-1 9.865439E-6
3.620100E+4 3.787879E-1 9.843100E-6
3.660100E+4 3.888889E-1 9.820762E-6
3.700100E+4 3.989899E-1 9.783530E-6
3.740100E+4 4.090909E-1 9.746299E-6
3.780100E+4 4.191920E-1 9.694175E-6
3.820100E+4 4.292930E-1 9.627158E-6
3.860100E+4 4.393940E-1 9.552695E-6
3.900100E+4 4.494950E-1 9.470786E-6
3.940100E+4 4.595960E-1 9.381431E-6
3.980100E+4 4.696970E-1 9.284629E-6
4.020100E+4 4.797980E-1 9.180380E-6
4.060100E+4 4.898990E-1 9.098471E-6
4.100100E+4 5.000000E-1 9.016562E-6
4.140100E+4 5.000000E-1 8.510215E-6
4.180100E+4 4.898990E-1 7.638999E-6
4.220100E+4 4.797980E-1 6.894370E-6
4.260100E+4 4.696970E-1 6.253989E-6
4.300100E+4 4.595959E-1 5.673178E-6
4.340100E+4 4.494949E-1 5.137045E-6
4.380100E+4 4.393939E-1 4.653037E-6
4.420100E+4 4.292929E-1 4.213706E-6
4.460100E+4 4.191919E-1 3.804160E-6
4.500100E+4 4.090909E-1 3.424399E-6
4.540100E+4 3.989899E-1 3.066977E-6
4.580100E+4 3.888889E-1 2.761679E-6
4.620100E+4 3.787879E-1 2.471274E-6
4.660100E+4 3.686869E-1 2.180869E-6
4.700100E+4 3.585859E-1 1.890464E-6
4.740100E+4 3.484849E-1 1.600058E-6
4.780100E+4 3.383839E-1 1.339438E-6
4.820100E+4 3.282828E-1 1.078818E-6
4.870100E+4 3.181818E-1 9.299521E-7
4.910100E+4 3.080808E-1 6.090170E-7
4.950100E+4 2.979798E-1 3.513754E-7
4.990100E+4 2.878788E-1 1.019248E-7
5.030100E+4 2.777778E-1 -1.467813E-7
5.070100E+4 2.676768E-1 -4.021890E-7
5.110100E+4 2.575758E-1 -6.501504E-7
5.150100E+4 2.474747E-1 -9.010903E-7
5.190100E+4 2.373737E-1 -1.155009E-6
5.230100E+4 2.272727E-1 -1.416373E-6
5.280100E+4 2.171717E-1 -1.579507E-6
5.320100E+4 2.070707E-1 -1.877359E-6
5.360100E+4 1.969697E-1 -2.160318E-6
5.400100E+4 1.868687E-1 -2.435830E-6
5.440100E+4 1.767677E-1 -2.711343E-6
5.480100E+4 1.666667E-1 -2.986856E-6
5.520100E+4 1.565656E-1 -3.262368E-6
5.560100E+4 1.464646E-1 -3.545327E-6
5.600100E+4 1.363636E-1 -3.813394E-6
5.640100E+4 1.262626E-1 -4.081460E-6
5.680100E+4 1.161616E-1 -4.349527E-6
5.720100E+4 1.060606E-1 -4.625039E-6
5.760100E+4 9.595960E-2 -4.900552E-6
5.800100E+4 8.585858E-2 -5.146280E-6
5.840100E+4 7.575757E-2 -5.392007E-6
5.880100E+4 6.565656E-2 -5.652627E-6
5.920100E+4 5.555554E-2 -5.928140E-6
5.960100E+4 4.545453E-2 -6.173867E-6
6.000100E+4 3.535352E-2 -6.419595E-6
6.040100E+4 2.525250E-2 -6.657876E-6
6.080100E+4 1.515149E-2 -6.888712E-6
6.120100E+4 5.050506E-3 -7.119546E-6
6.160100E+4 -5.050506E-3 -7.350381E-6
6.200100E+4 -1.515155E-2 -7.566323E-6
6.240100E+4 -2.525256E-2 -7.789712E-6
6.280100E+4 -3.535357E-2 -7.998207E-6
6.320100E+4 -4.545453E-2 -8.199258E-6
6.360100E+4 -5.555554E-2 -8.385415E-6
6.400100E+4 -6.565656E-2 -8.579018E-6
6.440100E+4 -7.575757E-2 -8.757729E-6
6.480100E+4 -8.585858E-2 -8.936440E-6
6.520100E+4 -9.595960E-2 -9.115151E-6
6.560100E+4 -1.060606E-1 -9.293862E-6
6.600100E+4 -1.161616E-1 -9.457681E-6
6.640100E+4 -1.262626E-1 -9.636391E-6
6.680100E+4 -1.363636E-1 -9.785317E-6
6.720100E+4 -1.464647E-1 -9.926796E-6
6.760100E+4 -1.565657E-1 -1.006083E-5
6.800100E+4 -1.666667E-1 -1.018742E-5
6.840100E+4 -1.767677E-1 -1.029911E-5
6.880100E+4 -1.868687E-1 -1.039591E-5
6.920100E+4 -1.969697E-1 -1.047782E-5
6.960100E+4 -2.070707E-1 -1.052250E-5
7.000100E+4 -2.171718E-1 -1.054484E-5
7.040100E+4 -2.272728E-1 -1.052250E-5
7.080100E+4 -2.373738E-1 -1.047038E-5
7.120100E+4 -2.474748E-1 -1.036613E-5
7.160100E+4 -2.575758E-1 -1.021720E-5
7.200100E+4 -2.676768E-1 -1.003849E-5
7.240100E+4 -2.777778E-1 -9.837441E-6
7.280100E+4 -2.878788E-1 -9.628945E-6
7.320100E+4 -2.979798E-1 -9.413003E-6
7.360100E+4 -3.080808E-1 -9.204507E-6
7.400100E+4 -3.181818E-1 -9.010903E-6
7.440100E+4 -3.282828E-1 -8.839638E-6
7.480100E+4 -3.383839E-1 -8.668374E-6
7.520100E+4 -3.484849E-1 -8.497110E-6
7.560100E+4 -3.585859E-1 -8.348184E-6
7.600100E+4 -3.686869E-1 -8.206704E-6
7.640100E+4 -3.787879E-1 -8.072670E-6
7.680100E+4 -3.888889E-1 -7.946083E-6
7.720100E+4 -3.989899E-1 -7.826943E-6
7.760100E+4 -4.090909E-1 -7.722695E-6
7.800100E+4 -4.191920E-1 -7.618447E-6
7.840100E+4 -4.292930E-1 -7.529092E-6
7.880100E+4 -4.393940E-1 -7.439737E-6
7.920100E+4 -4.494950E-1 -7.365274E-6
7.960100E+4 -4.595960E-1 -7.298258E-6
8.000100E+4 -4.696970E-1 -7.238687E-6
8.040100E+4 -4.797980E-1 -7.194009E-6
8.080100E+4 -4.898990E-1 -7.171670E-6
8.120100E+4 -5.000000E-1 -7.149331E-6
