9.020000E+2 -5.000000E-1 -1.974160E-5
1.302000E+3 -4.898990E-1 -1.720987E-5
1.702000E+3 -4.797980E-1 -1.452920E-5
2.102000E+3 -4.696970E-1 -1.244424E-5
2.502000E+3 -4.595959E-1 -1.080606E-5
2.902000E+3 -4.494949E-1 -9.391262E-6
3.402000E+3 -4.393939E-1 -7.946083E-6
3.802000E+3 -4.292929E-1 -7.119546E-6
4.202000E+3 -4.191919E-1 -6.307901E-6
4.602000E+3 -4.090909E-1 -5.570718E-6
5.002000E+3 -3.989899E-1 -4.982461E-6
5.402000E+3 -3.888889E-1 -4.431436E-6
5.802000E+3 -3.787879E-1 -3.939981E-6
6.202000E+3 -3.686869E-1 -3.500650E-6
6.602000E+3 -3.585859E-1 -3.098550E-6
7.002000E+3 -3.484849E-1 -2.733682E-6
7.402000E+3 -3.383839E-1 -2.383706E-6
7.802000E+3 -3.282828E-1 -2.070962E-6
8.202000E+3 -3.181818E-1 -1.750772E-6
8.602000E+3 -3.080808E-1 -1.467813E-6
9.002000E+3 -2.979798E-1 -1.207193E-6
9.402000E+3 -2.878788E-1 -9.465726E-7
9.902000E+3 -2.777778E-1 -8.206704E-7
1.030200E+4 -2.676768E-1 -4.826089E-7
1.070200E+4 -2.575758E-1 -2.286905E-7
1.120200E+4 -2.474747E-1 -1.194027E-7
1.190300E+4 -2.373737E-1 -1.537807E-8
1.240300E+4 -2.272727E-1 2.657431E-7
1.280300E+4 -2.171717E-1 6.075278E-7
1.320300E+4 -2.070707E-1 8.741050E-7
1.360300E+4 -1.969697E-1 1.135470E-6
1.400300E+4 -1.868687E-1 1.394601E-6
1.450300E+4 -1.767677E-1 1.533042E-6
1.490300E+4 -1.666667E-1 1.845786E-6
1.530300E+4 -1.565656E-1 2.098960E-6
1.570300E+4 -1.464646E-1 2.367026E-6
1.610300E+4 -1.363636E-1 2.612753E-6
1.650300E+4 -1.262626E-1 2.843588E-6
1.690300E+4 -1.161616E-1 3.089316E-6
1.730300E+4 -1.060606E-1 3.349936E-6
1.770300E+4 -9.595960E-2 3.595664E-6
1.810300E+4 -8.585858E-2 3.833945E-6
1.850300E+4 -7.575757E-2 4.064780E-6
1.890300E+4 -6.565656E-2 4.288168E-6
1.930300E+4 -5.555554E-2 4.511557E-6
1.970300E+4 -4.545453E-2 4.727499E-6
2.010300E+4 -3.535352E-2 4.928549E-6
2.050300E+4 -2.525250E-2 5.114707E-6
2.090300E+4 -1.515149E-2 5.308310E-6
2.130300E+4 -5.050506E-3 5.479575E-6
2.170300E+4 5.050506E-3 5.643393E-6
2.210300E+4 1.515155E-2 5.792318E-6
2.250300E+4 2.525256E-2 5.926352E-6
2.290300E+4 3.535357E-2 6.052939E-6
2.330300E+4 4.545453E-2 6.186972E-6
2.370300E+4 5.555554E-2 6.306113E-6
2.410300E+4 6.565656E-2 6.440146E-6
2.450300E+4 7.575757E-2 6.566733E-6
2.490300E+4 8.585858E-2 6.693320E-6
2.530300E+4 9.595960E-2 6.819907E-6
2.570300E+4 1.060606E-1 6.931601E-6
2.610300E+4 1.161616E-1 7.050742E-6
2.650300E+4 1.262626E-1 7.154990E-6
2.690300E+4 1.363636E-1 7.244345E-6
2.730300E+4 1.464647E-1 7.326254E-6
2.770300E+4 1.565657E-1 7.400717E-6
2.810300E+4 1.666667E-1 7.452842E-6
2.850300E+4 1.767677E-1 7.490073E-6
2.890300E+4 1.868687E-1 7.497519E-6
2.930300E+4 1.969697E-1 7.504965E-6
2.970300E+4 2.070707E-1 7.475180E-6
3.010300E+4 2.171718E-1 7.437949E-6
3.050300E+4 2.272728E-1 7.393271E-6
3.090300E+4 2.373738E-1 7.348593E-6
3.130300E+4 2.474748E-1 7.303915E-6
3.170300E+4 2.575758E-1 7.259238E-6
3.210300E+4 2.676768E-1 7.222006E-6
3.250300E+4 2.777778E-1 7.199668E-6
3.290300E+4 2.878788E-1 7.162436E-6
3.330300E+4 2.979798E-1 7.125205E-6
3.370300E+4 3.080808E-1 7.095419E-6
3.410300E+4 3.181818E-1 7.058188E-6
3.450300E+4 3.282828E-1 7.028403E-6
3.490300E+4 3.383839E-1 6.991171E-6
3.530300E+4 3.484849E-1 6.961386E-6
3.570300E+4 3.585859E-1 6.931601E-6
3.610300E+4 3.686869E-1 6.901816E-6
3.650300E+4 3.787879E-1 6.872031E-6
3.690300E+4 3.888889E-1 6.842246E-6
3.730300E+4 3.989899E-1 6.805014E-6
3.770300E+4 4.090909E-1 6.775229E-6
3.810300E+4 4.191920E-1 6.745444E-6
3.850300E+4 4.292930E-1 6.723105E-6
3.890300E+4 4.393940E-1 6.700766E-6
3.930300E+4 4.494950E-1 6.693320E-6
3.970300E+4 4.595960E-1 6.693320E-6
4.010300E+4 4.696970E-1 6.700766E-6
4.050300E+4 4.797980E-1 6.715659E-6
4.090300E+4 4.898990E-1 6.745444E-6
4.130300E+4 5.000000E-1 6.767782E-6
4.170300E+4 5.000000E-1 6.328451E-6
4.210300E+4 4.898990E-1 5.501914E-6
4.250300E+4 4.797980E-1 4.824301E-6
4.290300E+4 4.696970E-1 4.265830E-6
4.330300E+4 4.595959E-1 3.774374E-6
4.370300E+4 4.494949E-1 3.342490E-6
4.410300E+4 4.393939E-1 2.940390E-6
4.450300E+4 4.292929E-1 2.620200E-6
4.490300E+4 4.191919E-1 2.300009E-6
4.530300E+4 4.090909E-1 1.994712E-6
4.570300E+4 3.989899E-1 1.711753E-6
4.610300E+4 3.888889E-1 1.443686E-6
4.650300E+4 3.787879E-1 1.197959E-6
4.690300E+4 3.686869E-1 9.820162E-7
4.740300E+4 3.585859E-1 9.150596E-7
4.780300E+4 3.484849E-1 6.127402E-7
4.820300E+4 3.383839E-1 4.027548E-7
4.860300E+4 3.282828E-1 2.121298E-7
4.930400E+4 3.181818E-1 3.208457E-7
4.980400E+4 3.080808E-1 1.399515E-7
5.050500E+4 2.979798E-1 8.440219E-8
5.100400E+4 2.878788E-1 -1.341226E-7
5.140400E+4 2.777778E-1 -4.565469E-7
5.180400E+4 2.676768E-1 -6.881265E-7
5.220400E+4 2.575758E-1 -9.018349E-7
5.260400E+4 2.474747E-1 -1.109586E-6
5.300400E+4 2.373737E-1 -1.312125E-6
5.350400E+4 2.272727E-1 -1.371011E-6
5.390400E+4 2.171717E-1 -1.646524E-6
5.430400E+4 2.070707E-1 -1.862466E-6
5.470400E+4 1.969697E-1 -2.093301E-6
5.510400E+4 1.868687E-1 -2.301797E-6
5.550400E+4 1.767677E-1 -2.517740E-6
5.590400E+4 1.666667E-1 -2.733682E-6
5.630400E+4 1.565656E-1 -2.949624E-6
5.670400E+4 1.464646E-1 -3.173013E-6
5.710400E+4 1.363636E-1 -3.396402E-6
5.750400E+4 1.262626E-1 -3.619790E-6
5.790400E+4 1.161616E-1 -3.843179E-6
5.830400E+4 1.060606E-1 -4.066568E-6
5.870400E+4 9.595960E-2 -4.275064E-6
5.910400E+4 8.585858E-2 -4.483560E-6
5.950400E+4 7.575757E-2 -4.692056E-6
5.990400E+4 6.565656E-2 -4.893106E-6
6.030400E+4 5.555554E-2 -5.094156E-6
6.070400E+4 4.545453E-2 -5.265420E-6
6.110400E+4 3.535352E-2 -5.451577E-6
6.150400E+4 2.525250E-2 -5.637734E-6
6.190400E+4 1.515149E-2 -5.823892E-6
6.230400E+4 5.050506E-3 -5.995157E-6
6.270400E+4 -5.050506E-3 -6.158975E-6
6.310400E+4 -1.515155E-2 -6.315347E-6
6.350400E+4 -2.525256E-2 -6.479166E-6
6.390400E+4 -3.535357E-2 -6.635537E-6
6.430400E+4 -4.545453E-2 -6.799356E-6
6.470400E+4 -5.555554E-2 -6.963174E-6
6.510400E+4 -6.565656E-2 -7.126992E-6
6.550400E+4 -7.575757E-2 -7.305703E-6
6.590400E+4 -8.585858E-2 -7.469522E-6
6.630400E+4 -9.595960E-2 -7.633340E-6
6.670400E+4 -1.060606E-1 -7.804604E-6
6.710400E+4 -1.161616E-1 -7.968422E-6
6.750400E+4 -1.262626E-1 -8.132241E-6
6.790400E+4 -1.363636E-1 -8.288613E-6
6.830400E+4 -1.464647E-1 -8.430093E-6
6.870400E+4 -1.565657E-1 -8.564126E-6
6.910400E+4 -1.666667E-1 -8.675820E-6
6.950400E+4 -1.767677E-1 -8.757729E-6
6.990400E+4 -1.868687E-1 -8.817299E-6
7.030400E+4 -1.969697E-1 -8.847084E-6
7.070400E+4 -2.070707E-1 -8.847084E-6
7.110400E+4 -2.171718E-1 -8.824746E-6
7.150400E+4 -2.272728E-1 -8.780068E-6
7.190400E+4 -2.373738E-1 -8.720498E-6
7.230400E+4 -2.474748E-1 -8.646035E-6
7.270400E+4 -2.575758E-1 -8.564126E-6
7.310400E+4 -2.676768E-1 -8.482217E-6
7.350400E+4 -2.777778E-1 -8.400308E-6
7.390400E+4 -2.878788E-1 -8.310953E-6
7.430400E+4 -2.979798E-1 -8.221597E-6
7.470400E+4 -3.080808E-1 -8.132241E-6
7.510400E+4 -3.181818E-1 -8.042885E-6
7.550400E+4 -3.282828E-1 -7.953530E-6
7.590400E+4 -3.383839E-1 -7.864175E-6
7.630400E+4 -3.484849E-1 -7.767373E-6
7.670400E+4 -3.585859E-1 -7.663125E-6
7.710400E+4 -3.686869E-1 -7.573770E-6
7.750400E+4 -3.787879E-1 -7.469522E-6
7.790400E+4 -3.888889E-1 -7.365274E-6
7.830400E+4 -3.989899E-1 -7.261026E-6
7.870400E+4 -4.090909E-1 -7.156777E-6
7.910400E+4 -4.191920E-1 -7.059976E-6
7.950400E+4 -4.292930E-1 -6.963174E-6
7.990400E+4 -4.393940E-1 -6.888712E-6
8.030400E+4 -4.494950E-1 -6.814249E-6
8.070400E+4 -4.595960E-1 -6.747232E-6
8.110400E+4 -4.696970E-1 -6.702554E-6
8.150400E+4 -4.797980E-1 -6.665323E-6
8.190400E+4 -4.898990E-1 -6.650430E-6
8.230400E+4 -5.000000E-1 -6.635537E-6
