9.020000E+2 -5.000000E-1 -2.272012E-5
1.302000E+3 -4.898990E-1 -1.877359E-5
1.702000E+3 -4.797980E-1 -1.519937E-5
2.102000E+3 -4.696970E-1 -1.274209E-5
2.502000E+3 -4.595959E-1 -1.095498E-5
2.902000E+3 -4.494949E-1 -9.614651E-6
3.402000E+3 -4.393939E-1 -8.318398E-6
3.802000E+3 -4.292929E-1 -7.543985E-6
4.202000E+3 -4.191919E-1 -6.829141E-6
4.602000E+3 -4.090909E-1 -6.211099E-6
5.002000E+3 -3.989899E-1 -5.652627E-6
5.402000E+3 -3.888889E-1 -5.183511E-6
5.802000E+3 -3.787879E-1 -4.781411E-6
6.202000E+3 -3.686869E-1 -4.394204E-6
6.602000E+3 -3.585859E-1 -4.021890E-6
7.002000E+3 -3.484849E-1 -3.701700E-6
7.402000E+3 -3.383839E-1 -3.388955E-6
7.802000E+3 -3.282828E-1 -3.105996E-6
8.202000E+3 -3.181818E-1 -2.815591E-6
8.602000E+3 -3.080808E-1 -2.547525E-6
9.002000E+3 -2.979798E-1 -2.272012E-6
9.402000E+3 -2.878788E-1 -1.981607E-6
9.802000E+3 -2.777778E-1 -1.713540E-6
1.020200E+4 -2.676768E-1 -1.423135E-6
1.060200E+4 -2.575758E-1 -1.147622E-6
1.100200E+4 -2.474747E-1 -8.572171E-7
1.150200E+4 -2.373737E-1 -7.007852E-7
1.190200E+4 -2.272727E-1 -2.882608E-7
1.240200E+4 -2.171717E-1 -1.042868E-7
1.290200E+4 -2.070707E-1 2.128745E-7
1.330200E+4 -1.969697E-1 6.469931E-7
1.370200E+4 -1.868687E-1 1.016329E-6
1.410200E+4 -1.767677E-1 1.378219E-6
1.460200E+4 -1.666667E-1 1.614951E-6
1.500200E+4 -1.565656E-1 2.061728E-6
1.540200E+4 -1.464646E-1 2.441489E-6
1.580200E+4 -1.363636E-1 2.798911E-6
1.620200E+4 -1.262626E-1 3.141440E-6
1.660200E+4 -1.161616E-1 3.506308E-6
1.700200E+4 -1.060606E-1 3.863730E-6
1.740200E+4 -9.595960E-2 4.206259E-6
1.780200E+4 -8.585858E-2 4.541342E-6
1.820200E+4 -7.575757E-2 4.861533E-6
1.860200E+4 -6.565656E-2 5.166830E-6
1.900200E+4 -5.555554E-2 5.457236E-6
1.940200E+4 -4.545453E-2 5.732748E-6
1.980200E+4 -3.535352E-2 5.963584E-6
2.020200E+4 -2.525250E-2 6.179526E-6
2.060200E+4 -1.515149E-2 6.365683E-6
2.100200E+4 -5.050506E-3 6.544394E-6
2.140200E+4 5.050506E-3 6.708212E-6
2.180200E+4 1.515155E-2 6.879477E-6
2.220200E+4 2.525256E-2 7.073081E-6
2.260200E+4 3.535357E-2 7.259238E-6
2.300200E+4 4.545453E-2 7.460288E-6
2.340200E+4 5.555554E-2 7.683677E-6
2.380200E+4 6.565656E-2 7.921958E-6
2.420200E+4 7.575757E-2 8.160239E-6
2.460200E+4 8.585858E-2 8.398521E-6
2.500200E+4 9.595960E-2 8.651694E-6
2.540200E+4 1.060606E-1 8.904868E-6
2.580200E+4 1.161616E-1 9.165488E-6
2.620200E+4 1.262626E-1 9.426108E-6
2.660200E+4 1.363636E-1 9.671836E-6
2.700200E+4 1.464647E-1 9.895224E-6
2.740200E+4 1.565657E-1 1.011117E-5
2.780200E+4 1.666667E-1 1.028988E-5
2.820200E+4 1.767677E-1 1.043136E-5
2.860200E+4 1.868687E-1 1.055050E-5
2.900200E+4 1.969697E-1 1.063241E-5
2.940200E+4 2.070707E-1 1.066219E-5
2.980200E+4 2.171718E-1 1.066219E-5
3.020200E+4 2.272728E-1 1.063241E-5
3.060200E+4 2.373738E-1 1.059518E-5
3.100200E+4 2.474748E-1 1.053560E-5
3.140200E+4 2.575758E-1 1.046859E-5
3.180200E+4 2.676768E-1 1.040157E-5
3.220200E+4 2.777778E-1 1.035689E-5
3.260200E+4 2.878788E-1 1.030477E-5
3.300200E+4 2.979798E-1 1.025265E-5
3.340200E+4 3.080808E-1 1.020797E-5
3.380200E+4 3.181818E-1 1.016329E-5
3.420200E+4 3.282828E-1 1.011117E-5
3.460200E+4 3.383839E-1 1.005160E-5
3.500200E+4 3.484849E-1 9.984579E-6
3.540200E+4 3.585859E-1 9.902671E-6
3.580200E+4 3.686869E-1 9.820762E-6
3.620200E+4 3.787879E-1 9.716514E-6
3.660200E+4 3.888889E-1 9.604820E-6
3.700200E+4 3.989899E-1 9.500571E-6
3.740200E+4 4.090909E-1 9.396323E-6
3.780200E+4 4.191920E-1 9.292075E-6
3.820200E+4 4.292930E-1 9.180380E-6
3.860200E+4 4.393940E-1 9.091025E-6
3.900200E+4 4.494950E-1 9.024008E-6
3.940200E+4 4.595960E-1 8.956992E-6
3.980200E+4 4.696970E-1 8.897422E-6
4.020200E+4 4.797980E-1 8.852744E-6
4.060200E+4 4.898990E-1 8.822959E-6
4.100200E+4 5.000000E-1 8.800620E-6
4.140200E+4 5.000000E-1 8.249594E-6
4.180200E+4 4.898990E-1 7.311362E-6
4.220200E+4 4.797980E-1 6.589072E-6
4.260200E+4 4.696970E-1 6.000815E-6
4.300200E+4 4.595959E-1 5.487021E-6
4.340200E+4 4.494949E-1 5.032798E-6
4.380200E+4 4.393939E-1 4.630698E-6
4.420200E+4 4.292929E-1 4.288168E-6
4.460200E+4 4.191919E-1 3.953086E-6
4.500200E+4 4.090909E-1 3.647787E-6
4.540200E+4 3.989899E-1 3.364828E-6
4.580200E+4 3.888889E-1 3.089316E-6
4.620200E+4 3.787879E-1 2.843588E-6
4.660200E+4 3.686869E-1 2.612753E-6
4.700200E+4 3.585859E-1 2.367026E-6
4.740200E+4 3.484849E-1 2.128745E-6
4.780200E+4 3.383839E-1 1.890464E-6
4.820200E+4 3.282828E-1 1.629843E-6
4.860200E+4 3.181818E-1 1.384116E-6
4.900200E+4 3.080808E-1 1.130942E-6
4.950200E+4 2.979798E-1 1.019308E-6
4.990200E+4 2.878788E-1 6.172079E-7
5.030200E+4 2.777778E-1 3.096762E-7
5.100300E+4 2.676768E-1 2.947837E-7
5.140300E+4 2.575758E-1 -1.683755E-7
5.180300E+4 2.474747E-1 -5.332437E-7
5.220300E+4 2.373737E-1 -8.966226E-7
5.260300E+4 2.272727E-1 -1.269682E-6
5.310300E+4 2.171717E-1 -1.490152E-6
5.350300E+4 2.070707E-1 -1.936929E-6
5.390300E+4 1.969697E-1 -2.339029E-6
5.430300E+4 1.868687E-1 -2.748575E-6
5.470300E+4 1.767677E-1 -3.150674E-6
5.510300E+4 1.666667E-1 -3.552774E-6
5.550300E+4 1.565656E-1 -3.962320E-6
5.590300E+4 1.464646E-1 -4.371866E-6
5.630300E+4 1.363636E-1 -4.781411E-6
5.670300E+4 1.262626E-1 -5.161172E-6
5.710300E+4 1.161616E-1 -5.526040E-6
5.750300E+4 1.060606E-1 -5.920694E-6
5.790300E+4 9.595960E-2 -6.285562E-6
5.830300E+4 8.585858E-2 -6.642983E-6
5.870300E+4 7.575757E-2 -6.978067E-6
5.910300E+4 6.565656E-2 -7.290811E-6
5.950300E+4 5.555554E-2 -7.596109E-6
5.990300E+4 4.545453E-2 -7.864175E-6
6.030300E+4 3.535352E-2 -8.117348E-6
6.070300E+4 2.525250E-2 -8.355630E-6
6.110300E+4 1.515149E-2 -8.579018E-6
6.150300E+4 5.050506E-3 -8.787514E-6
6.190300E+4 -5.050506E-3 -8.988564E-6
6.230300E+4 -1.515155E-2 -9.197061E-6
6.270300E+4 -2.525256E-2 -9.413003E-6
6.310300E+4 -3.535357E-2 -9.636391E-6
6.350300E+4 -4.545453E-2 -9.859780E-6
6.390300E+4 -5.555554E-2 -1.008317E-5
6.430300E+4 -6.565656E-2 -1.032890E-5
6.470300E+4 -7.575757E-2 -1.055973E-5
6.510300E+4 -8.585858E-2 -1.080546E-5
6.550300E+4 -9.595960E-2 -1.104374E-5
6.590300E+4 -1.060606E-1 -1.128947E-5
6.630300E+4 -1.161616E-1 -1.153519E-5
6.670300E+4 -1.262626E-1 -1.176603E-5
6.710300E+4 -1.363636E-1 -1.198942E-5
6.750300E+4 -1.464647E-1 -1.219792E-5
6.790300E+4 -1.565657E-1 -1.239152E-5
6.830300E+4 -1.666667E-1 -1.254789E-5
6.870300E+4 -1.767677E-1 -1.267448E-5
6.910300E+4 -1.868687E-1 -1.277128E-5
6.950300E+4 -1.969697E-1 -1.282340E-5
6.990300E+4 -2.070707E-1 -1.283830E-5
7.030300E+4 -2.171718E-1 -1.280106E-5
7.070300E+4 -2.272728E-1 -1.271916E-5
7.110300E+4 -2.373738E-1 -1.257768E-5
7.150300E+4 -2.474748E-1 -1.236173E-5
7.190300E+4 -2.575758E-1 -1.207877E-5
7.230300E+4 -2.676768E-1 -1.172880E-5
7.270300E+4 -2.777778E-1 -1.134904E-5
7.310300E+4 -2.878788E-1 -1.094694E-5
7.350300E+4 -2.979798E-1 -1.057462E-5
7.390300E+4 -3.080808E-1 -1.022465E-5
7.430300E+4 -3.181818E-1 -9.889565E-6
7.470300E+4 -3.282828E-1 -9.599160E-6
7.510300E+4 -3.383839E-1 -9.308755E-6
7.550300E+4 -3.484849E-1 -9.055581E-6
7.590300E+4 -3.585859E-1 -8.824746E-6
7.630300E+4 -3.686869E-1 -8.616250E-6
7.670300E+4 -3.787879E-1 -8.422647E-6
7.710300E+4 -3.888889E-1 -8.251382E-6
7.750300E+4 -3.989899E-1 -8.095009E-6
7.790300E+4 -4.090909E-1 -7.968422E-6
7.830300E+4 -4.191920E-1 -7.856728E-6
7.870300E+4 -4.292930E-1 -7.767373E-6
7.910300E+4 -4.393940E-1 -7.692910E-6
7.950300E+4 -4.494950E-1 -7.648232E-6
7.990300E+4 -4.595960E-1 -7.611001E-6
8.030300E+4 -4.696970E-1 -7.596109E-6
8.070300E+4 -4.797980E-1 -7.588662E-6
8.110300E+4 -4.898990E-1 -7.611001E-6
8.150300E+4 -5.000000E-1 -7.633340E-6
