9.020000E+2 -5.000000E-1 -1.467813E-5
1.302000E+3 -4.898990E-1 -1.274209E-5
1.702000E+3 -4.797980E-1 -1.073159E-5
2.102000E+3 -4.696970E-1 -9.167874E-6
2.602000E+3 -4.595959E-1 -7.573770E-6
3.002000E+3 -4.494949E-1 -6.724893E-6
3.402000E+3 -4.393939E-1 -5.861123E-6
3.802000E+3 -4.292929E-1 -5.131387E-6
4.202000E+3 -4.191919E-1 -4.498453E-6
4.602000E+3 -4.090909E-1 -3.932535E-6
5.002000E+3 -3.989899E-1 -3.418741E-6
5.402000E+3 -3.888889E-1 -2.979410E-6
5.802000E+3 -3.787879E-1 -2.577310E-6
6.202000E+3 -3.686869E-1 -2.204996E-6
6.602000E+3 -3.585859E-1 -1.847574E-6
7.002000E+3 -3.484849E-1 -1.534829E-6
7.402000E+3 -3.383839E-1 -1.244424E-6
7.802000E+3 -3.282828E-1 -9.763577E-7
8.302000E+3 -3.181818E-1 -8.303506E-7
8.702000E+3 -3.080808E-1 -5.205850E-7
9.102000E+3 -2.979798E-1 -2.927285E-7
9.802000E+3 -2.878788E-1 -3.083658E-7
1.030200E+4 -2.777778E-1 -1.029464E-7
1.160600E+4 -2.676768E-1 -2.167764E-7
1.200600E+4 -2.575758E-1 1.518149E-7
1.240600E+4 -2.474747E-1 4.206259E-7
1.280600E+4 -2.373737E-1 6.566733E-7
1.320600E+4 -2.272727E-1 8.726157E-7
1.360600E+4 -2.171717E-1 1.070687E-6
1.400600E+4 -2.070707E-1 1.254610E-6
1.450600E+4 -1.969697E-1 1.294760E-6
1.490600E+4 -1.868687E-1 1.533042E-6
1.530600E+4 -1.767677E-1 1.726645E-6
1.570600E+4 -1.666667E-1 1.897910E-6
1.610600E+4 -1.565656E-1 2.061728E-6
1.650600E+4 -1.464646E-1 2.232993E-6
1.690600E+4 -1.363636E-1 2.396811E-6
1.730600E+4 -1.262626E-1 2.538291E-6
1.770600E+4 -1.161616E-1 2.687216E-6
1.810600E+4 -1.060606E-1 2.813803E-6
1.850600E+4 -9.595960E-2 2.932944E-6
1.890600E+4 -8.585858E-2 3.066977E-6
1.930600E+4 -7.575757E-2 3.193564E-6
1.970600E+4 -6.565656E-2 3.327597E-6
2.010600E+4 -5.555554E-2 3.446738E-6
2.050600E+4 -4.545453E-2 3.558432E-6
2.090600E+4 -3.535352E-2 3.662680E-6
2.130600E+4 -2.525250E-2 3.752036E-6
2.170600E+4 -1.515149E-2 3.848837E-6
2.210600E+4 -5.050506E-3 3.938193E-6
2.250600E+4 5.050506E-3 4.020102E-6
2.290600E+4 1.515155E-2 4.116904E-6
2.330600E+4 2.525256E-2 4.221152E-6
2.370600E+4 3.535357E-2 4.325400E-6
2.410600E+4 4.545453E-2 4.429648E-6
2.450600E+4 5.555554E-2 4.548789E-6
2.490600E+4 6.565656E-2 4.675375E-6
2.530600E+4 7.575757E-2 4.794516E-6
2.570600E+4 8.585858E-2 4.906211E-6
2.610600E+4 9.595960E-2 5.032798E-6
2.650600E+4 1.060606E-1 5.151938E-6
2.690600E+4 1.161616E-1 5.278525E-6
2.730600E+4 1.262626E-1 5.397666E-6
2.770600E+4 1.363636E-1 5.524253E-6
2.810600E+4 1.464647E-1 5.628501E-6
2.850600E+4 1.565657E-1 5.732748E-6
2.890600E+4 1.666667E-1 5.814658E-6
2.930600E+4 1.767677E-1 5.896567E-6
2.970600E+4 1.868687E-1 5.956137E-6
3.010600E+4 1.969697E-1 6.015707E-6
3.050600E+4 2.070707E-1 6.067832E-6
3.090600E+4 2.171718E-1 6.112509E-6
3.130600E+4 2.272728E-1 6.157187E-6
3.170600E+4 2.373738E-1 6.216757E-6
3.210600E+4 2.474748E-1 6.261435E-6
3.250600E+4 2.575758E-1 6.313559E-6
3.290600E+4 2.676768E-1 6.365683E-6
3.330600E+4 2.777778E-1 6.425253E-6
3.370600E+4 2.878788E-1 6.477378E-6
3.410600E+4 2.979798E-1 6.529502E-6
3.450600E+4 3.080808E-1 6.581625E-6
3.490600E+4 3.181818E-1 6.633750E-6
3.530600E+4 3.282828E-1 6.685873E-6
3.570600E+4 3.383839E-1 6.745444E-6
3.610600E+4 3.484849E-1 6.797567E-6
3.650600E+4 3.585859E-1 6.857138E-6
3.690600E+4 3.686869E-1 6.916709E-6
3.730600E+4 3.787879E-1 6.961386E-6
3.770600E+4 3.888889E-1 7.013511E-6
3.810600E+4 3.989899E-1 7.058188E-6
3.850600E+4 4.090909E-1 7.110312E-6
3.890600E+4 4.191920E-1 7.147543E-6
3.930600E+4 4.292930E-1 7.199668E-6
3.970600E+4 4.393940E-1 7.244345E-6
4.010600E+4 4.494950E-1 7.311362E-6
4.050600E+4 4.595960E-1 7.370932E-6
4.090600E+4 4.696970E-1 7.430502E-6
4.130600E+4 4.797980E-1 7.497519E-6
4.170600E+4 4.898990E-1 7.564536E-6
4.210600E+4 5.000000E-1 7.638999E-6
4.250600E+4 5.000000E-1 7.229453E-6
4.290600E+4 4.898990E-1 6.402915E-6
4.330600E+4 4.797980E-1 5.695517E-6
4.370600E+4 4.696970E-1 5.062583E-6
4.410600E+4 4.595959E-1 4.496665E-6
4.450600E+4 4.494949E-1 3.990317E-6
4.490600E+4 4.393939E-1 3.513754E-6
4.530600E+4 4.292929E-1 3.066977E-6
4.570600E+4 4.191919E-1 2.679770E-6
4.610600E+4 4.090909E-1 2.285117E-6
4.650600E+4 3.989899E-1 1.905356E-6
4.690600E+4 3.888889E-1 1.540488E-6
4.730600E+4 3.787879E-1 1.205405E-6
4.780600E+4 3.686869E-1 9.895225E-7
4.820600E+4 3.585859E-1 6.119956E-7
4.860600E+4 3.484849E-1 3.074423E-7
4.910600E+4 3.383839E-1 1.382389E-7
4.960500E+4 3.282828E-1 -1.021035E-7
5.000500E+4 3.181818E-1 -4.572915E-7
5.040500E+4 3.080808E-1 -7.283364E-7
5.080500E+4 2.979798E-1 -9.911904E-7
5.120500E+4 2.878788E-1 -1.242875E-6
5.170500E+4 2.777778E-1 -1.363565E-6
5.210500E+4 2.676768E-1 -1.661416E-6
5.250500E+4 2.575758E-1 -1.892251E-6
5.290500E+4 2.474747E-1 -2.130532E-6
5.330500E+4 2.373737E-1 -2.361368E-6
5.370500E+4 2.272727E-1 -2.592202E-6
5.410500E+4 2.171717E-1 -2.815591E-6
5.450500E+4 2.070707E-1 -3.031534E-6
5.490500E+4 1.969697E-1 -3.247476E-6
5.530500E+4 1.868687E-1 -3.463418E-6
5.570500E+4 1.767677E-1 -3.679361E-6
5.610500E+4 1.666667E-1 -3.880411E-6
5.650500E+4 1.565656E-1 -4.081460E-6
5.690500E+4 1.464646E-1 -4.289956E-6
5.730500E+4 1.363636E-1 -4.498453E-6
5.770500E+4 1.262626E-1 -4.699502E-6
5.810500E+4 1.161616E-1 -4.900552E-6
5.850500E+4 1.060606E-1 -5.094156E-6
5.890500E+4 9.595960E-2 -5.257973E-6
5.930500E+4 8.585858E-2 -5.444131E-6
5.970500E+4 7.575757E-2 -5.630288E-6
6.010500E+4 6.565656E-2 -5.794107E-6
6.050500E+4 5.555554E-2 -5.972818E-6
6.090500E+4 4.545453E-2 -6.121743E-6
6.130500E+4 3.535352E-2 -6.255777E-6
6.170500E+4 2.525250E-2 -6.374917E-6
6.210500E+4 1.515149E-2 -6.494058E-6
6.250500E+4 5.050506E-3 -6.598306E-6
6.290500E+4 -5.050506E-3 -6.687661E-6
6.330500E+4 -1.515155E-2 -6.769571E-6
6.370500E+4 -2.525256E-2 -6.851480E-6
6.410500E+4 -3.535357E-2 -6.918497E-6
6.450500E+4 -4.545453E-2 -6.985513E-6
6.490500E+4 -5.555554E-2 -7.052529E-6
6.530500E+4 -6.565656E-2 -7.112100E-6
6.570500E+4 -7.575757E-2 -7.171670E-6
6.610500E+4 -8.585858E-2 -7.231240E-6
6.650500E+4 -9.595960E-2 -7.283365E-6
6.690500E+4 -1.060606E-1 -7.328043E-6
6.730500E+4 -1.161616E-1 -7.372720E-6
6.770500E+4 -1.262626E-1 -7.402505E-6
6.810500E+4 -1.363636E-1 -7.417398E-6
6.850500E+4 -1.464647E-1 -7.409952E-6
6.890500E+4 -1.565657E-1 -7.387613E-6
6.930500E+4 -1.666667E-1 -7.335489E-6
6.970500E+4 -1.767677E-1 -7.253579E-6
7.010500E+4 -1.868687E-1 -7.141885E-6
7.050500E+4 -1.969697E-1 -7.030191E-6
7.090500E+4 -2.070707E-1 -6.888712E-6
7.130500E+4 -2.171718E-1 -6.739785E-6
7.170500E+4 -2.272728E-1 -6.590860E-6
7.210500E+4 -2.373738E-1 -6.464273E-6
7.250500E+4 -2.474748E-1 -6.337686E-6
7.290500E+4 -2.575758E-1 -6.218545E-6
7.330500E+4 -2.676768E-1 -6.114297E-6
7.370500E+4 -2.777778E-1 -6.017495E-6
7.410500E+4 -2.878788E-1 -5.928140E-6
7.450500E+4 -2.979798E-1 -5.846231E-6
7.490500E+4 -3.080808E-1 -5.764321E-6
7.530500E+4 -3.181818E-1 -5.689859E-6
7.570500E+4 -3.282828E-1 -5.630288E-6
7.610500E+4 -3.383839E-1 -5.578164E-6
7.650500E+4 -3.484849E-1 -5.533487E-6
7.690500E+4 -3.585859E-1 -5.496255E-6
7.730500E+4 -3.686869E-1 -5.459024E-6
7.770500E+4 -3.787879E-1 -5.429239E-6
7.810500E+4 -3.888889E-1 -5.399454E-6
7.850500E+4 -3.989899E-1 -5.377115E-6
7.890500E+4 -4.090909E-1 -5.362222E-6
7.930500E+4 -4.191920E-1 -5.354776E-6
7.970500E+4 -4.292930E-1 -5.347330E-6
8.010500E+4 -4.393940E-1 -5.354776E-6
8.050500E+4 -4.494950E-1 -5.377115E-6
8.090500E+4 -4.595960E-1 -5.414346E-6
8.130500E+4 -4.696970E-1 -5.459024E-6
8.170500E+4 -4.797980E-1 -5.526040E-6
8.210500E+4 -4.898990E-1 -5.600503E-6
8.250500E+4 -5.000000E-1 -5.689859E-6
