9.020000E+2 -5.000000E-1 -2.562417E-5
1.302000E+3 -4.898990E-1 -2.182657E-5
1.702000E+3 -4.797980E-1 -1.795449E-5
2.102000E+3 -4.696970E-1 -1.519937E-5
2.502000E+3 -4.595959E-1 -1.311441E-5
2.902000E+3 -4.494949E-1 -1.147622E-5
3.302000E+3 -4.393939E-1 -1.013589E-5
3.702000E+3 -4.292929E-1 -9.018948E-6
4.202000E+3 -4.191919E-1 -7.879067E-6
4.602000E+3 -4.090909E-1 -7.089761E-6
5.002000E+3 -3.989899E-1 -6.345132E-6
5.402000E+3 -3.888889E-1 -5.674966E-6
5.802000E+3 -3.787879E-1 -5.109048E-6
6.202000E+3 -3.686869E-1 -4.587808E-6
6.602000E+3 -3.585859E-1 -4.088907E-6
7.002000E+3 -3.484849E-1 -3.642129E-6
7.402000E+3 -3.383839E-1 -3.232583E-6
7.802000E+3 -3.282828E-1 -2.845376E-6
8.202000E+3 -3.181818E-1 -2.473062E-6
8.602000E+3 -3.080808E-1 -2.130532E-6
9.002000E+3 -2.979798E-1 -1.788003E-6
9.402000E+3 -2.878788E-1 -1.467813E-6
9.802000E+3 -2.777778E-1 -1.162515E-6
1.030200E+4 -2.676768E-1 -1.019486E-6
1.070200E+4 -2.575758E-1 -5.786660E-7
1.110200E+4 -2.474747E-1 -2.636880E-7
1.180200E+4 -2.373737E-1 -3.038980E-7
1.220200E+4 -2.272727E-1 1.935141E-7
1.260200E+4 -2.171717E-1 5.434897E-7
1.300200E+4 -2.070707E-1 8.741050E-7
1.340200E+4 -1.969697E-1 1.198019E-6
1.390200E+4 -1.868687E-1 1.339438E-6
1.430200E+4 -1.767677E-1 1.763877E-6
1.470200E+4 -1.666667E-1 2.091513E-6
1.510200E+4 -1.565656E-1 2.411704E-6
1.550200E+4 -1.464646E-1 2.731894E-6
1.590200E+4 -1.363636E-1 3.022299E-6
1.630200E+4 -1.262626E-1 3.349936E-6
1.670200E+4 -1.161616E-1 3.677573E-6
1.710200E+4 -1.060606E-1 4.005210E-6
1.750200E+4 -9.595960E-2 4.332846E-6
1.790200E+4 -8.585858E-2 4.645590E-6
1.830200E+4 -7.575757E-2 4.950888E-6
1.870200E+4 -6.565656E-2 5.263632E-6
1.910200E+4 -5.555554E-2 5.583823E-6
1.950200E+4 -4.545453E-2 5.874228E-6
1.990200E+4 -3.535352E-2 6.164633E-6
2.030200E+4 -2.525250E-2 6.432700E-6
2.070200E+4 -1.515149E-2 6.708212E-6
2.110200E+4 -5.050506E-3 6.968833E-6
2.150200E+4 5.050506E-3 7.214560E-6
2.190200E+4 1.515155E-2 7.445395E-6
2.230200E+4 2.525256E-2 7.676231E-6
2.270200E+4 3.535357E-2 7.884726E-6
2.310200E+4 4.545453E-2 8.093222E-6
2.350200E+4 5.555554E-2 8.279379E-6
2.390200E+4 6.565656E-2 8.472984E-6
2.430200E+4 7.575757E-2 8.659141E-6
2.470200E+4 8.585858E-2 8.830405E-6
2.510200E+4 9.595960E-2 9.001670E-6
2.550200E+4 1.060606E-1 9.158042E-6
2.590200E+4 1.161616E-1 9.321860E-6
2.630200E+4 1.262626E-1 9.448448E-6
2.670200E+4 1.363636E-1 9.545249E-6
2.710200E+4 1.464647E-1 9.627158E-6
2.750200E+4 1.565657E-1 9.701621E-6
2.790200E+4 1.666667E-1 9.746299E-6
2.830200E+4 1.767677E-1 9.776084E-6
2.870200E+4 1.868687E-1 9.805869E-6
2.910200E+4 1.969697E-1 9.828208E-6
2.950200E+4 2.070707E-1 9.835654E-6
2.990200E+4 2.171718E-1 9.835654E-6
3.030200E+4 2.272728E-1 9.835654E-6
3.070200E+4 2.373738E-1 9.835654E-6
3.110200E+4 2.474748E-1 9.835654E-6
3.150200E+4 2.575758E-1 9.828208E-6
3.190200E+4 2.676768E-1 9.828208E-6
3.230200E+4 2.777778E-1 9.828208E-6
3.270200E+4 2.878788E-1 9.835654E-6
3.310200E+4 2.979798E-1 9.820762E-6
3.350200E+4 3.080808E-1 9.813315E-6
3.390200E+4 3.181818E-1 9.783530E-6
3.430200E+4 3.282828E-1 9.761191E-6
3.470200E+4 3.383839E-1 9.723960E-6
3.510200E+4 3.484849E-1 9.679282E-6
3.550200E+4 3.585859E-1 9.634605E-6
3.590200E+4 3.686869E-1 9.597373E-6
3.630200E+4 3.787879E-1 9.552695E-6
3.670200E+4 3.888889E-1 9.508018E-6
3.710200E+4 3.989899E-1 9.463340E-6
3.750200E+4 4.090909E-1 9.426108E-6
3.790200E+4 4.191920E-1 9.373985E-6
3.830200E+4 4.292930E-1 9.329307E-6
3.870200E+4 4.393940E-1 9.299521E-6
3.910200E+4 4.494950E-1 9.284629E-6
3.950200E+4 4.595960E-1 9.269736E-6
3.990200E+4 4.696970E-1 9.277182E-6
4.030200E+4 4.797980E-1 9.292075E-6
4.070200E+4 4.898990E-1 9.321860E-6
4.110200E+4 5.000000E-1 9.359092E-6
4.150200E+4 5.000000E-1 8.718711E-6
4.190200E+4 4.898990E-1 7.579428E-6
4.230200E+4 4.797980E-1 6.656088E-6
4.270200E+4 4.696970E-1 5.881674E-6
4.310200E+4 4.595959E-1 5.196615E-6
4.350200E+4 4.494949E-1 4.593466E-6
4.390200E+4 4.393939E-1 4.057334E-6
4.430200E+4 4.292929E-1 3.573325E-6
4.470200E+4 4.191919E-1 3.133994E-6
4.510200E+4 4.090909E-1 2.746787E-6
4.550200E+4 3.989899E-1 2.381918E-6
4.590200E+4 3.888889E-1 2.031943E-6
4.630200E+4 3.787879E-1 1.696860E-6
4.670200E+4 3.686869E-1 1.391562E-6
4.710200E+4 3.585859E-1 1.108603E-6
4.760200E+4 3.484849E-1 1.052071E-6
4.800200E+4 3.383839E-1 6.335898E-7
4.840200E+4 3.282828E-1 3.550986E-7
4.910300E+4 3.181818E-1 4.935995E-7
4.980400E+4 3.080808E-1 3.781821E-7
5.020400E+4 2.979798E-1 -1.110391E-7
5.060400E+4 2.878788E-1 -4.528238E-7
5.100400E+4 2.777778E-1 -7.618448E-7
5.140400E+4 2.676768E-1 -1.067887E-6
5.180400E+4 2.575758E-1 -1.359782E-6
5.230400E+4 2.474747E-1 -1.438028E-6
5.270400E+4 2.373737E-1 -1.847574E-6
5.310400E+4 2.272727E-1 -2.190103E-6
5.350400E+4 2.171717E-1 -2.510293E-6
5.390400E+4 2.070707E-1 -2.830484E-6
5.430400E+4 1.969697E-1 -3.158121E-6
5.470400E+4 1.868687E-1 -3.493204E-6
5.510400E+4 1.767677E-1 -3.820840E-6
5.550400E+4 1.666667E-1 -4.155923E-6
5.590400E+4 1.565656E-1 -4.498453E-6
5.630400E+4 1.464646E-1 -4.840982E-6
5.670400E+4 1.363636E-1 -5.161172E-6
5.710400E+4 1.262626E-1 -5.488809E-6
5.750400E+4 1.161616E-1 -5.846231E-6
5.790400E+4 1.060606E-1 -6.181314E-6
5.830400E+4 9.595960E-2 -6.508951E-6
5.870400E+4 8.585858E-2 -6.829141E-6
5.910400E+4 7.575757E-2 -7.126992E-6
5.950400E+4 6.565656E-2 -7.424844E-6
5.990400E+4 5.555554E-2 -7.715249E-6
6.030400E+4 4.545453E-2 -7.998207E-6
6.070400E+4 3.535352E-2 -8.281167E-6
6.110400E+4 2.525250E-2 -8.549233E-6
6.150400E+4 1.515149E-2 -8.824746E-6
6.190400E+4 5.050506E-3 -9.070473E-6
6.230400E+4 -5.050506E-3 -9.323647E-6
6.270400E+4 -1.515155E-2 -9.569375E-6
6.310400E+4 -2.525256E-2 -9.800210E-6
6.350400E+4 -3.535357E-2 -1.000871E-5
6.390400E+4 -4.545453E-2 -1.020976E-5
6.430400E+4 -5.555554E-2 -1.038847E-5
6.470400E+4 -6.565656E-2 -1.057462E-5
6.510400E+4 -7.575757E-2 -1.074589E-5
6.550400E+4 -8.585858E-2 -1.089481E-5
6.590400E+4 -9.595960E-2 -1.105863E-5
6.630400E+4 -1.060606E-1 -1.120756E-5
6.670400E+4 -1.161616E-1 -1.134159E-5
6.710400E+4 -1.262626E-1 -1.144584E-5
6.750400E+4 -1.363636E-1 -1.155009E-5
6.790400E+4 -1.464647E-1 -1.161710E-5
6.830400E+4 -1.565657E-1 -1.166178E-5
6.870400E+4 -1.666667E-1 -1.166178E-5
6.910400E+4 -1.767677E-1 -1.163200E-5
6.950400E+4 -1.868687E-1 -1.156498E-5
6.990400E+4 -1.969697E-1 -1.146818E-5
7.030400E+4 -2.070707E-1 -1.134904E-5
7.070400E+4 -2.171718E-1 -1.120756E-5
7.110400E+4 -2.272728E-1 -1.104374E-5
7.150400E+4 -2.373738E-1 -1.088737E-5
7.190400E+4 -2.474748E-1 -1.072355E-5
7.230400E+4 -2.575758E-1 -1.055973E-5
7.270400E+4 -2.676768E-1 -1.040336E-5
7.310400E+4 -2.777778E-1 -1.024699E-5
7.350400E+4 -2.878788E-1 -1.009061E-5
7.390400E+4 -2.979798E-1 -9.941689E-6
7.430400E+4 -3.080808E-1 -9.800210E-6
7.470400E+4 -3.181818E-1 -9.658730E-6
7.510400E+4 -3.282828E-1 -9.509804E-6
7.550400E+4 -3.383839E-1 -9.368325E-6
7.590400E+4 -3.484849E-1 -9.234292E-6
7.630400E+4 -3.585859E-1 -9.100258E-6
7.670400E+4 -3.686869E-1 -8.973671E-6
7.710400E+4 -3.787879E-1 -8.854531E-6
7.750400E+4 -3.888889E-1 -8.727944E-6
7.790400E+4 -3.989899E-1 -8.616250E-6
7.830400E+4 -4.090909E-1 -8.512002E-6
7.870400E+4 -4.191920E-1 -8.415200E-6
7.910400E+4 -4.292930E-1 -8.333291E-6
7.950400E+4 -4.393940E-1 -8.266275E-6
7.990400E+4 -4.494950E-1 -8.221597E-6
8.030400E+4 -4.595960E-1 -8.176919E-6
8.070400E+4 -4.696970E-1 -8.162026E-6
8.110400E+4 -4.797980E-1 -8.162026E-6
8.150400E+4 -4.898990E-1 -8.191812E-6
8.190400E+4 -5.000000E-1 -8.229043E-6
