824.212 0.658
853.607 0.654
883.001 0.650
912.396 0.661
941.790 0.713
974.146 0.765
1031.001 0.818
1087.857 0.871
1144.712 0.930
1201.567 0.998
1258.377 1.067
1315.023 1.136
1371.668 1.207
1428.314 1.277
1484.960 1.349
1541.794 1.421
1599.020 1.494
1656.246 1.567
1713.473 1.664
1770.699 1.779
1827.644 1.894
1884.217 2.012
1940.789 2.131
1997.362 2.210
2053.935 2.272
2110.322 2.335
2166.551 2.398
2222.779 2.462
2279.008 2.518
2335.236 2.572
2392.158 2.626
2449.457 2.681
2506.756 2.736
2564.056 2.778
2621.355 2.819
2678.401 2.860
2735.364 2.902
2792.327 2.944
2849.290 3.011
2906.253 3.078
2962.751 3.146
3019.174 3.214
3075.598 3.286
3132.022 3.374
3188.445 3.464
3245.685 3.554
3302.950 3.646
3360.214 3.742
3417.479 3.851
3474.709 3.962
3531.535 4.073
3588.362 4.187
3645.189 4.303
3702.015 4.426
3758.754 4.550
3815.108 4.676
3871.461 4.803
3927.815 4.872
3984.169 4.871
4032.291 4.869
4060.654 4.866
4089.017 4.863
4117.381 4.818
4145.744 4.740
4138.616 4.662
4078.683 4.582
4018.750 4.501
3958.817 4.421
3898.884 4.342
3840.321 4.261
3783.074 4.180
3725.827 4.099
3668.580 4.020
3611.333 3.942
3554.813 3.864
3498.743 3.785
3442.673 3.706
3386.603 3.647
3330.533 3.591
3273.662 3.535
3216.488 3.478
3159.314 3.421
3102.140 3.374
3044.966 3.327
2987.863 3.279
2930.775 3.231
2873.687 3.183
2816.598 3.133
2759.510 3.084
2703.414 3.034
2647.381 2.983
2591.348 2.930
2535.314 2.862
2479.201 2.795
2421.533 2.728
2363.866 2.660
2306.198 2.587
2248.531 2.500
2191.012 2.413
2134.294 2.327
2077.575 2.240
2020.856 2.162
1964.137 2.094
1907.613 2.027
1851.631 1.960
1795.648 1.893
1739.665 1.815
1683.683 1.730
1626.924 1.645
1568.858 1.559
1510.793 1.475
1452.727 1.401
1394.662 1.334
1337.527 1.266
1281.398 1.200
1225.269 1.133
1169.141 1.078
1113.012 1.026
1056.816 0.974
1000.574 0.923
944.331 0.872
888.088 0.871
831.845 0.879
848.495 0.886
896.970 0.894
945.446 0.901
993.922 0.976
1042.398 1.054
1097.828 1.132
1154.954 1.211
1212.081 1.291
1269.207 1.389
1326.334 1.488
1382.727 1.587
1439.049 1.687
1495.371 1.784
1551.693 1.869
1608.038 1.955
1665.494 2.041
1722.951 2.127
1780.407 2.221
1837.863 2.330
1895.193 2.441
1951.651 2.552
2008.110 2.664
2064.568 2.784
2121.027 2.913
2177.483 3.045
2233.929 3.177
2290.374 3.311
2346.820 3.386
2403.266 3.404
2459.971 3.423
2517.172 3.441
2574.373 3.459
2631.574 3.484
2688.775 3.514
2745.805 3.544
2802.627 3.574
2859.449 3.604
2916.271 3.674
2973.093 3.761
3029.743 3.848
3086.257 3.936
3142.771 4.025
3199.285 4.117
3255.799 4.210
3312.854 4.304
3370.178 4.398
3427.503 4.493
3484.828 4.608
3542.153 4.725
3599.152 4.842
3656.056 4.961
3712.961 5.081
3769.865 5.208
3826.769 5.336
3883.049 5.464
3939.246 5.594
3995.443 5.697
4051.640 5.646
4107.837 5.594
4103.556 5.541
4098.676 5.487
4093.796 5.419
4088.916 5.312
4078.903 5.205
4021.661 5.097
3964.418 4.989
3907.176 4.885
3849.934 4.790
3792.595 4.695
3734.881 4.599
3677.168 4.502
3619.454 4.415
3561.741 4.337
3504.385 4.259
3447.812 4.181
3391.240 4.102
3334.667 4.034
3278.094 3.972
3221.730 3.910
3165.652 3.848
3109.574 3.786
3053.496 3.729
2997.419 3.674
2940.528 3.618
2882.914 3.562
2825.301 3.507
2767.687 3.450
2710.074 3.392
2653.170 3.335
2596.670 3.277
2540.170 3.220
2483.671 3.137
2427.171 3.051
2370.881 2.966
2314.664 2.880
2258.446 2.794
2202.229 2.703
2146.011 2.612
2088.456 2.521
2030.669 2.430
1972.883 2.340
1915.097 2.257
1857.310 2.175
1800.957 2.092
1744.661 2.010
1688.366 1.931
1632.071 1.864
1575.724 1.797
1518.669 1.730
1461.614 1.663
1404.558 1.589
1347.503 1.502
1290.495 1.414
1233.701 1.327
1176.908 1.241
1120.115 1.173
1063.321 1.129
1013.442 1.085
980.967 1.041
948.491 0.997
916.016 1.000
883.541 1.040
887.395 1.080
947.559 1.119
1007.724 1.159
1067.888 1.235
1128.052 1.329
1186.403 1.423
1242.939 1.517
1299.475 1.612
1356.012 1.716
1412.548 1.822
1468.854 1.928
1525.011 2.036
1581.168 2.143
1637.325 2.242
1693.483 2.340
1750.692 2.438
1808.320 2.537
1865.948 2.636
1923.575 2.753
1981.203 2.871
2037.820 2.990
2094.220 3.109
2150.620 3.229
2207.019 3.353
2263.419 3.478
2319.691 3.603
2375.952 3.730
2432.214 3.834
2488.476 3.851
2544.789 3.868
2602.360 3.886
2659.931 3.903
2717.501 3.927
2775.072 3.967
2832.476 4.006
2888.912 4.047
2945.349 4.087
3001.785 4.148
3058.221 4.239
3114.669 4.330
3171.150 4.422
3227.631 4.515
3284.111 4.608
3340.592 4.703
3397.402 4.798
3454.788 4.894
3512.175 4.990
3569.561 5.102
3626.948 5.224
3684.076 5.347
3740.912 5.471
3797.748 5.595
3854.584 5.715
3911.420 5.834
3967.929 5.953
4024.199 6.074
4080.468 6.195
4136.738 6.122
4193.008 6.013
4181.169 5.902
4138.195 5.789
4095.221 5.674
4052.247 5.571
4009.273 5.468
3954.591 5.366
3896.875 5.263
3839.158 5.161
3781.441 5.059
3723.725 4.957
3667.184 4.855
3610.772 4.753
3554.359 4.654
3497.947 4.574
3441.522 4.493
3383.878 4.413
3326.235 4.332
3268.591 4.257
3210.948 4.198
3153.491 4.140
3097.433 4.081
3041.376 4.021
2985.319 3.962
2929.262 3.904
2873.110 3.845
2816.632 3.786
2760.154 3.727
2703.677 3.664
2647.199 3.595
2590.310 3.526
2532.598 3.457
2474.887 3.388
2417.175 3.303
2359.463 3.207
2302.475 3.112
2246.403 3.016
2190.332 2.921
2134.260 2.819
2078.189 2.713
2021.503 2.608
1964.313 2.503
1907.123 2.397
1849.933 2.337
1792.744 2.286
1735.890 2.236
1679.213 2.186
1622.535 2.135
1565.858 2.035
1509.180 1.930
1452.862 1.826
1396.654 1.722
1340.446 1.619
1284.238 1.537
1228.030 1.456
1170.744 1.375
1113.300 1.295
1055.856 1.222
998.413 1.194
940.969 1.167
950.913 1.139
962.205 1.112
973.497 1.110
984.789 1.184
1000.154 1.258
1057.601 1.332
1115.048 1.407
1172.495 1.497
1229.941 1.614
1287.247 1.731
1343.974 1.849
1400.700 1.966
1457.427 2.078
1514.154 2.182
1570.895 2.286
1627.669 2.391
1684.444 2.496
1741.218 2.610
1797.992 2.732
1855.128 2.853
1912.779 2.975
1970.431 3.098
2028.082 3.214
2085.734 3.328
2142.616 3.443
2198.788 3.558
2254.959 3.674
2311.131 3.769
2367.302 3.858
2423.617 3.949
2480.017 4.039
2536.417 4.131
2592.816 4.177
2649.216 4.218
2706.616 4.259
2764.375 4.301
2822.135 4.343
2879.894 4.438
2937.654 4.533
2994.046 4.629
3050.184 4.726
3106.322 4.817
3162.460 4.865
3218.599 4.913
3274.877 4.961
3331.163 5.009
3387.448 5.072
3443.734 5.184
3500.109 5.297
3557.918 5.410
3615.726 5.524
3673.535 5.641
3731.344 5.766
3788.871 5.892
3844.994 6.018
3901.116 6.144
3957.238 6.228
4013.360 6.256
4060.606 6.284
4084.393 6.313
4108.179 6.341
4131.966 6.293
4155.752 6.182
4148.087 6.071
4089.613 5.959
4031.140 5.847
3972.667 5.727
3914.193 5.604
3856.597 5.480
3799.913 5.356
3743.230 5.232
3686.546 5.127
3629.862 5.029
3572.935 4.930
3515.845 4.830
3458.755 4.731
3401.665 4.654
3344.575 4.581
3287.449 4.507
3230.309 4.433
3173.168 4.359
3116.027 4.305
3058.886 4.251
3002.547 4.198
2946.392 4.144
2890.236 4.089
2834.081 4.025
2777.925 3.960
2720.680 3.896
2663.343 3.831
2606.005 3.762
2548.668 3.678
2491.347 3.594
2434.578 3.510
2377.808 3.426
2321.039 3.330
2264.269 3.206
2207.611 3.082
2151.652 2.958
2095.693 2.834
2039.734 2.734
1983.775 2.669
1927.338 2.605
1869.428 2.540
1811.518 2.475
1753.608 2.406
1695.698 2.334
1638.320 2.262
1581.919 2.190
1525.517 2.119
1469.116 2.024
1412.714 1.917
1356.460 1.809
1300.377 1.701
1244.295 1.594
1188.212 1.516
1132.129 1.447
1078.011 1.379
1025.384 1.312
972.757 1.244
920.129 1.241
867.502 1.251
890.199 1.260
948.922 1.270
1007.644 1.280
1066.366 1.385
1125.089 1.495
1182.459 1.605
1239.457 1.716
1296.455 1.828
1353.453 1.957
1410.450 2.086
1467.468 2.216
1524.488 2.346
1581.509 2.471
1638.529 2.568
1695.549 2.665
