2.558 0.375
2.813 0.288
3.069 0.217
3.324 0.157
3.580 0.110
3.835 0.100
4.090 0.091
4.346 0.083
4.601 0.076
4.857 0.069
5.112 0.062
5.367 0.056
5.623 0.047
5.878 0.030
6.134 0.016
6.389 0.003
6.644 0.000
6.900 0.012
7.155 0.024
7.411 0.034
7.666 0.042
7.921 0.046
8.177 0.049
8.432 0.053
8.687 0.070
8.943 0.100
9.198 0.129
9.454 0.158
9.709 0.186
9.964 0.213
10.220 0.240
10.475 0.266
10.731 0.283
10.986 0.295
11.241 0.306
11.497 0.317
11.752 0.323
12.008 0.326
12.263 0.329
12.518 0.333
12.774 0.332
13.029 0.330
13.285 0.329
13.540 0.328
13.795 0.333
14.051 0.339
14.306 0.344
14.562 0.350
14.817 0.390
15.072 0.432
15.328 0.473
15.583 0.517
15.839 0.584
16.094 0.654
16.349 0.728
16.605 0.805
16.860 0.877
17.116 0.954
17.371 1.035
17.626 1.116
17.882 1.189
18.137 1.266
18.392 1.348
18.648 1.428
18.903 1.504
19.159 1.583
19.414 1.666
19.669 1.747
19.925 1.824
20.180 1.904
20.436 1.988
20.691 2.072
20.946 2.156
21.202 2.244
21.457 2.336
21.713 2.437
21.968 2.548
22.223 2.665
22.479 2.789
22.734 2.940
22.990 3.112
23.245 3.300
23.500 3.505
23.756 3.684
24.011 3.863
24.267 4.055
24.522 4.263
24.777 4.503
25.033 4.767
25.288 5.060
25.544 5.384
25.799 5.861
26.054 6.429
26.310 7.106
26.565 7.917
26.821 8.409
27.076 8.962
27.331 9.587
27.587 10.222
27.842 10.274
28.097 10.327
28.353 10.381
28.608 10.221
28.864 9.290
29.119 8.508
29.374 7.840
29.630 7.228
29.885 6.623
30.141 6.106
30.396 5.660
30.651 5.275
30.907 4.942
31.162 4.647
31.418 4.383
31.673 4.096
31.928 3.789
32.184 3.521
32.439 3.287
32.695 3.146
32.950 3.073
33.205 3.002
33.461 2.936
33.716 2.893
33.972 2.864
34.227 2.836
34.482 2.808
34.738 2.799
34.993 2.797
35.249 2.794
35.504 2.792
35.759 2.766
36.015 2.735
36.270 2.705
36.526 2.676
36.781 2.632
37.036 2.588
37.292 2.546
37.547 2.506
37.802 2.459
38.058 2.413
38.313 2.370
38.569 2.329
38.824 2.291
39.079 2.255
39.335 2.220
39.590 2.199
39.846 2.262
40.101 2.326
40.356 2.391
40.612 2.467
40.867 2.582
41.123 2.702
41.378 2.830
41.633 2.961
41.889 3.088
42.144 3.222
42.400 3.364
42.655 3.508
42.910 3.651
43.166 3.801
43.421 3.961
43.677 4.109
43.932 4.239
44.187 4.375
44.443 4.517
44.698 4.652
44.954 4.781
45.209 4.915
45.464 5.054
45.720 5.198
45.975 5.346
46.231 5.501
46.486 5.663
46.741 5.858
46.997 6.075
47.252 6.307
47.507 6.553
47.763 6.865
48.018 7.217
48.274 7.601
48.529 8.024
48.784 8.385
49.040 8.762
49.295 9.170
49.551 9.615
49.806 10.214
50.061 10.890
50.317 11.656
50.572 12.520
50.828 13.291
51.083 14.160
51.338 15.146
51.594 16.235
51.849 17.206
52.105 18.299
52.360 19.538
52.615 20.562
52.871 20.307
53.126 20.059
53.382 19.816
53.637 19.018
53.892 17.216
54.148 15.719
54.403 14.455
54.659 13.283
54.914 12.162
55.169 11.210
55.425 10.392
55.680 9.744
55.936 9.233
56.191 8.771
56.446 8.353
56.702 7.918
56.957 7.489
57.212 7.102
57.468 6.752
57.723 6.423
57.979 6.119
58.234 5.843
58.489 5.590
58.745 5.537
59.000 5.551
59.256 5.565
59.511 5.579
59.766 5.579
60.022 5.575
60.277 5.572
60.533 5.569
60.788 5.463
61.043 5.351
61.299 5.244
61.554 5.141
61.810 5.048
62.065 4.959
62.320 4.874
62.576 4.791
62.831 4.692
63.087 4.598
63.342 4.508
63.597 4.421
63.853 4.338
64.108 4.258
64.364 4.181
64.619 4.153
64.874 4.271
65.130 4.394
65.385 4.520
65.641 4.667
65.896 4.852
66.151 5.048
66.407 5.256
66.662 5.463
66.917 5.661
67.173 5.870
67.428 6.091
67.684 6.300
67.939 6.493
68.194 6.697
68.450 6.910
68.705 7.107
68.961 7.291
69.216 7.483
69.471 7.683
69.727 7.877
69.982 8.071
70.238 8.273
70.493 8.484
70.748 8.700
71.004 8.925
71.259 9.159
71.515 9.405
71.770 9.750
72.025 10.138
72.281 10.554
72.536 11.003
72.792 11.498
73.047 12.038
73.302 12.627
73.558 13.272
73.813 13.904
74.069 14.597
74.324 15.358
74.579 16.184
74.835 16.917
75.090 17.718
75.346 18.596
75.601 19.613
75.856 21.022
76.112 22.646
76.367 24.539
76.622 26.471
76.878 27.728
77.133 29.112
77.389 30.640
77.644 31.191
77.899 29.653
78.155 28.255
78.410 26.980
78.666 25.236
78.921 23.038
79.176 21.187
79.432 19.607
79.687 18.171
79.943 16.867
80.198 15.735
80.453 14.742
80.709 13.920
80.964 13.218
81.220 12.583
81.475 12.005
81.730 11.426
81.986 10.879
82.241 10.381
82.497 9.926
82.752 9.519
83.007 9.148
83.263 8.806
83.518 8.488
83.774 8.444
84.029 8.449
84.284 8.453
84.540 8.457
84.795 8.414
85.051 8.369
85.306 8.324
85.561 8.278
85.817 8.108
86.072 7.946
86.327 7.791
86.583 7.643
86.838 7.502
87.094 7.368
87.349 7.239
87.604 7.109
87.860 6.956
88.115 6.811
88.371 6.673
88.626 6.545
88.881 6.434
89.137 6.327
89.392 6.224
89.648 6.255
89.903 6.538
90.158 6.839
90.414 7.160
90.669 7.434
90.925 7.631
91.180 7.837
91.435 8.053
91.691 8.292
91.946 8.554
92.202 8.831
92.457 9.124
92.712 9.396
92.968 9.655
93.223 9.927
93.479 10.213
93.734 10.460
93.989 10.693
94.245 10.935
94.500 11.186
94.756 11.421
95.011 11.658
95.266 11.904
95.522 12.160
95.777 12.494
96.032 12.858
96.288 13.240
96.543 13.644
96.799 14.175
97.054 14.753
97.309 15.378
97.565 16.055
97.820 16.869
98.076 17.764
98.331 18.754
98.586 19.780
98.842 20.294
99.097 20.836
99.353 21.407
99.608 22.157
99.863 23.627
100.119 25.300
100.374 27.223
100.630 29.285
100.885 31.182
101.140 33.344
101.396 35.832
101.651 37.978
101.907 39.010
102.162 40.100
102.417 41.255
102.673 40.398
102.928 37.375
103.184 34.770
103.439 32.502
103.694 29.928
103.950 27.305
104.205 25.097
104.461 23.213
104.716 21.742
104.971 20.531
105.227 19.448
105.482 18.474
105.737 17.500
105.993 16.588
106.248 15.766
106.504 15.021
106.759 14.386
107.014 13.812
107.270 13.282
107.525 12.791
107.781 12.467
108.036 12.178
108.291 11.903
108.547 11.642
108.802 11.542
109.058 11.451
109.313 11.362
109.568 11.268
109.824 11.029
110.079 10.801
110.335 10.583
110.590 10.393
110.845 10.336
111.101 10.279
111.356 10.224
111.612 10.133
111.867 9.912
112.122 9.700
112.378 9.498
112.633 9.298
112.889 9.092
113.144 8.895
113.399 8.707
113.655 8.608
113.910 8.643
114.166 8.678
114.421 8.712
114.676 8.851
114.932 9.119
115.187 9.401
115.442 9.698
115.698 10.011
115.953 10.341
116.209 10.691
116.464 11.063
116.719 11.409
116.975 11.743
117.230 12.096
117.486 12.468
117.741 12.791
117.996 13.101
118.252 13.424
118.507 13.762
118.763 14.043
119.018 14.314
119.273 14.595
119.529 14.886
119.784 15.233
120.040 15.602
120.295 15.987
120.550 16.389
120.806 16.883
121.061 17.409
121.317 17.966
121.572 18.572
121.827 19.477
122.083 20.471
122.338 21.570
122.594 22.709
122.849 23.429
123.104 24.194
123.360 25.008
123.615 25.886
123.871 26.862
124.126 27.914
124.381 29.051
124.637 30.498
124.892 32.639
125.147 35.098
125.403 37.952
125.658 40.777
125.914 43.135
126.169 45.782
126.424 48.773
126.680 50.202
126.935 49.592
127.191 48.995
127.446 48.410
127.701 45.419
127.957 41.236
128.212 37.752
128.468 34.805
128.723 32.080
128.978 29.656
129.234 27.572
129.489 25.761
129.745 24.444
130.000 23.345
