2.558 164.539
2.813 182.419
3.069 202.280
3.324 227.516
3.580 252.752
3.835 277.987
4.090 305.716
4.346 337.998
4.601 370.280
4.857 402.562
5.112 438.671
5.367 479.684
5.623 520.698
5.878 561.711
6.134 605.144
6.389 650.786
6.644 696.428
6.900 742.070
7.155 788.789
7.411 836.206
7.666 883.622
7.921 931.038
8.177 979.877
8.432 1029.349
8.687 1078.822
8.943 1128.294
9.198 1175.044
9.454 1221.009
9.709 1266.974
9.964 1312.939
10.220 1346.696
10.475 1378.478
10.731 1410.261
10.986 1442.044
11.241 1480.207
11.497 1518.740
11.752 1557.272
12.008 1596.076
12.263 1643.706
12.518 1691.337
12.774 1738.967
13.029 1787.637
13.285 1844.363
13.540 1901.088
13.795 1957.813
14.051 2015.680
14.306 2078.145
14.562 2140.610
14.817 2203.076
15.072 2263.196
15.328 2317.382
15.583 2371.569
15.839 2425.755
16.094 2451.995
16.349 2430.189
16.605 2408.382
16.860 2386.576
17.116 2343.555
17.371 2274.840
17.626 2206.125
17.882 2137.411
18.137 2069.302
18.392 2001.716
18.648 1934.130
18.903 1866.545
19.159 1806.341
19.414 1750.639
19.669 1694.937
19.925 1639.234
20.180 1593.995
20.436 1553.117
20.691 1512.240
20.946 1471.363
21.202 1434.684
21.457 1399.118
21.713 1363.553
21.968 1327.988
22.223 1287.548
22.479 1246.409
22.734 1205.271
22.990 1164.132
23.245 1109.899
23.500 1055.108
23.756 1000.317
24.011 945.594
24.267 892.349
24.522 839.103
24.777 785.858
25.033 733.307
25.288 685.482
25.544 637.656
25.799 589.830
26.054 543.356
26.310 501.883
26.565 460.411
26.821 418.939
27.076 380.304
27.331 348.377
27.587 316.450
27.842 284.522
28.097 263.388
28.353 259.737
28.608 256.086
28.864 252.435
29.119 264.066
29.374 293.197
29.630 322.327
29.885 351.457
30.141 386.906
30.396 427.509
30.651 468.112
30.907 508.715
31.162 552.938
31.418 599.239
31.673 645.540
31.928 691.841
32.184 740.314
32.439 789.632
32.695 838.951
32.950 888.270
33.205 939.728
33.461 991.706
33.716 1043.685
33.972 1095.664
34.227 1145.136
34.482 1194.294
34.738 1243.453
34.993 1292.611
35.249 1327.342
35.504 1361.674
35.759 1396.007
36.015 1430.442
36.270 1466.559
36.526 1502.675
36.781 1538.792
37.036 1577.344
37.292 1630.597
37.547 1683.850
37.802 1737.103
38.058 1791.931
38.313 1852.132
38.569 1912.333
38.824 1972.534
39.079 2034.579
39.335 2100.705
39.590 2166.831
39.846 2232.957
40.101 2291.474
40.356 2338.367
40.612 2385.259
40.867 2432.151
41.123 2441.645
41.378 2410.639
41.633 2379.633
41.889 2348.627
42.144 2296.183
42.400 2227.206
42.655 2158.229
42.910 2089.252
43.166 2022.702
43.421 1957.463
43.677 1892.225
43.932 1826.987
44.187 1769.576
44.443 1715.008
44.698 1660.440
44.954 1605.873
45.209 1563.580
45.464 1524.018
45.720 1484.455
45.975 1444.893
46.231 1409.757
46.486 1375.100
46.741 1340.443
46.997 1305.786
47.252 1261.580
47.507 1217.249
47.763 1172.918
48.018 1127.846
48.274 1073.143
48.529 1018.440
48.784 963.737
49.040 909.444
49.295 857.368
49.551 805.292
49.806 753.215
50.061 701.793
50.317 652.434
50.572 603.075
50.828 553.716
51.083 507.486
51.338 467.752
51.594 428.018
51.849 388.284
52.105 352.525
52.360 322.497
52.615 292.468
52.871 262.440
53.126 249.207
53.382 253.177
53.637 257.147
53.892 261.116
54.148 282.626
54.403 316.915
54.659 351.204
54.914 385.493
55.169 424.892
55.425 466.887
55.680 508.883
55.936 550.878
56.191 596.693
56.446 643.798
56.702 690.903
56.957 738.007
57.212 787.882
57.468 838.315
57.723 888.748
57.979 939.182
58.234 991.182
58.489 1043.325
58.745 1095.469
59.000 1147.606
59.256 1192.969
59.511 1238.333
59.766 1283.697
60.022 1328.043
60.277 1361.502
60.533 1394.961
60.788 1428.420
61.043 1463.140
61.299 1504.017
61.554 1544.893
61.810 1585.770
62.065 1630.270
62.320 1685.385
62.576 1740.501
62.831 1795.617
63.087 1853.372
63.342 1916.277
63.597 1979.181
63.853 2042.085
64.108 2106.850
64.364 2174.149
64.619 2241.448
64.874 2308.746
65.130 2356.310
65.385 2384.755
65.641 2413.200
65.896 2441.646
66.151 2424.406
66.407 2375.737
66.662 2327.067
66.917 2278.398
67.173 2215.336
67.428 2145.404
67.684 2075.473
67.939 2005.541
68.194 1939.992
68.450 1875.815
68.705 1811.639
68.961 1747.462
69.216 1695.767
69.471 1646.345
69.727 1596.923
69.982 1547.502
70.238 1510.217
70.493 1473.840
70.748 1437.463
71.004 1401.100
71.259 1365.620
71.515 1330.140
71.770 1294.660
72.025 1257.899
72.281 1209.527
72.536 1161.155
72.792 1112.782
73.047 1062.967
73.302 1006.744
73.558 950.520
73.813 894.297
74.069 839.438
74.324 788.296
74.579 737.154
74.835 686.012
75.090 636.583
75.346 590.296
75.601 544.008
75.856 497.721
76.112 455.107
76.367 417.216
76.622 379.326
76.878 341.436
77.133 312.801
77.389 292.647
77.644 272.493
77.899 252.339
78.155 252.804
78.410 266.656
78.666 280.507
78.921 294.359
79.176 324.573
79.432 362.109
79.687 399.644
79.943 437.180
80.198 479.668
80.453 523.590
80.709 567.513
80.964 611.435
81.220 659.134
81.475 707.450
81.730 755.765
81.986 804.080
82.241 855.797
82.497 907.714
82.752 959.632
83.007 1011.537
83.263 1063.026
83.518 1114.515
83.774 1166.004
84.029 1216.217
84.284 1256.445
84.540 1296.672
84.795 1336.900
85.051 1375.538
85.306 1407.730
85.561 1439.921
85.817 1472.113
86.072 1509.066
86.327 1558.127
86.583 1607.187
86.838 1656.247
87.094 1708.052
87.349 1764.594
87.604 1821.136
87.860 1877.678
88.115 1938.416
88.371 2004.255
88.626 2070.095
88.881 2135.934
89.137 2202.929
89.392 2270.924
89.648 2338.920
89.903 2406.915
90.158 2431.660
90.414 2429.927
90.669 2428.194
90.925 2426.461
91.180 2379.674
91.435 2314.012
91.691 2248.350
91.946 2182.688
92.202 2114.965
92.457 2046.692
92.712 1978.418
92.968 1910.145
93.223 1848.356
93.479 1787.504
93.734 1726.651
93.989 1665.799
94.245 1621.219
94.500 1577.349
94.756 1533.478
95.011 1489.979
95.266 1454.818
95.522 1419.656
95.777 1384.494
96.032 1349.062
96.288 1311.776
96.543 1274.490
96.799 1237.203
97.054 1196.463
97.309 1142.865
97.565 1089.267
97.820 1035.668
98.076 981.751
98.331 927.077
98.586 872.402
98.842 817.727
99.097 764.772
99.353 714.615
99.608 664.457
99.863 614.299
100.119 567.096
100.374 523.288
100.630 479.480
100.885 435.673
101.140 397.043
101.396 362.655
101.651 328.268
101.907 293.880
102.162 275.907
102.417 267.403
102.673 258.900
102.928 250.396
103.184 267.034
103.439 293.513
103.694 319.993
103.950 346.473
104.205 384.158
104.461 424.590
104.716 465.021
104.971 505.453
105.227 551.020
105.482 597.237
105.737 643.454
105.993 689.671
106.248 739.612
106.504 789.660
106.759 839.707
107.014 889.891
107.270 942.360
107.525 994.828
107.781 1047.297
108.036 1099.261
108.291 1148.153
108.547 1197.045
108.802 1245.937
109.058 1291.751
109.313 1327.005
109.568 1362.259
109.824 1397.513
110.079 1433.115
110.335 1469.495
110.590 1505.874
110.845 1542.253
111.101 1585.403
111.356 1638.940
111.612 1692.477
111.867 1746.014
112.122 1803.416
112.378 1865.021
112.633 1926.626
112.889 1988.232
113.144 2052.953
113.399 2120.088
113.655 2187.223
113.910 2254.358
114.166 2307.236
114.421 2352.372
114.676 2397.507
114.932 2442.643
115.187 2429.636
115.442 2395.406
115.698 2361.176
115.953 2326.947
116.209 2263.597
116.464 2193.729
116.719 2123.861
116.975 2053.993
117.230 1986.925
117.486 1920.163
117.741 1853.401
117.996 1786.639
118.252 1733.175
118.507 1679.899
118.763 1626.622
119.018 1574.453
119.273 1536.860
119.529 1499.267
119.784 1461.674
120.040 1424.391
120.295 1388.794
120.550 1353.197
120.806 1317.600
121.061 1279.903
121.317 1235.538
121.572 1191.173
121.827 1146.809
122.083 1099.124
122.338 1044.513
122.594 989.902
122.849 935.292
123.104 880.980
123.360 827.102
123.615 773.224
123.871 719.346
124.126 668.529
124.381 620.859
124.637 573.189
124.892 525.519
125.147 482.569
125.403 443.070
125.658 403.572
125.914 364.074
126.169 332.066
126.424 303.882
126.680 275.697
126.935 247.513
127.191 247.946
127.446 258.096
127.701 268.246
127.957 278.396
128.212 310.724
128.468 347.562
128.723 384.400
128.978 421.238
129.234 464.313
129.489 507.963
129.745 551.614
130.000 595.264
