514.531 0.375
585.921 0.288
657.504 0.217
729.615 0.157
801.726 0.110
873.837 0.100
945.238 0.091
1015.341 0.083
1085.444 0.076
1155.547 0.069
1225.921 0.062
1296.643 0.056
1367.364 0.047
1438.085 0.030
1509.555 0.016
1581.708 0.003
1653.860 0.000
1726.013 0.012
1796.941 0.024
1867.078 0.034
1937.215 0.042
2007.352 0.046
2077.617 0.049
2147.940 0.053
2218.263 0.070
2288.586 0.100
2360.394 0.129
2432.630 0.158
2504.866 0.186
2577.102 0.213
2647.406 0.240
2717.398 0.266
2787.390 0.283
2857.383 0.295
2927.815 0.306
2998.273 0.317
3068.731 0.323
3139.242 0.326
3211.481 0.329
3283.721 0.333
3355.961 0.332
3427.938 0.330
3497.883 0.329
3567.827 0.328
3637.772 0.333
3707.790 0.339
3778.105 0.344
3848.420 0.350
3918.736 0.390
3983.770 0.432
4035.441 0.473
4087.113 0.517
4138.784 0.584
4144.100 0.654
4069.721 0.728
3995.343 0.805
3920.964 0.877
3848.296 0.954
3777.699 1.035
3707.103 1.116
3636.506 1.189
3565.075 1.266
3492.925 1.348
3420.774 1.428
3348.624 1.504
3277.548 1.583
3207.128 1.666
3136.708 1.747
3066.287 1.824
2995.757 1.904
2925.180 1.988
2854.603 2.072
2784.026 2.156
2712.471 2.244
2640.655 2.336
2568.839 2.437
2497.024 2.548
2426.210 2.665
2355.540 2.789
2284.870 2.940
2214.200 3.112
2143.181 3.300
2072.146 3.505
2001.111 3.684
1930.066 3.863
1858.777 4.055
1787.489 4.263
1716.200 4.503
1644.967 4.767
1574.109 5.060
1503.251 5.384
1432.392 5.861
1361.527 6.429
1290.637 7.106
1219.747 7.917
1148.857 8.409
1078.176 8.962
1007.988 9.587
937.799 10.222
867.611 10.274
838.230 10.327
874.956 10.381
911.683 10.221
948.409 9.290
1001.130 8.508
1072.167 7.840
1143.203 7.228
1214.240 6.623
1285.133 6.106
1355.908 5.660
1426.683 5.275
1497.458 4.942
1568.693 4.647
1640.194 4.383
1711.694 4.096
1783.195 3.789
1854.108 3.521
1924.791 3.287
1995.475 3.146
2066.159 3.073
2136.497 3.002
2206.751 2.936
2277.004 2.893
2347.258 2.864
2418.701 2.836
2490.292 2.808
2561.884 2.799
2633.476 2.797
2704.658 2.794
2775.830 2.792
2847.001 2.766
2918.134 2.735
2988.631 2.705
3059.129 2.676
3129.626 2.632
3200.273 2.588
3271.821 2.546
3343.369 2.506
3414.917 2.459
3486.341 2.413
3557.342 2.370
3628.343 2.329
3699.344 2.291
3770.162 2.255
3840.572 2.220
3910.982 2.199
3981.392 2.262
4037.968 2.326
4073.406 2.391
4108.844 2.467
4144.282 2.582
4126.756 2.702
4051.874 2.830
3976.992 2.961
3902.110 3.088
3829.123 3.222
3757.597 3.364
3686.070 3.508
3614.544 3.651
3543.973 3.801
3473.917 3.961
3403.862 4.109
3333.806 4.239
3262.739 4.375
3191.304 4.517
3119.869 4.652
3048.433 4.781
2977.086 4.915
2905.758 5.054
2834.430 5.198
2763.102 5.346
2692.964 5.501
2622.954 5.663
2552.944 5.858
2482.934 6.075
2410.909 6.307
2338.857 6.553
2266.806 6.865
2194.839 7.217
2123.973 7.601
2053.107 8.024
1982.241 8.385
1911.518 8.762
1841.571 9.170
1771.625 9.615
1701.678 10.214
1631.106 10.890
1558.557 11.656
1486.008 12.520
1413.459 13.291
1341.697 14.160
1271.568 15.146
1201.439 16.235
1131.310 17.206
1061.123 18.299
990.851 19.538
920.580 20.562
850.308 20.307
844.673 20.059
905.240 19.816
965.807 19.018
1026.374 17.216
1093.194 15.719
1164.570 14.455
1235.945 13.283
1307.321 12.162
1378.030 11.210
1448.401 10.392
1518.771 9.744
1589.142 9.233
1660.572 8.771
1732.360 8.353
1804.148 7.918
1875.936 7.489
1946.686 7.102
2017.227 6.752
2087.769 6.423
2158.310 6.119
2228.836 5.843
2299.361 5.590
2369.887 5.537
2440.413 5.551
2511.882 5.565
2583.350 5.579
2654.819 5.579
2726.247 5.575
2797.242 5.572
2868.237 5.569
2939.233 5.463
3010.162 5.351
3080.773 5.244
3151.383 5.141
3221.994 5.048
3292.862 4.959
3364.485 4.874
3436.109 4.791
3507.732 4.692
3579.177 4.598
3650.275 4.508
3721.373 4.421
3792.472 4.338
3863.195 4.258
3933.409 4.181
4003.623 4.153
4073.837 4.271
4105.291 4.394
4099.194 4.520
4093.097 4.667
4087.000 4.852
4042.144 5.048
3970.624 5.256
3899.104 5.463
3827.584 5.661
3755.665 5.870
3683.556 6.091
3611.447 6.300
3539.338 6.493
3468.314 6.697
3397.630 6.910
3326.946 7.107
3256.263 7.291
3186.102 7.483
3116.036 7.683
3045.971 7.877
2975.906 8.071
2904.055 8.273
2832.071 8.484
2760.087 8.700
2688.123 8.925
2617.531 9.159
2546.938 9.405
2476.345 9.750
2405.788 10.138
2335.548 10.554
2265.308 11.003
2195.068 11.498
2124.468 12.038
2052.268 12.627
1980.068 13.272
1907.868 13.904
1836.168 14.597
1765.831 15.358
1695.494 16.184
1625.157 16.917
1554.485 17.718
1483.198 18.596
1411.912 19.613
1340.625 21.022
1269.482 22.646
1198.523 24.539
1127.563 26.471
1056.604 27.728
1001.501 29.112
960.925 30.640
920.349 31.191
879.774 29.653
909.381 28.255
984.552 26.980
1059.723 25.236
1134.895 23.038
1206.934 21.187
1277.573 19.607
1348.211 18.171
1418.849 16.867
1489.120 15.735
1559.285 14.742
1629.449 13.920
1699.614 13.218
1771.358 12.583
1843.360 12.005
1915.362 11.426
1987.364 10.879
2057.917 10.381
2128.385 9.926
2198.852 9.519
2269.315 9.148
2339.611 8.806
2409.906 8.488
2480.201 8.444
2550.682 8.449
2622.613 8.453
2694.543 8.457
2766.474 8.414
2838.124 8.369
2908.637 8.324
2979.151 8.278
3049.664 8.108
3120.193 7.946
3190.762 7.791
3261.331 7.643
3331.900 7.502
3402.884 7.368
3474.584 7.239
3546.285 7.109
3617.986 6.956
3689.376 6.811
3760.389 6.673
3831.402 6.545
3902.414 6.434
3973.048 6.327
4043.353 6.224
4113.659 6.255
4183.964 6.538
4177.357 6.839
4123.664 7.160
4069.971 7.434
4016.277 7.631
3949.603 7.837
3877.490 8.053
3805.377 8.292
3733.264 8.554
3662.437 8.831
3591.953 9.124
3521.470 9.396
3450.986 9.655
3379.158 9.927
3307.137 10.213
3235.115 10.460
3163.093 10.693
3092.971 10.935
3022.931 11.186
2952.891 11.421
2882.829 11.658
2812.264 11.904
2741.700 12.160
2671.135 12.494
2600.374 12.858
2528.267 13.240
2456.160 13.644
2384.053 14.175
2312.380 14.753
2242.322 15.378
2172.265 16.055
2102.207 16.869
2031.736 17.764
1960.281 18.754
1888.826 19.780
1817.371 20.294
1746.160 20.836
1675.345 21.407
1604.531 22.157
1533.716 23.627
1463.174 25.300
1392.946 27.223
1322.718 29.285
1252.490 31.182
1181.414 33.344
1109.642 35.832
1037.870 37.978
966.098 39.010
948.790 40.100
962.899 41.255
977.007 40.398
991.116 37.375
1046.669 34.770
1118.445 32.502
1190.221 29.928
1261.997 27.305
1333.050 25.097
1403.926 23.213
1474.802 21.742
1545.678 20.531
1616.607 19.448
1687.543 18.474
1758.478 17.500
1829.414 16.588
1901.415 15.766
1973.447 15.021
2045.478 14.386
2117.405 13.812
2187.588 13.282
2257.770 12.791
2327.952 12.467
2398.175 12.178
2468.643 11.903
2539.111 11.642
2609.578 11.542
2680.429 11.451
2752.596 11.362
2824.762 11.268
2896.929 11.029
2968.467 10.801
3038.608 10.583
3108.748 10.393
3178.889 10.336
3249.103 10.279
3319.428 10.224
3389.753 10.133
3460.078 9.912
3531.315 9.700
3603.542 9.498
3675.770 9.298
3747.998 9.092
3819.039 8.895
3889.160 8.707
3959.280 8.608
4029.401 8.643
4073.338 8.678
4103.058 8.712
4132.777 8.851
4162.497 9.119
4116.921 9.401
4043.863 9.698
3970.805 10.011
3897.746 10.341
3826.515 10.691
3755.692 11.063
3684.870 11.409
3614.047 11.743
3542.767 12.096
3471.437 12.468
3400.107 12.791
3328.777 13.101
3257.384 13.424
3185.991 13.762
3114.598 14.043
3043.291 14.314
2973.128 14.595
2902.966 14.886
2832.803 15.233
2762.412 15.602
2690.773 15.987
2619.133 16.389
2547.494 16.883
2476.025 17.409
2405.095 17.966
2334.166 18.572
2263.236 19.477
2192.635 20.471
2122.718 21.570
2052.801 22.709
1982.885 23.429
1911.972 24.194
1839.617 25.008
1767.262 25.886
1694.907 26.862
1623.482 27.914
1553.012 29.051
1482.543 30.498
1412.073 32.639
1341.833 35.098
1271.762 37.952
1201.690 40.777
1131.619 43.135
1064.406 45.782
998.651 48.773
932.897 50.202
867.143 49.592
905.247 48.995
978.617 48.410
1051.986 45.419
1125.356 41.236
1196.935 37.752
1268.150 34.805
1339.365 32.080
1410.580 29.656
1481.821 27.572
1553.063 25.761
1624.306 24.444
1695.549 23.345
