2.560 1.568
2.815 1.629
3.071 1.689
3.326 1.749
3.582 1.812
3.837 1.904
4.092 1.995
4.348 2.087
4.603 2.180
4.859 2.281
5.114 2.381
5.369 2.482
5.625 2.597
5.880 2.753
6.135 2.909
6.391 3.065
6.646 3.225
6.902 3.394
7.157 3.562
7.412 3.730
7.668 3.882
7.923 4.012
8.179 4.142
8.434 4.273
8.689 4.419
8.945 4.580
9.200 4.741
9.456 4.902
9.711 5.060
9.966 5.217
10.222 5.374
10.477 5.532
10.733 5.694
10.988 5.859
11.243 6.023
11.499 6.188
11.754 6.362
12.009 6.538
12.265 6.714
12.520 6.891
12.776 7.109
13.031 7.335
13.286 7.561
13.542 7.788
13.797 8.032
14.053 8.277
14.308 8.522
14.563 8.767
14.819 8.989
15.074 9.211
15.330 9.434
15.585 9.648
15.840 9.798
16.096 9.947
16.351 10.096
16.606 10.240
16.862 10.359
17.117 10.478
17.373 10.596
17.628 10.708
17.883 10.800
18.139 10.892
18.394 10.984
18.650 11.070
18.905 11.147
19.160 11.223
19.416 11.300
19.671 11.372
19.927 11.437
20.182 11.502
20.437 11.567
20.693 11.628
20.948 11.686
21.204 11.743
21.459 11.801
21.714 11.846
21.970 11.885
22.225 11.923
22.480 11.961
22.736 11.984
22.991 11.999
23.247 12.014
23.502 12.030
23.757 12.039
24.013 12.047
24.268 12.054
24.524 12.062
24.779 12.050
25.034 12.034
25.290 12.019
25.545 12.004
25.801 11.945
26.056 11.883
26.311 11.822
26.567 11.762
26.822 11.727
27.078 11.693
27.333 11.658
27.588 11.626
27.844 11.611
28.099 11.595
28.354 11.580
28.610 11.576
28.865 11.618
29.121 11.661
29.376 11.703
29.631 11.753
29.887 11.822
30.142 11.891
30.398 11.960
30.653 12.033
30.908 12.113
31.164 12.194
31.419 12.274
31.675 12.376
31.930 12.502
32.185 12.629
32.441 12.755
32.696 12.871
32.952 12.978
33.207 13.086
33.462 13.193
33.718 13.312
33.973 13.439
34.228 13.565
34.484 13.692
34.739 13.815
34.995 13.938
35.250 14.061
35.505 14.183
35.761 14.318
36.016 14.456
36.272 14.594
36.527 14.732
36.782 14.883
37.038 15.036
37.293 15.190
37.549 15.343
37.804 15.515
38.059 15.687
38.315 15.860
38.570 16.033
38.825 16.225
39.081 16.416
39.336 16.608
39.592 16.795
39.847 16.956
40.102 17.117
40.358 17.278
40.613 17.427
40.869 17.535
41.124 17.642
41.379 17.749
41.635 17.848
41.890 17.929
42.146 18.009
42.401 18.090
42.656 18.163
42.912 18.224
43.167 18.286
43.423 18.347
43.678 18.405
43.933 18.458
44.189 18.512
44.444 18.566
44.699 18.615
44.955 18.661
45.210 18.707
45.466 18.753
45.721 18.792
45.976 18.826
46.232 18.860
46.487 18.895
46.743 18.916
46.998 18.931
47.253 18.946
47.509 18.962
47.764 18.965
48.020 18.965
48.275 18.965
48.530 18.965
48.786 18.954
49.041 18.943
49.297 18.931
49.552 18.920
49.807 18.882
50.063 18.844
50.318 18.806
50.573 18.767
50.829 18.721
51.084 18.675
51.340 18.629
51.595 18.582
51.850 18.532
52.106 18.483
52.361 18.433
52.617 18.392
52.872 18.380
53.127 18.369
53.383 18.357
53.638 18.364
53.894 18.410
54.149 18.456
54.404 18.502
54.660 18.554
54.915 18.615
55.171 18.676
55.426 18.738
55.681 18.807
55.937 18.883
56.192 18.960
56.447 19.036
56.703 19.122
56.958 19.214
57.214 19.306
57.469 19.398
57.724 19.520
57.980 19.657
58.235 19.795
58.491 19.933
58.746 20.035
59.001 20.123
59.257 20.211
59.512 20.299
59.768 20.400
60.023 20.503
60.278 20.607
60.534 20.710
60.789 20.827
61.044 20.946
61.300 21.065
61.555 21.184
61.811 21.322
62.066 21.460
62.321 21.597
62.577 21.737
62.832 21.894
63.088 22.051
63.343 22.208
63.598 22.367
63.854 22.536
64.109 22.704
64.365 22.873
64.620 23.032
64.875 23.162
65.131 23.293
65.386 23.423
65.642 23.538
65.897 23.623
66.152 23.707
66.408 23.791
66.663 23.868
66.918 23.933
67.174 23.998
67.429 24.063
67.685 24.119
67.940 24.165
68.195 24.211
68.451 24.257
68.706 24.298
68.962 24.336
69.217 24.375
69.472 24.413
69.728 24.449
69.983 24.483
70.239 24.518
70.494 24.552
70.749 24.578
71.005 24.601
71.260 24.624
71.516 24.647
71.771 24.657
72.026 24.665
72.282 24.673
72.537 24.680
72.792 24.670
73.048 24.659
73.303 24.647
73.559 24.636
73.814 24.617
74.069 24.598
74.325 24.578
74.580 24.558
74.836 24.528
75.091 24.497
75.346 24.466
75.602 24.431
75.857 24.374
76.113 24.316
76.368 24.259
76.623 24.206
76.879 24.168
77.134 24.129
77.389 24.091
77.645 24.066
77.900 24.066
78.156 24.066
78.411 24.066
78.666 24.087
78.922 24.137
79.177 24.187
79.433 24.236
79.688 24.290
79.943 24.348
80.199 24.405
80.454 24.463
80.710 24.525
80.965 24.590
81.220 24.655
81.476 24.720
81.731 24.803
81.987 24.895
82.242 24.987
82.497 25.079
82.753 25.195
83.008 25.317
83.263 25.440
83.519 25.562
83.774 25.646
84.030 25.723
84.285 25.799
84.540 25.876
84.796 25.974
85.051 26.074
85.307 26.173
85.562 26.273
85.817 26.388
86.073 26.503
86.328 26.618
86.584 26.734
86.839 26.856
87.094 26.979
87.350 27.102
87.605 27.228
87.861 27.374
88.116 27.520
88.371 27.665
88.627 27.813
88.882 27.966
89.137 28.119
89.393 28.273
89.648 28.452
89.904 28.681
90.159 28.909
90.414 29.137
90.670 29.266
90.925 29.266
91.181 29.266
91.436 29.266
91.691 29.285
91.947 29.324
92.202 29.362
92.458 29.400
92.713 29.438
92.968 29.476
93.224 29.514
93.479 29.552
93.735 29.591
93.990 29.629
94.245 29.667
94.501 29.705
94.756 29.713
95.011 29.713
95.267 29.713
95.522 29.713
95.778 29.746
96.033 29.784
96.288 29.823
96.544 29.861
96.799 29.863
97.055 29.863
97.310 29.863
97.565 29.863
97.821 29.863
98.076 29.863
98.332 29.863
98.587 29.858
98.842 29.820
99.098 29.782
99.353 29.744
99.608 29.706
99.864 29.668
100.119 29.630
100.375 29.592
100.630 29.543
100.885 29.466
101.141 29.390
101.396 29.314
101.652 29.252
101.907 29.213
102.162 29.175
102.418 29.137
102.673 29.133
102.929 29.172
103.184 29.210
103.439 29.248
103.695 29.286
103.950 29.324
104.206 29.362
104.461 29.400
104.716 29.462
104.972 29.538
105.227 29.615
105.482 29.691
105.738 29.767
105.993 29.843
106.249 29.920
106.504 29.996
106.759 30.072
107.015 30.149
107.270 30.225
107.526 30.301
107.781 30.411
108.036 30.525
108.292 30.639
108.547 30.754
108.803 30.832
109.058 30.908
109.313 30.984
109.569 31.062
109.824 31.177
110.080 31.291
110.335 31.405
110.590 31.520
110.846 31.634
111.101 31.749
111.356 31.863
111.612 31.977
111.867 32.092
112.123 32.206
112.378 32.321
112.633 32.435
112.889 32.549
113.144 32.664
113.400 32.778
113.655 32.907
113.910 33.060
114.166 33.212
114.421 33.365
114.677 33.482
114.932 33.558
115.187 33.634
115.443 33.711
115.698 33.766
115.954 33.804
116.209 33.842
116.464 33.880
116.720 33.918
116.975 33.957
117.230 33.995
117.486 34.033
117.741 34.071
117.997 34.109
118.252 34.147
118.507 34.185
118.763 34.223
119.018 34.262
119.274 34.300
119.529 34.338
119.784 34.376
120.040 34.414
120.295 34.452
120.551 34.490
120.806 34.492
121.061 34.492
121.317 34.492
121.572 34.489
121.827 34.451
122.083 34.413
122.338 34.375
122.594 34.342
122.849 34.342
123.104 34.342
123.360 34.342
123.615 34.334
123.871 34.296
124.126 34.257
124.381 34.219
124.637 34.181
124.892 34.143
125.148 34.105
125.403 34.067
125.658 34.029
125.914 33.990
126.169 33.952
126.425 33.914
126.680 33.876
126.935 33.838
127.191 33.800
127.446 33.762
127.701 33.766
127.957 33.805
128.212 33.843
128.468 33.881
128.723 33.944
128.978 34.020
129.234 34.096
129.489 34.172
129.745 34.221
130.000 34.259
