824.212 0.057
853.607 0.056
883.001 0.056
912.396 0.057
941.790 0.061
974.146 0.066
1031.001 0.070
1087.857 0.074
1144.712 0.079
1201.567 0.085
1258.377 0.090
1315.023 0.095
1371.668 0.101
1428.314 0.106
1484.960 0.111
1541.794 0.117
1599.020 0.122
1656.246 0.128
1713.473 0.134
1770.699 0.143
1827.644 0.151
1884.217 0.159
1940.789 0.167
1997.362 0.172
2053.935 0.175
2110.322 0.179
2166.551 0.183
2222.779 0.186
2279.008 0.189
2335.236 0.192
2392.158 0.194
2449.457 0.197
2506.756 0.199
2564.056 0.201
2621.355 0.203
2678.401 0.204
2735.364 0.206
2792.327 0.207
2849.290 0.210
2906.253 0.213
2962.751 0.216
3019.174 0.219
3075.598 0.223
3132.022 0.227
3188.445 0.231
3245.685 0.235
3302.950 0.239
3360.214 0.243
3417.479 0.248
3474.709 0.253
3531.535 0.258
3588.362 0.263
3645.189 0.268
3702.015 0.273
3758.754 0.278
3815.108 0.283
3871.461 0.288
3927.815 0.289
3984.169 0.287
4032.291 0.285
4060.654 0.283
4089.017 0.280
4117.381 0.276
4145.744 0.270
4138.616 0.264
4078.683 0.259
4018.750 0.253
3958.817 0.247
3898.884 0.242
3840.321 0.237
3783.074 0.231
3725.827 0.226
3668.580 0.221
3611.333 0.216
3554.813 0.211
3498.743 0.207
3442.673 0.202
3386.603 0.198
3330.533 0.195
3273.662 0.191
3216.488 0.188
3159.314 0.184
3102.140 0.181
3044.966 0.178
2987.863 0.175
2930.775 0.172
2873.687 0.170
2816.598 0.167
2759.510 0.164
2703.414 0.161
2647.381 0.158
2591.348 0.155
2535.314 0.151
2479.201 0.148
2421.533 0.144
2363.866 0.140
2306.198 0.136
2248.531 0.132
2191.012 0.127
2134.294 0.123
2077.575 0.118
2020.856 0.114
1964.137 0.111
1907.613 0.107
1851.631 0.104
1795.648 0.100
1739.665 0.096
1683.683 0.092
1626.924 0.087
1568.858 0.083
1510.793 0.079
1452.727 0.075
1394.662 0.071
1337.527 0.068
1281.398 0.064
1225.269 0.061
1169.141 0.058
1113.012 0.055
1056.816 0.053
1000.574 0.050
944.331 0.047
888.088 0.047
831.845 0.048
848.495 0.048
896.970 0.049
945.446 0.049
993.922 0.053
1042.398 0.057
1097.828 0.061
1154.954 0.065
1212.081 0.070
1269.207 0.075
1326.334 0.080
1382.727 0.085
1439.049 0.090
1495.371 0.095
1551.693 0.099
1608.038 0.103
1665.494 0.108
1722.951 0.112
1780.407 0.116
1837.863 0.122
1895.193 0.127
1951.651 0.132
2008.110 0.137
2064.568 0.143
2121.027 0.149
2177.483 0.155
2233.929 0.160
2290.374 0.166
2346.820 0.169
2403.266 0.170
2459.971 0.170
2517.172 0.170
2574.373 0.170
2631.574 0.171
2688.775 0.172
2745.805 0.173
2802.627 0.173
2859.449 0.174
2916.271 0.177
2973.093 0.180
3029.743 0.183
3086.257 0.187
3142.771 0.190
3199.285 0.193
3255.799 0.197
3312.854 0.200
3370.178 0.204
3427.503 0.207
3484.828 0.211
3542.153 0.215
3599.152 0.219
3656.056 0.223
3712.961 0.227
3769.865 0.232
3826.769 0.236
3883.049 0.240
3939.246 0.244
3995.443 0.248
4051.640 0.244
4107.837 0.241
4103.556 0.237
4098.676 0.234
4093.796 0.230
4088.916 0.225
4078.903 0.220
4021.661 0.215
3964.418 0.210
3907.176 0.205
3849.934 0.200
3792.595 0.196
3734.881 0.191
3677.168 0.187
3619.454 0.183
3561.741 0.180
3504.385 0.176
3447.812 0.173
3391.240 0.169
3334.667 0.166
3278.094 0.163
3221.730 0.161
3165.652 0.158
3109.574 0.155
3053.496 0.153
2997.419 0.150
2940.528 0.148
2882.914 0.145
2825.301 0.143
2767.687 0.140
2710.074 0.138
2653.170 0.135
2596.670 0.133
2540.170 0.131
2483.671 0.127
2427.171 0.124
2370.881 0.120
2314.664 0.117
2258.446 0.113
2202.229 0.110
2146.011 0.106
2088.456 0.102
2030.669 0.099
1972.883 0.095
1915.097 0.092
1857.310 0.088
1800.957 0.085
1744.661 0.082
1688.366 0.079
1632.071 0.076
1575.724 0.073
1518.669 0.071
1461.614 0.068
1404.558 0.065
1347.503 0.062
1290.495 0.058
1233.701 0.055
1176.908 0.051
1120.115 0.048
1063.321 0.047
1013.442 0.045
980.967 0.043
948.491 0.041
916.016 0.042
883.541 0.043
887.395 0.045
947.559 0.047
1007.724 0.048
1067.888 0.051
1128.052 0.055
1186.403 0.059
1242.939 0.063
1299.475 0.066
1356.012 0.071
1412.548 0.075
1468.854 0.079
1525.011 0.083
1581.168 0.088
1637.325 0.091
1693.483 0.095
1750.692 0.099
1808.320 0.103
1865.948 0.107
1923.575 0.111
1981.203 0.115
2037.820 0.120
2094.220 0.124
2150.620 0.129
2207.019 0.133
2263.419 0.137
2319.691 0.142
2375.952 0.146
2432.214 0.150
2488.476 0.150
2544.789 0.150
2602.360 0.151
2659.931 0.151
2717.501 0.152
2775.072 0.153
2832.476 0.154
2888.912 0.155
2945.349 0.156
3001.785 0.158
3058.221 0.161
3114.669 0.163
3171.150 0.166
3227.631 0.169
3284.111 0.172
3340.592 0.175
3397.402 0.178
3454.788 0.181
3512.175 0.184
3569.561 0.187
3626.948 0.191
3684.076 0.194
3740.912 0.198
3797.748 0.202
3854.584 0.205
3911.420 0.208
3967.929 0.212
4024.199 0.215
4080.468 0.219
4136.738 0.215
4193.008 0.209
4181.169 0.204
4138.195 0.199
4095.221 0.194
4052.247 0.190
4009.273 0.187
3954.591 0.183
3896.875 0.180
3839.158 0.176
3781.441 0.173
3723.725 0.169
3667.184 0.165
3610.772 0.162
3554.359 0.158
3497.947 0.155
3441.522 0.152
3383.878 0.150
3326.235 0.147
3268.591 0.144
3210.948 0.142
3153.491 0.140
3097.433 0.138
3041.376 0.135
2985.319 0.133
2929.262 0.131
2873.110 0.129
2816.632 0.127
2760.154 0.125
2703.677 0.123
2647.199 0.121
2590.310 0.118
2532.598 0.116
2474.887 0.113
2417.175 0.111
2359.463 0.107
2302.475 0.104
2246.403 0.101
2190.332 0.098
2134.260 0.094
2078.189 0.091
2021.503 0.087
1964.313 0.084
1907.123 0.080
1849.933 0.078
1792.744 0.077
1735.890 0.075
1679.213 0.073
1622.535 0.072
1565.858 0.069
1509.180 0.065
1452.862 0.062
1396.654 0.058
1340.446 0.055
1284.238 0.052
1228.030 0.049
1170.744 0.047
1113.300 0.044
1055.856 0.042
998.413 0.041
940.969 0.040
950.913 0.039
962.205 0.038
973.497 0.038
984.789 0.041
1000.154 0.043
1057.601 0.046
1115.048 0.048
1172.495 0.051
1229.941 0.055
1287.247 0.059
1343.974 0.063
1400.700 0.067
1457.427 0.071
1514.154 0.074
1570.895 0.077
1627.669 0.081
1684.444 0.084
1741.218 0.088
1797.992 0.092
1855.128 0.096
1912.779 0.099
1970.431 0.103
2028.082 0.107
2085.734 0.111
2142.616 0.114
2198.788 0.118
2254.959 0.121
2311.131 0.124
2367.302 0.127
2423.617 0.129
2480.017 0.132
2536.417 0.134
2592.816 0.136
2649.216 0.137
2706.616 0.138
2764.375 0.139
2822.135 0.140
2879.894 0.142
2937.654 0.145
2994.046 0.148
3050.184 0.150
3106.322 0.153
3162.460 0.154
3218.599 0.155
3274.877 0.156
3331.163 0.157
3387.448 0.159
3443.734 0.162
3500.109 0.165
3557.918 0.168
3615.726 0.171
3673.535 0.174
3731.344 0.177
3788.871 0.181
3844.994 0.184
3901.116 0.187
3957.238 0.189
4013.360 0.189
4060.606 0.190
4084.393 0.190
4108.179 0.190
4131.966 0.188
4155.752 0.184
4148.087 0.181
4089.613 0.177
4031.140 0.173
3972.667 0.170
3914.193 0.166
3856.597 0.162
3799.913 0.158
3743.230 0.154
3686.546 0.151
3629.862 0.148
3572.935 0.145
3515.845 0.142
3458.755 0.139
3401.665 0.137
3344.575 0.134
3287.449 0.132
3230.309 0.130
3173.168 0.127
3116.027 0.126
3058.886 0.124
3002.547 0.122
2946.392 0.121
2890.236 0.119
2834.081 0.117
2777.925 0.115
2720.680 0.113
2663.343 0.111
2606.005 0.109
2548.668 0.107
2491.347 0.104
2434.578 0.102
2377.808 0.099
2321.039 0.097
2264.269 0.093
2207.611 0.090
2151.652 0.086
2095.693 0.082
2039.734 0.080
1983.775 0.078
1927.338 0.076
1869.428 0.074
1811.518 0.072
1753.608 0.070
1695.698 0.068
1638.320 0.066
1581.919 0.064
1525.517 0.062
1469.116 0.059
1412.714 0.056
1356.460 0.053
1300.377 0.050
1244.295 0.047
1188.212 0.045
1132.129 0.043
1078.011 0.041
1025.384 0.039
972.757 0.037
920.129 0.037
867.502 0.037
890.199 0.037
948.922 0.038
1007.644 0.038
1066.366 0.041
1125.089 0.044
1182.459 0.047
1239.457 0.051
1296.455 0.054
1353.453 0.058
1410.450 0.061
1467.468 0.065
1524.488 0.069
1581.509 0.072
1638.529 0.075
1695.549 0.078
