232775585.214 0.078
235245074.478 0.079
237714563.742 0.079
240184053.005 0.079
242653542.269 0.080
245123031.533 0.080
247592520.797 0.080
250062010.060 0.080
252531499.324 0.081
255000988.588 0.081
257470477.852 0.081
259939967.116 0.082
262409456.379 0.082
264878945.643 0.082
267348434.907 0.083
269817924.171 0.083
272287413.434 0.083
274756902.698 0.083
277503862.115 0.084
280989326.554 0.084
284474790.993 0.084
287960255.433 0.085
291445719.872 0.085
294931184.311 0.085
298416648.750 0.085
301902113.189 0.086
305387577.628 0.086
308873042.067 0.086
312358506.506 0.087
315843970.946 0.087
319329435.385 0.087
322814899.824 0.088
326300364.263 0.088
329785828.702 0.088
333271293.141 0.088
336756757.580 0.089
340242222.019 0.089
343727686.458 0.089
347213150.898 0.090
350698615.337 0.090
354184079.776 0.090
357669544.215 0.091
361155008.654 0.091
364640473.093 0.091
368125937.532 0.092
371611401.971 0.092
375096866.411 0.093
378582330.850 0.093
382067795.289 0.094
385553259.728 0.094
389038724.167 0.095
392524188.606 0.095
396009653.045 0.096
399495117.484 0.096
402980581.924 0.096
406466046.363 0.097
409951510.802 0.097
413436975.241 0.098
417084979.953 0.098
421543652.318 0.099
426002324.684 0.099
430460997.050 0.100
434919669.416 0.100
439378341.782 0.100
443837014.148 0.101
448295686.514 0.101
452754358.880 0.102
457213031.246 0.102
461671703.611 0.103
466130375.977 0.103
470589048.343 0.104
475047720.709 0.104
479506393.075 0.104
483965065.441 0.105
488423737.807 0.105
492882410.173 0.106
497341082.539 0.106
501799754.904 0.107
506258427.270 0.107
510717099.636 0.108
515175772.002 0.108
519634444.368 0.109
524093116.734 0.109
528551789.100 0.109
533010461.466 0.110
537469133.831 0.110
541927806.197 0.111
546386478.563 0.111
550845150.929 0.112
555303823.295 0.112
559762495.661 0.113
564221168.027 0.113
568679840.393 0.114
573138512.759 0.114
577597185.124 0.115
582055857.490 0.115
586514529.856 0.116
590973202.222 0.116
595505341.807 0.117
601169923.331 0.117
606834504.855 0.118
612499086.378 0.118
618163667.902 0.119
623828249.426 0.119
629492830.949 0.120
635157412.473 0.120
640821993.997 0.121
646486575.521 0.121
652151157.044 0.122
657815738.568 0.122
663480320.092 0.123
669144901.615 0.123
674809483.139 0.124
680474064.663 0.124
686138646.186 0.125
691803227.710 0.125
697467809.234 0.126
703132390.758 0.126
708796972.281 0.127
714461553.805 0.127
720126135.329 0.128
725790716.852 0.128
731455298.376 0.129
737119879.900 0.130
742784461.424 0.131
748449042.947 0.131
754113624.471 0.132
759778205.995 0.133
765442787.518 0.134
771107369.042 0.134
776771950.566 0.135
782436532.089 0.136
788101113.613 0.137
793765695.137 0.137
799430276.661 0.138
805094858.184 0.139
810759439.708 0.140
816424021.232 0.141
822088602.755 0.141
828363623.526 0.142
834667521.978 0.143
840971420.430 0.144
847275318.882 0.144
853579217.334 0.145
859883115.787 0.146
866187014.239 0.147
872490912.691 0.147
878794811.143 0.148
885098709.595 0.149
891402608.047 0.150
897706506.499 0.150
904010404.951 0.151
910314303.403 0.152
916618201.856 0.153
922922100.308 0.153
929225998.760 0.154
935529897.212 0.155
941833795.664 0.156
948137694.116 0.157
954441592.568 0.157
960745491.020 0.158
967049389.473 0.159
973353287.925 0.160
979657186.377 0.160
985961084.829 0.161
992264983.281 0.162
998568881.733 0.163
1004872780.185 0.164
1011176678.637 0.165
1017480577.089 0.165
1023784475.542 0.166
1030088373.994 0.167
1036392272.446 0.168
1042696170.898 0.169
1049000069.350 0.170
1055303967.802 0.170
1061607866.254 0.171
1067911764.706 0.172
1074215663.158 0.173
1080727564.928 0.174
1087276536.985 0.174
1093825509.043 0.175
1100374481.101 0.176
1106923453.158 0.177
1113472425.216 0.178
1120021397.273 0.179
1126570369.331 0.179
1133119341.388 0.180
1139668313.446 0.181
1146217285.503 0.182
1152766257.561 0.183
1159315229.619 0.183
1165864201.676 0.184
1172413173.734 0.185
1178962145.791 0.186
1185511117.849 0.187
1192060089.906 0.188
1198609061.964 0.188
1205158034.021 0.189
1211707006.079 0.190
1218255978.137 0.191
1224804950.194 0.192
1231353922.252 0.192
1237902894.309 0.193
1244451866.367 0.194
1251000838.424 0.194
1257549810.482 0.195
1264098782.539 0.195
1270647754.597 0.196
1277196726.655 0.197
1283745698.712 0.197
1290294670.770 0.198
1296843642.827 0.199
1303392614.885 0.199
1309941586.942 0.200
1316490559.000 0.200
1323039531.057 0.201
1329588503.115 0.202
1336137475.172 0.202
1342897340.886 0.203
1349730289.012 0.204
1356563237.137 0.204
1363396185.263 0.205
1370229133.388 0.206
1377062081.514 0.206
1383895029.640 0.207
1390727977.765 0.207
1397560925.891 0.208
1404393874.016 0.209
1411226822.142 0.209
1418059770.267 0.210
1424892718.393 0.211
1431725666.519 0.211
1438558614.644 0.212
1445391562.770 0.213
1452224510.895 0.213
1459057459.021 0.214
1465890407.146 0.214
1472723355.272 0.215
1479556303.398 0.216
1486389251.523 0.216
1493222199.649 0.217
1500055147.774 0.218
1506888095.900 0.219
1513721044.025 0.219
1520553992.151 0.220
1527386940.277 0.221
1534219888.402 0.222
1541052836.528 0.223
1547885784.653 0.223
1554718732.779 0.224
1561551680.905 0.225
1568384629.030 0.226
1575217577.156 0.227
1582050525.281 0.227
1588883473.407 0.228
1595716421.532 0.229
1602549369.658 0.230
1609382317.784 0.230
1615906906.580 0.231
1622255434.658 0.232
1628603962.736 0.233
1634952490.814 0.234
1641301018.892 0.234
1647649546.969 0.235
1653998075.047 0.236
1660346603.125 0.237
1666695131.203 0.238
1673043659.281 0.238
1679392187.359 0.239
1685740715.437 0.240
1692089243.515 0.241
1698437771.593 0.241
1704786299.671 0.242
1711134827.749 0.243
1717483355.827 0.244
1723831883.905 0.245
1730180411.983 0.245
1736528940.061 0.246
1742877468.139 0.247
1749225996.217 0.248
1755574524.295 0.249
1761923052.373 0.249
1768271580.451 0.250
1774620108.529 0.251
1780968636.607 0.252
1787317164.685 0.252
1793665692.763 0.253
1800014220.841 0.254
1806362748.919 0.255
1812711276.997 0.255
1819059805.074 0.256
1825408333.152 0.257
1831756861.230 0.258
1838105389.308 0.258
1844453917.386 0.259
1850802445.464 0.260
1857150973.542 0.261
1863499501.620 0.262
1868808952.454 0.262
1873198662.491 0.263
1877588372.528 0.264
1881978082.565 0.265
1886367792.602 0.265
1890757502.639 0.266
1895147212.676 0.267
1899536922.712 0.268
1903926632.749 0.268
1908316342.786 0.269
1912706052.823 0.270
1917095762.860 0.271
1921485472.897 0.272
1925875182.934 0.272
1930264892.971 0.273
1934654603.008 0.274
1939044313.045 0.275
1943434023.082 0.275
1947823733.118 0.276
1952213443.155 0.277
1956603153.192 0.278
1960992863.229 0.278
1965382573.266 0.279
1969772283.303 0.280
1974161993.340 0.281
1978551703.377 0.282
1982941413.414 0.282
1987331123.451 0.283
1991720833.487 0.284
1996110543.524 0.285
2000500253.561 0.286
2004889963.598 0.286
2009279673.635 0.287
2013669383.672 0.288
2018059093.709 0.289
2022448803.746 0.290
2026838513.783 0.290
2031228223.820 0.291
2035617933.857 0.292
2040007643.893 0.293
2044792983.012 0.294
2050114969.001 0.294
2055436954.991 0.295
2060758940.980 0.296
2066080926.970 0.297
2071402912.959 0.298
2076724898.949 0.298
2082046884.938 0.299
2087368870.928 0.300
2092690856.917 0.301
2098012842.907 0.302
2103334828.896 0.303
2108656814.886 0.303
2113978800.875 0.304
2119300786.865 0.305
2124622772.854 0.306
2129944758.844 0.307
2135266744.833 0.307
2140588730.823 0.308
2145910716.812 0.309
2151232702.802 0.310
2156554688.791 0.311
2161876674.781 0.311
2167198660.770 0.312
2172520646.760 0.313
2177842632.749 0.314
2183164618.739 0.315
2188486604.728 0.316
2193808590.718 0.317
2199130576.707 0.317
2204452562.697 0.318
2209774548.686 0.319
2215096534.676 0.320
2220418520.665 0.321
2225740506.655 0.322
2231062492.644 0.323
2236384478.634 0.323
2241706464.623 0.324
2247028450.613 0.325
2252350436.602 0.326
2258072358.183 0.327
2264650909.483 0.328
2271229460.783 0.329
2277808012.083 0.329
2284386563.383 0.330
2290965114.683 0.331
2297543665.982 0.332
2304122217.282 0.333
2310700768.582 0.334
2317279319.882 0.335
2323857871.182 0.335
2330436422.482 0.336
2337014973.782 0.337
2343593525.081 0.338
2350172076.381 0.339
2356750627.681 0.340
2363329178.981 0.341
2369907730.281 0.341
2376486281.581 0.342
2383064832.881 0.343
2389643384.180 0.344
2396221935.480 0.345
2402800486.780 0.346
2409379038.080 0.347
2415957589.380 0.348
2422536140.680 0.349
2429114691.980 0.350
2435693243.279 0.351
2442271794.579 0.352
2448850345.879 0.353
2455428897.179 0.355
2462007448.479 0.356
2468585999.779 0.357
2475164551.079 0.358
2481743102.379 0.359
2488321653.678 0.360
2494900204.978 0.361
2501478756.278 0.362
2508057307.578 0.363
2514635858.878 0.365
2521480946.284 0.366
2529315649.945 0.367
2537150353.606 0.368
2544985057.267 0.369
2552819760.929 0.370
2560654464.590 0.371
2568489168.251 0.372
2576323871.912 0.373
2584158575.573 0.374
2591993279.234 0.376
2599827982.896 0.377
2607662686.557 0.378
2615497390.218 0.379
2623332093.879 0.380
2631166797.540 0.381
2639001501.201 0.382
2646836204.863 0.383
2654670908.524 0.384
2662505612.185 0.385
2670340315.846 0.387
2678175019.507 0.388
2686009723.168 0.389
2693844426.830 0.390
2701679130.491 0.391
2709513834.152 0.392
2717348537.813 0.393
2725183241.474 0.395
2733017945.135 0.396
2740852648.797 0.397
2748687352.458 0.398
2756522056.119 0.399
2764356759.780 0.401
2772191463.441 0.402
2780026167.102 0.403
2787860870.763 0.404
2795695574.425 0.405
2803530278.086 0.407
2811364981.747 0.408
2819199685.408 0.409
2827034389.069 0.410
2834953200.793 0.411
2843580686.657 0.413
2852208172.521 0.414
2860835658.386 0.415
2869463144.250 0.416
2878090630.114 0.417
2886718115.979 0.419
2895345601.843 0.420
2903973087.707 0.421
2912600573.572 0.422
2921228059.436 0.423
2929855545.300 0.425
2938483031.165 0.426
2947110517.029 0.427
2955738002.893 0.428
2964365488.758 0.429
2972992974.622 0.431
2981620460.486 0.432
2990247946.351 0.433
2998875432.215 0.434
3007502918.080 0.435
3016130403.944 0.437
3024757889.808 0.438
3033385375.673 0.439
3042012861.537 0.440
3050640347.401 0.441
3059267833.266 0.442
3067895319.130 0.443
3076522804.994 0.444
3085150290.859 0.445
3093777776.723 0.446
3102405262.587 0.448
3111032748.452 0.449
3119660234.316 0.450
3128287720.180 0.451
3136915206.045 0.452
3145542691.909 0.453
3154170177.774 0.454
3162797663.638 0.455
3171425149.502 0.456
3180052635.367 0.457
