2.558 0.099
2.853 0.116
3.149 0.135
3.444 0.154
3.740 0.175
4.035 0.197
4.331 0.221
4.626 0.246
4.922 0.275
5.217 0.306
5.513 0.338
5.808 0.392
6.104 0.454
6.399 0.520
6.695 0.585
6.990 0.648
7.286 0.714
7.581 0.783
7.877 0.841
8.172 0.902
8.467 0.965
8.763 1.021
9.058 1.074
9.354 1.128
9.649 1.182
9.945 1.236
10.240 1.291
10.536 1.347
10.831 1.423
11.127 1.503
11.422 1.585
11.718 1.678
12.013 1.783
12.309 1.890
12.604 2.007
12.900 2.164
13.195 2.326
13.491 2.494
13.786 2.667
14.082 2.846
14.377 3.030
14.672 3.175
14.968 3.249
15.263 3.322
15.559 3.393
15.854 3.346
16.150 3.296
16.445 3.241
16.741 3.183
17.036 3.122
17.332 3.058
17.627 2.994
17.923 2.936
18.218 2.876
18.514 2.814
18.809 2.760
19.105 2.705
19.400 2.650
19.696 2.597
19.991 2.549
20.286 2.500
20.582 2.450
20.877 2.402
21.173 2.354
21.468 2.305
21.764 2.245
22.059 2.180
22.355 2.115
22.650 2.041
22.946 1.949
23.241 1.856
23.537 1.764
23.832 1.692
24.128 1.622
24.423 1.551
24.719 1.475
25.014 1.393
25.310 1.312
25.605 1.225
25.901 1.110
26.196 0.996
26.491 0.884
26.787 0.814
27.082 0.757
27.378 0.701
27.673 0.664
27.969 0.658
28.264 0.653
28.560 0.648
28.855 0.723
29.151 0.799
29.446 0.875
29.742 0.965
30.037 1.064
30.333 1.165
30.628 1.267
30.924 1.371
31.219 1.475
31.515 1.582
31.810 1.737
32.105 1.904
32.401 2.075
32.696 2.209
32.992 2.299
33.287 2.390
33.583 2.481
33.878 2.558
34.174 2.637
34.469 2.717
34.765 2.782
35.060 2.841
35.356 2.901
35.651 2.973
35.947 3.069
36.242 3.168
36.538 3.267
36.833 3.393
37.129 3.523
37.424 3.655
37.720 3.802
38.015 3.961
38.310 4.123
38.606 4.290
38.901 4.467
39.197 4.648
39.492 4.831
39.788 4.871
40.083 4.869
40.379 4.864
40.674 4.818
40.970 4.705
41.265 4.590
41.561 4.473
41.856 4.359
42.152 4.243
42.447 4.125
42.743 4.011
43.038 3.898
43.334 3.784
43.629 3.677
43.924 3.596
44.220 3.515
44.515 3.433
44.811 3.362
45.106 3.294
45.402 3.225
45.697 3.154
45.993 3.082
46.288 3.010
46.584 2.935
46.879 2.838
47.175 2.741
47.470 2.643
47.766 2.526
48.061 2.401
48.357 2.276
48.652 2.159
48.948 2.062
49.243 1.965
49.539 1.868
49.834 1.746
50.129 1.622
50.425 1.500
50.720 1.391
51.016 1.294
51.311 1.197
51.607 1.104
51.902 1.029
52.198 0.955
52.493 0.881
52.789 0.873
53.084 0.884
53.380 0.895
53.675 0.946
53.971 1.058
54.266 1.171
54.562 1.286
54.857 1.428
55.153 1.571
55.448 1.715
55.743 1.846
56.039 1.969
56.334 2.094
56.630 2.227
56.925 2.386
57.221 2.547
57.516 2.709
57.812 2.893
58.107 3.083
58.403 3.275
58.698 3.390
58.994 3.416
59.289 3.442
59.585 3.470
59.880 3.513
60.176 3.556
60.471 3.599
60.767 3.700
61.062 3.826
61.358 3.953
61.653 4.083
61.948 4.217
62.244 4.353
62.539 4.491
62.835 4.656
63.130 4.826
63.426 4.998
63.721 5.177
64.017 5.361
64.312 5.548
64.608 5.693
64.903 5.618
65.199 5.542
65.494 5.464
65.790 5.326
66.085 5.171
66.381 5.014
66.676 4.865
66.972 4.727
67.267 4.589
67.562 4.450
67.858 4.338
68.153 4.225
68.449 4.111
68.744 4.013
69.040 3.924
69.335 3.835
69.631 3.747
69.926 3.667
70.222 3.587
70.517 3.506
70.813 3.424
71.108 3.341
71.404 3.258
71.699 3.155
71.995 3.032
72.290 2.908
72.586 2.783
72.881 2.652
73.177 2.520
73.472 2.389
73.767 2.266
74.063 2.146
74.358 2.027
74.654 1.915
74.949 1.818
75.245 1.721
75.540 1.625
75.836 1.500
76.131 1.374
76.427 1.248
76.722 1.157
77.018 1.094
77.313 1.030
77.609 0.987
77.904 1.045
78.200 1.103
78.495 1.161
78.791 1.279
79.086 1.415
79.381 1.552
79.677 1.696
79.972 1.849
80.268 2.004
80.563 2.159
80.859 2.300
81.154 2.442
81.450 2.585
81.745 2.745
82.041 2.916
82.336 3.088
82.632 3.262
82.927 3.442
83.223 3.623
83.518 3.806
83.814 3.852
84.109 3.877
84.405 3.902
84.700 3.942
84.996 4.000
85.291 4.058
85.586 4.123
85.882 4.254
86.177 4.387
86.473 4.520
86.768 4.656
87.064 4.793
87.359 4.932
87.655 5.083
87.950 5.259
88.246 5.437
88.541 5.617
88.837 5.789
89.132 5.962
89.428 6.136
89.723 6.127
90.019 5.968
90.314 5.806
90.610 5.643
90.905 5.495
91.200 5.347
91.496 5.198
91.791 5.051
92.087 4.904
92.382 4.756
92.678 4.621
92.973 4.505
93.269 4.388
93.564 4.272
93.860 4.187
94.155 4.102
94.451 4.016
94.746 3.931
95.042 3.846
95.337 3.761
95.633 3.673
95.928 3.573
96.224 3.474
96.519 3.374
96.815 3.241
97.110 3.103
97.405 2.965
97.701 2.820
97.996 2.668
98.292 2.515
98.587 2.371
98.883 2.298
99.178 2.225
99.474 2.153
99.769 2.024
100.065 1.873
100.360 1.722
100.656 1.582
100.951 1.465
101.247 1.348
101.542 1.232
101.838 1.188
102.133 1.149
102.429 1.109
102.724 1.152
103.019 1.259
103.315 1.366
103.610 1.485
103.906 1.654
104.201 1.824
104.497 1.994
104.792 2.148
105.088 2.299
105.383 2.451
105.679 2.612
105.974 2.788
106.270 2.964
106.565 3.141
106.861 3.305
107.156 3.471
107.452 3.638
107.747 3.781
108.043 3.911
108.338 4.042
108.634 4.155
108.929 4.215
109.224 4.274
109.520 4.334
109.815 4.462
110.111 4.600
110.406 4.740
110.702 4.846
110.997 4.915
111.293 4.984
111.588 5.064
111.884 5.226
112.179 5.389
112.475 5.554
112.770 5.730
113.066 5.911
113.361 6.094
113.657 6.229
113.952 6.270
114.248 6.311
114.543 6.352
114.838 6.202
115.134 6.040
115.429 5.878
115.725 5.707
116.020 5.528
116.316 5.349
116.611 5.176
116.907 5.034
117.202 4.891
117.498 4.747
117.793 4.633
118.089 4.527
118.384 4.420
118.680 4.325
118.975 4.248
119.271 4.170
119.566 4.092
119.862 3.999
120.157 3.906
120.453 3.812
120.748 3.700
121.043 3.579
121.339 3.458
121.634 3.321
121.930 3.141
122.225 2.962
122.521 2.783
122.816 2.679
123.112 2.585
123.407 2.491
123.703 2.392
123.998 2.288
124.294 2.184
124.589 2.075
124.885 1.919
125.180 1.764
125.476 1.609
125.771 1.494
126.067 1.396
126.362 1.298
126.657 1.238
126.953 1.252
127.248 1.266
127.544 1.280
127.839 1.432
128.135 1.592
128.430 1.752
128.726 1.927
129.021 2.114
129.317 2.302
129.612 2.481
129.908 2.621
130.203 2.761
130.499 2.901
130.794 3.088
131.090 3.287
131.385 3.487
131.681 3.674
131.976 3.842
132.272 4.011
132.567 4.179
132.862 4.267
133.158 4.356
133.453 4.444
133.749 4.512
134.044 4.569
134.340 4.625
134.635 4.700
134.931 4.826
135.226 4.952
135.522 5.079
135.817 5.256
136.113 5.442
136.408 5.629
136.704 5.790
136.999 5.924
137.295 6.059
137.590 6.202
137.886 6.404
138.181 6.607
138.476 6.812
138.772 6.784
139.067 6.667
139.363 6.549
139.658 6.404
139.954 6.209
140.249 6.012
140.545 5.813
140.840 5.641
141.136 5.470
141.431 5.298
141.727 5.155
142.022 5.033
142.318 4.912
142.613 4.793
142.909 4.688
143.204 4.582
143.500 4.476
143.795 4.391
144.091 4.310
144.386 4.229
144.681 4.136
144.977 4.024
145.272 3.913
145.568 3.799
145.863 3.630
146.159 3.460
146.454 3.291
146.750 3.155
147.045 3.036
147.341 2.918
147.636 2.800
147.932 2.685
148.227 2.570
148.523 2.455
148.818 2.322
149.114 2.188
149.409 2.053
149.705 1.910
150.000 1.757
