28.000 204.578
28.204 205.354
28.409 206.137
28.613 202.662
28.818 189.001
29.022 177.130
29.226 166.719
29.431 157.514
29.635 148.627
29.840 139.750
30.044 131.942
30.248 125.022
30.453 118.846
30.657 113.382
30.862 108.527
31.066 104.115
31.271 100.089
31.475 96.400
31.679 92.054
31.884 87.557
32.088 83.541
32.293 79.934
32.497 76.676
32.701 74.983
32.906 73.911
33.110 72.882
33.315 71.894
33.519 70.946
33.723 70.418
33.928 69.996
34.132 69.584
34.337 69.184
34.541 68.794
34.745 68.732
34.950 68.700
35.154 68.669
35.359 68.638
35.563 68.596
35.768 68.128
35.972 67.673
36.176 67.231
36.381 66.801
36.585 66.348
36.790 65.687
36.994 65.048
37.198 64.433
37.403 63.838
37.607 63.231
37.812 62.546
38.016 61.887
38.220 61.253
38.425 60.643
38.629 60.063
38.834 59.519
39.038 58.995
39.242 58.489
39.447 58.001
39.651 58.154
39.856 59.065
40.060 59.990
40.265 60.931
40.469 61.887
40.673 63.220
40.878 64.891
41.082 66.634
41.287 68.456
41.491 70.361
41.695 72.207
41.900 74.062
42.104 76.000
42.309 78.028
42.513 80.151
42.717 82.189
42.922 84.267
43.126 86.440
43.331 88.716
43.535 91.102
43.739 93.003
43.944 94.898
44.148 96.862
44.353 98.899
44.557 101.013
44.762 102.831
44.966 104.706
45.170 106.643
45.375 108.644
45.579 110.709
45.784 112.795
45.988 114.955
46.192 117.193
46.397 119.513
46.601 122.025
46.806 125.052
47.010 128.230
47.214 131.568
47.419 135.080
47.623 139.048
47.828 143.865
48.032 149.027
48.236 154.574
48.441 160.549
48.645 166.304
48.850 171.489
49.054 177.013
49.259 182.911
49.463 189.222
49.667 196.829
49.872 205.898
50.076 215.876
50.281 226.908
50.485 239.171
50.689 250.820
50.894 262.461
51.098 275.289
51.303 289.493
51.507 305.308
51.711 319.680
51.916 334.333
52.120 350.466
52.325 368.315
52.529 388.171
52.733 387.978
52.938 384.328
53.142 380.742
53.347 377.219
53.551 373.757
53.756 346.263
53.960 321.945
54.164 300.897
54.369 282.502
54.573 266.024
54.778 248.537
54.982 233.284
55.186 219.861
55.391 207.959
55.595 197.694
55.800 189.940
56.004 182.817
56.208 176.249
56.413 170.175
56.617 164.129
56.822 157.605
57.026 151.625
57.230 146.122
57.435 141.043
57.639 136.235
57.844 131.643
58.048 127.397
58.253 123.460
58.457 119.798
58.661 118.184
58.866 118.388
59.070 118.591
59.275 118.793
59.479 118.995
59.683 119.044
59.888 118.999
60.092 118.954
60.297 118.910
60.501 118.865
60.705 117.617
60.910 115.958
61.114 114.360
61.319 112.819
61.523 111.332
61.727 109.962
61.932 108.652
62.136 107.386
62.341 106.162
62.545 104.978
62.749 103.548
62.954 102.154
63.158 100.812
63.363 99.520
63.567 98.273
63.772 97.047
63.976 95.866
64.180 94.727
64.385 93.627
64.589 92.981
64.794 94.683
64.998 96.432
65.202 98.231
65.407 100.081
65.611 102.154
65.816 104.802
66.020 107.574
66.224 110.480
66.429 113.529
66.633 116.546
66.838 119.374
67.042 122.330
67.246 125.422
67.451 128.660
67.655 131.701
67.860 134.474
68.064 137.356
68.269 140.355
68.473 143.479
68.677 146.320
68.882 148.963
69.086 151.696
69.291 154.524
69.495 157.452
69.699 160.250
69.904 163.033
70.108 165.909
70.313 168.881
70.517 171.954
70.721 175.082
70.926 178.307
71.130 181.647
71.335 185.110
71.539 188.702
71.743 193.806
71.948 199.339
72.152 205.195
72.357 211.402
72.561 217.995
72.766 225.179
72.970 232.859
73.174 241.088
73.379 249.926
73.583 259.317
73.788 268.477
73.992 278.320
74.196 288.925
74.401 300.387
74.605 312.201
74.810 322.822
75.014 334.214
75.218 346.466
75.423 359.677
75.627 375.424
75.832 395.831
76.036 418.675
76.240 444.420
76.445 473.656
76.649 499.321
76.854 517.541
77.058 537.192
77.263 558.451
77.467 581.522
77.671 579.327
77.876 557.078
78.080 536.475
78.285 517.342
78.489 499.526
78.693 470.020
78.898 438.263
79.102 410.611
79.307 386.317
79.511 364.804
79.715 344.081
79.920 325.242
80.124 308.420
80.329 293.306
80.533 279.654
80.737 268.453
80.942 258.310
81.146 248.945
81.351 240.270
81.555 232.212
81.760 223.652
81.964 215.733
82.168 208.397
82.373 201.583
82.577 195.254
82.782 189.520
82.986 184.153
83.190 179.120
83.395 174.391
83.599 170.827
83.804 170.889
84.008 170.951
84.212 171.013
84.417 171.074
84.621 170.907
84.826 170.237
85.030 169.575
85.234 168.923
85.439 168.280
85.643 166.868
85.848 164.435
86.052 162.089
86.257 159.824
86.461 157.636
86.665 155.541
86.870 153.532
87.074 151.588
87.279 149.706
87.483 147.883
87.687 145.803
87.892 143.621
88.096 141.522
88.301 139.500
88.505 137.551
88.709 135.843
88.914 134.249
89.118 132.706
89.323 131.210
89.527 129.761
89.731 132.919
89.936 137.075
90.140 141.442
90.345 146.036
90.549 150.876
90.754 153.750
90.958 156.631
91.162 159.622
91.367 162.729
91.571 165.980
91.776 169.668
91.980 173.516
92.184 177.533
92.389 181.732
92.593 185.971
92.798 189.630
93.002 193.429
93.206 197.374
93.411 201.475
93.615 205.436
93.820 208.738
94.024 212.141
94.228 215.649
94.433 219.268
94.637 222.815
94.842 226.171
95.046 229.629
95.251 233.195
95.455 236.873
95.659 241.235
95.864 246.351
96.068 251.677
96.273 257.227
96.477 263.016
96.681 270.009
96.886 278.045
97.090 286.573
97.295 295.642
97.499 305.303
97.703 316.401
97.908 328.682
98.112 341.954
98.317 356.343
98.521 371.996
98.725 380.983
98.930 388.599
99.134 396.542
99.339 404.834
99.543 413.498
99.747 433.086
99.952 455.607
100.156 480.653
100.361 508.674
100.565 539.936
100.770 566.210
100.974 595.298
101.178 627.678
101.383 663.942
101.587 700.721
101.792 715.374
101.996 730.686
102.200 746.702
102.405 763.472
102.609 764.025
102.814 717.819
103.018 676.964
103.222 640.581
103.427 607.975
103.631 572.719
103.836 532.268
104.040 497.223
104.244 466.567
104.449 439.524
104.653 417.240
104.858 398.999
105.062 382.353
105.267 367.100
105.471 353.074
105.675 339.013
105.880 325.320
106.084 312.739
106.289 301.141
106.493 290.414
106.697 281.009
106.902 272.467
107.106 264.461
107.311 256.941
107.515 249.865
107.719 244.945
107.924 240.691
108.128 236.607
108.333 232.683
108.537 228.909
108.741 227.323
108.946 225.996
109.150 224.691
109.355 223.405
109.559 222.127
109.764 218.648
109.968 215.296
110.172 212.063
110.377 208.945
110.581 206.174
110.786 205.342
110.990 204.521
111.194 203.712
111.399 202.913
111.603 201.568
111.808 198.339
112.012 195.229
112.216 192.232
112.421 189.342
112.625 186.446
112.830 183.441
113.034 180.547
113.238 177.759
113.443 175.070
113.647 173.819
113.852 174.323
114.056 174.827
114.261 175.331
114.465 175.833
114.669 178.102
114.874 181.963
115.078 185.979
115.283 190.162
115.487 194.521
115.691 199.067
115.896 203.819
116.100 208.795
116.305 214.010
116.509 219.483
116.713 224.369
116.918 229.186
117.122 234.206
117.327 239.440
117.531 244.904
117.735 249.400
117.940 253.866
118.144 258.487
118.349 263.271
118.553 268.225
118.758 272.069
118.962 275.985
119.166 280.009
119.371 284.144
119.575 288.457
119.780 293.592
119.984 298.904
120.188 304.402
120.393 310.096
120.597 316.196
120.802 323.416
121.006 330.974
121.210 338.894
121.415 347.202
121.619 357.037
121.824 370.239
122.028 384.482
122.232 399.893
122.437 416.621
122.641 431.353
122.846 441.827
123.050 452.822
123.255 464.379
123.459 476.541
123.663 489.680
123.868 503.906
124.072 519.011
124.277 535.079
124.481 552.206
124.685 576.892
124.890 608.260
125.094 643.301
125.299 682.701
125.503 727.327
125.707 763.715
125.912 798.213
126.116 836.045
126.321 877.721
126.525 923.857
126.729 924.244
126.934 915.426
127.138 906.760
127.343 898.240
127.547 889.865
127.752 823.853
127.956 764.428
128.160 713.085
128.365 668.280
128.569 628.572
128.774 589.287
128.978 554.741
129.182 524.125
129.387 496.805
129.591 473.208
129.796 456.238
130.000 440.470
