1.568 0.063
1.638 0.071
1.707 0.079
1.777 0.087
1.869 0.094
1.975 0.100
2.081 0.106
2.189 0.113
2.306 0.119
2.422 0.126
2.538 0.133
2.709 0.145
2.890 0.157
3.070 0.169
3.257 0.180
3.452 0.188
3.647 0.196
3.838 0.204
3.988 0.211
4.139 0.218
4.290 0.225
4.465 0.229
4.651 0.231
4.838 0.233
5.022 0.235
5.204 0.238
5.386 0.240
5.568 0.242
5.758 0.247
5.948 0.253
6.139 0.258
6.337 0.265
6.541 0.273
6.745 0.280
6.958 0.289
7.219 0.300
7.481 0.311
7.742 0.322
8.021 0.333
8.305 0.343
8.588 0.353
8.862 0.358
9.119 0.356
9.376 0.354
9.633 0.352
9.806 0.341
9.979 0.330
10.152 0.319
10.302 0.309
10.440 0.299
10.577 0.289
10.707 0.280
10.814 0.272
10.920 0.263
11.027 0.255
11.118 0.248
11.207 0.241
11.295 0.235
11.378 0.228
11.453 0.223
11.529 0.217
11.603 0.211
11.670 0.206
11.736 0.201
11.803 0.195
11.854 0.189
11.898 0.183
11.942 0.177
11.978 0.170
11.996 0.162
12.014 0.155
12.032 0.147
12.041 0.141
12.050 0.135
12.059 0.129
12.053 0.122
12.036 0.116
12.018 0.109
11.992 0.102
11.921 0.093
11.850 0.084
11.779 0.075
11.732 0.069
11.692 0.065
11.652 0.060
11.621 0.057
11.603 0.057
11.585 0.056
11.568 0.056
11.617 0.062
11.666 0.068
11.714 0.075
11.782 0.082
11.862 0.090
11.942 0.098
12.025 0.105
12.118 0.113
12.211 0.121
12.304 0.129
12.443 0.140
12.589 0.151
12.735 0.163
12.871 0.172
12.995 0.177
13.119 0.182
13.245 0.187
13.392 0.191
13.538 0.195
13.684 0.199
13.828 0.201
13.969 0.203
14.111 0.206
14.259 0.208
14.418 0.213
14.578 0.217
14.738 0.222
14.914 0.228
15.091 0.233
15.268 0.239
15.458 0.246
15.657 0.253
15.857 0.260
16.060 0.267
16.281 0.274
16.503 0.282
16.725 0.289
16.919 0.288
17.105 0.285
17.291 0.281
17.453 0.276
17.577 0.268
17.701 0.259
17.825 0.251
17.918 0.243
18.011 0.236
18.104 0.228
18.184 0.221
18.255 0.214
18.326 0.206
18.394 0.200
18.456 0.195
18.518 0.190
18.581 0.185
18.635 0.180
18.688 0.176
18.741 0.172
18.788 0.168
18.828 0.164
18.868 0.160
18.906 0.155
18.924 0.150
18.942 0.145
18.959 0.139
18.965 0.133
18.965 0.127
18.965 0.120
18.960 0.114
18.947 0.109
18.934 0.104
18.920 0.099
18.878 0.092
18.834 0.086
18.789 0.080
18.740 0.074
18.687 0.069
18.634 0.064
18.580 0.059
18.522 0.056
18.465 0.052
18.407 0.048
18.384 0.048
18.371 0.048
18.357 0.049
18.371 0.051
18.424 0.057
18.477 0.063
18.530 0.069
18.601 0.077
18.672 0.084
18.743 0.091
18.825 0.098
18.914 0.104
19.002 0.110
19.095 0.117
19.202 0.124
19.308 0.132
19.415 0.140
19.567 0.148
19.726 0.156
19.886 0.165
20.018 0.169
20.120 0.170
20.222 0.170
20.326 0.171
20.445 0.172
20.565 0.173
20.685 0.174
20.817 0.178
20.954 0.183
21.092 0.187
21.236 0.192
21.396 0.197
21.556 0.202
21.715 0.207
21.896 0.213
22.077 0.219
22.259 0.225
22.448 0.231
22.643 0.237
22.838 0.243
23.026 0.247
23.177 0.242
23.327 0.238
23.478 0.233
23.587 0.226
23.685 0.218
23.782 0.211
23.871 0.204
23.946 0.197
24.022 0.191
24.097 0.185
24.150 0.180
24.203 0.175
24.256 0.169
24.304 0.165
24.348 0.161
24.392 0.157
24.436 0.153
24.476 0.150
24.515 0.146
24.555 0.143
24.584 0.139
24.610 0.136
24.637 0.132
24.655 0.128
24.664 0.123
24.673 0.118
24.680 0.113
24.666 0.107
24.653 0.102
24.640 0.097
24.620 0.092
24.598 0.087
24.576 0.082
24.549 0.078
24.514 0.074
24.478 0.070
24.443 0.066
24.378 0.062
24.312 0.057
24.245 0.051
24.191 0.048
24.147 0.045
24.103 0.043
24.066 0.041
24.066 0.043
24.066 0.046
24.066 0.048
24.111 0.053
24.169 0.059
24.226 0.064
24.288 0.070
24.354 0.076
24.421 0.082
24.487 0.088
24.563 0.094
24.638 0.099
24.713 0.105
24.808 0.111
24.915 0.117
25.021 0.123
25.136 0.130
25.278 0.136
25.420 0.143
25.562 0.149
25.658 0.150
25.747 0.151
25.835 0.151
25.937 0.152
26.052 0.154
26.167 0.155
26.284 0.157
26.417 0.161
26.550 0.165
26.683 0.169
26.822 0.174
26.964 0.178
27.106 0.182
27.257 0.186
27.425 0.192
27.594 0.197
27.762 0.202
27.939 0.207
28.116 0.212
28.294 0.217
28.519 0.215
28.783 0.207
29.048 0.200
29.266 0.193
29.266 0.188
29.266 0.183
29.266 0.178
29.300 0.172
29.345 0.167
29.389 0.162
29.433 0.157
29.477 0.153
29.521 0.149
29.565 0.144
29.609 0.141
29.653 0.138
29.697 0.135
29.713 0.132
29.713 0.129
29.713 0.127
29.725 0.124
29.769 0.120
29.813 0.117
29.857 0.113
29.863 0.109
29.863 0.104
29.863 0.099
29.863 0.094
29.863 0.089
29.863 0.084
29.858 0.079
29.814 0.077
29.770 0.075
29.726 0.072
29.682 0.068
29.638 0.063
29.594 0.058
29.535 0.054
29.447 0.050
29.359 0.046
29.270 0.042
29.224 0.041
29.180 0.039
29.136 0.038
29.141 0.040
29.185 0.043
29.229 0.047
29.273 0.051
29.317 0.056
29.362 0.062
29.406 0.068
29.485 0.073
29.573 0.078
29.661 0.083
29.750 0.088
29.838 0.093
29.926 0.099
30.014 0.105
30.102 0.110
30.191 0.115
30.279 0.120
30.395 0.124
30.528 0.128
30.660 0.132
30.781 0.135
30.869 0.137
30.958 0.138
31.046 0.140
31.173 0.143
31.305 0.147
31.437 0.151
31.570 0.153
31.702 0.155
31.834 0.157
31.967 0.158
32.099 0.163
32.231 0.167
32.364 0.172
32.496 0.176
32.629 0.181
32.761 0.186
32.908 0.189
33.084 0.190
33.261 0.190
33.437 0.190
33.530 0.185
33.618 0.180
33.707 0.174
33.770 0.169
33.814 0.163
33.858 0.158
33.902 0.153
33.946 0.148
33.990 0.144
34.035 0.139
34.079 0.136
34.123 0.133
34.167 0.129
34.211 0.126
34.255 0.124
34.299 0.122
34.343 0.119
34.388 0.116
34.432 0.113
34.476 0.111
34.492 0.107
34.492 0.104
34.492 0.100
34.480 0.096
34.436 0.091
34.392 0.086
34.348 0.081
34.342 0.078
34.342 0.075
34.342 0.073
34.321 0.070
34.276 0.067
34.232 0.064
34.188 0.061
34.144 0.056
34.100 0.052
34.056 0.047
34.012 0.044
33.968 0.041
33.924 0.038
33.879 0.037
33.835 0.037
33.791 0.037
33.747 0.038
33.787 0.042
33.831 0.047
33.875 0.052
33.944 0.057
34.033 0.062
34.121 0.067
34.201 0.073
34.245 0.077
34.289 0.081
34.333 0.084
34.413 0.090
34.501 0.095
34.589 0.101
34.696 0.106
34.828 0.110
34.960 0.115
35.091 0.119
35.180 0.121
35.268 0.123
35.356 0.126
35.444 0.127
35.533 0.129
35.621 0.130
35.721 0.132
35.853 0.135
35.985 0.138
36.118 0.141
36.250 0.145
36.382 0.150
36.515 0.154
36.647 0.158
36.780 0.161
36.912 0.164
37.044 0.167
37.177 0.172
37.309 0.177
37.441 0.182
37.574 0.181
37.706 0.177
37.838 0.173
37.971 0.169
38.103 0.163
38.235 0.157
38.368 0.152
38.416 0.147
38.460 0.142
38.504 0.138
38.548 0.134
38.592 0.130
38.636 0.127
38.681 0.124
38.725 0.121
38.769 0.118
38.813 0.115
38.857 0.113
38.901 0.111
38.945 0.109
38.971 0.106
38.971 0.103
38.971 0.100
38.971 0.097
38.971 0.093
38.971 0.089
38.971 0.084
38.971 0.081
38.971 0.078
38.971 0.075
38.959 0.072
38.915 0.069
38.871 0.066
38.827 0.063
38.783 0.060
38.739 0.056
38.695 0.053
38.650 0.049
38.606 0.046
