164.539 1.568
185.225 1.638
210.201 1.707
239.397 1.777
268.593 1.869
298.765 1.975
336.113 2.081
373.461 2.189
410.809 2.306
455.585 2.422
503.035 2.538
550.484 2.709
599.813 2.890
652.618 3.070
705.423 3.257
758.227 3.452
813.016 3.647
867.874 3.838
922.732 3.988
978.974 4.139
1036.210 4.290
1093.447 4.465
1149.880 4.651
1203.059 4.838
1256.237 5.022
1309.416 5.204
1349.248 5.386
1386.018 5.568
1422.788 5.758
1462.909 5.948
1507.489 6.139
1552.069 6.337
1597.119 6.541
1652.224 6.745
1707.329 6.958
1762.435 7.219
1824.488 7.481
1890.115 7.742
1955.743 8.021
2023.203 8.305
2095.471 8.588
2167.739 8.862
2240.007 9.119
2303.737 9.376
2366.427 9.633
2429.117 9.806
2447.220 9.979
2421.992 10.152
2396.763 10.302
2364.872 10.440
2285.374 10.577
2205.875 10.707
2126.377 10.814
2047.843 10.920
1969.651 11.027
1891.458 11.118
1818.133 11.207
1753.689 11.295
1689.245 11.378
1624.801 11.453
1576.988 11.529
1529.696 11.603
1482.403 11.670
1438.708 11.736
1397.561 11.803
1356.414 11.854
1313.973 11.898
1266.378 11.942
1218.784 11.978
1171.190 11.996
1110.699 12.014
1047.310 12.032
983.921 12.041
921.304 12.050
859.703 12.059
798.101 12.053
736.799 12.036
681.468 12.018
626.136 11.992
570.805 11.921
520.350 11.850
472.369 11.779
424.389 11.732
379.489 11.692
342.551 11.652
305.613 11.621
268.676 11.603
261.003 11.585
256.779 11.568
252.555 11.617
267.680 11.666
301.382 11.714
335.084 11.782
370.456 11.862
417.432 11.942
464.407 12.025
511.382 12.118
563.245 12.211
616.812 12.304
670.380 12.443
725.193 12.589
782.252 12.735
839.310 12.871
896.369 12.995
956.421 13.119
1016.557 13.245
1076.693 13.392
1134.909 13.538
1191.782 13.684
1248.655 13.828
1302.030 13.969
1341.751 14.111
1381.471 14.259
1421.192 14.418
1462.604 14.578
1504.388 14.738
1546.173 14.914
1596.584 15.091
1658.194 15.268
1719.804 15.458
1781.823 15.657
1851.471 15.857
1921.120 16.060
1990.769 16.281
2064.986 16.503
2141.489 16.725
2217.993 16.919
2288.222 17.105
2342.473 17.291
2396.724 17.453
2450.976 17.577
2424.332 17.701
2388.460 17.825
2352.588 17.918
2294.171 18.011
2214.369 18.104
2134.567 18.184
2055.322 18.255
1979.846 18.326
1904.369 18.394
1828.893 18.456
1762.607 18.518
1699.476 18.581
1636.344 18.635
1579.464 18.688
1533.693 18.741
1487.921 18.788
1442.150 18.828
1401.916 18.868
1361.820 18.906
1321.724 18.924
1275.010 18.942
1223.722 18.959
1172.434 18.965
1118.663 18.965
1055.376 18.965
992.088 18.960
928.801 18.947
868.013 18.934
807.764 18.920
747.515 18.878
688.644 18.834
631.539 18.789
574.434 18.740
517.928 18.687
471.958 18.634
425.989 18.580
380.019 18.522
341.566 18.465
306.826 18.407
272.085 18.384
248.555 18.371
253.148 18.357
257.740 18.371
262.333 18.424
298.518 18.477
338.188 18.530
377.858 18.601
422.132 18.672
470.718 18.743
519.304 18.825
568.669 18.914
623.167 19.002
677.664 19.095
732.161 19.202
789.536 19.308
847.885 19.415
906.233 19.567
965.299 19.726
1025.625 19.886
1085.952 20.018
1146.278 20.120
1198.928 20.222
1251.411 20.326
1303.894 20.445
1348.191 20.565
1386.901 20.685
1425.610 20.817
1466.122 20.954
1513.414 21.092
1560.705 21.236
1607.997 21.396
1668.889 21.556
1732.654 21.715
1796.419 21.896
1864.160 22.077
1936.936 22.259
2009.713 22.448
2082.778 22.643
2160.638 22.838
2238.498 23.026
2316.358 23.177
2363.991 23.327
2396.901 23.478
2429.810 23.587
2437.019 23.685
2380.712 23.782
2324.405 23.871
2268.098 23.946
2189.561 24.022
2108.655 24.097
2027.749 24.150
1950.300 24.203
1876.052 24.256
1801.804 24.304
1729.859 24.348
1672.681 24.392
1615.504 24.436
1558.326 24.476
1512.475 24.515
1470.390 24.555
1428.304 24.584
1386.599 24.610
1345.551 24.637
1304.503 24.655
1263.455 24.664
1207.764 24.673
1151.800 24.680
1095.837 24.666
1034.447 24.653
969.401 24.640
904.354 24.620
840.560 24.598
781.392 24.576
722.224 24.549
663.056 24.514
608.542 24.478
554.991 24.443
501.440 24.378
452.204 24.312
408.368 24.245
364.531 24.191
321.923 24.147
298.606 24.103
275.289 24.066
251.972 24.066
255.230 24.066
271.256 24.066
287.281 24.111
311.283 24.169
354.709 24.226
398.136 24.288
441.563 24.354
491.689 24.421
542.504 24.487
593.319 24.563
646.789 24.638
702.686 24.713
758.584 24.808
815.056 24.915
875.121 25.021
935.187 25.136
995.252 25.278
1054.943 25.420
1114.513 25.562
1174.082 25.658
1228.842 25.747
1275.382 25.835
1321.923 25.937
1368.463 26.052
1405.848 26.167
1443.092 26.284
1480.335 26.417
1529.297 26.550
1586.056 26.683
1642.816 26.822
1701.446 26.964
1766.861 27.106
1832.276 27.257
1897.692 27.425
1972.053 27.594
2048.225 27.762
2124.397 27.939
2201.685 28.116
2280.351 28.294
2359.017 28.519
2432.609 28.783
2430.604 29.048
2428.599 29.266
2426.594 29.266
2374.405 29.266
2298.438 29.266
2222.472 29.300
2145.617 29.345
2066.629 29.389
1987.641 29.433
1908.653 29.477
1837.477 29.521
1767.075 29.565
1696.673 29.609
1636.592 29.653
1585.837 29.697
1535.081 29.713
1485.746 29.713
1445.067 29.713
1404.387 29.725
1363.707 29.769
1321.168 29.813
1278.030 29.857
1234.892 29.863
1184.729 29.863
1122.720 29.863
1060.710 29.863
998.700 29.863
935.460 29.863
872.205 29.858
808.951 29.814
748.849 29.770
690.820 29.726
632.791 29.682
576.371 29.638
525.689 29.594
475.006 29.535
424.323 29.447
382.738 29.359
342.953 29.270
303.169 29.224
276.870 29.180
267.031 29.136
257.193 29.141
250.023 29.185
280.659 29.229
311.294 29.273
341.929 29.317
383.566 29.362
430.342 29.406
477.119 29.485
525.885 29.573
579.355 29.661
632.825 29.750
686.295 29.838
743.810 29.926
801.712 30.014
859.613 30.102
918.995 30.191
979.697 30.279
1040.400 30.395
1100.507 30.528
1157.072 30.660
1213.636 30.781
1270.201 30.869
1314.780 30.958
1355.566 31.046
1396.353 31.173
1437.627 31.305
1479.716 31.437
1521.804 31.570
1563.893 31.702
1625.650 31.834
1687.589 31.967
1749.527 32.099
1817.127 32.231
1888.400 32.364
1959.673 32.496
2032.368 32.629
2110.038 32.761
2187.709 32.908
2265.380 33.084
2321.729 33.261
2373.948 33.437
2426.167 33.530
2436.759 33.618
2397.157 33.707
2357.556 33.770
2315.110 33.814
2234.278 33.858
2153.445 33.902
2072.612 33.946
1994.239 33.990
1917.000 34.035
1839.761 34.079
1767.206 34.123
1705.568 34.167
1643.931 34.211
1582.294 34.255
1537.274 34.299
1493.782 34.343
1450.289 34.388
1408.024 34.432
1366.840 34.476
1325.657 34.492
1282.982 34.492
1231.655 34.492
1180.328 34.480
1129.001 34.436
1068.633 34.392
1005.452 34.348
942.271 34.342
879.411 34.342
817.078 34.342
754.744 34.321
692.411 34.276
637.217 34.232
582.066 34.188
526.915 34.144
477.526 34.100
431.829 34.056
386.132 34.012
343.382 33.968
310.775 33.924
278.168 33.879
245.561 33.835
250.242 33.791
261.985 33.747
273.728 33.787
299.562 33.831
342.181 33.875
384.800 33.944
427.987 34.033
478.488 34.121
528.989 34.201
579.490 34.245
633.221 34.289
688.419 34.333
743.618 34.413
800.289 34.501
860.343 34.589
920.397 34.696
980.452 34.828
1040.524 34.960
1100.598 35.091
1160.672 35.180
1214.345 35.268
1262.442 35.356
1310.539 35.444
1357.162 35.533
1395.440 35.621
1433.718 35.721
1471.996 35.853
1522.458 35.985
1576.647 36.118
1630.837 36.250
1688.906 36.382
1753.269 36.515
1817.632 36.647
1881.996 36.780
1959.311 36.912
2036.665 37.044
2114.020 37.177
2192.047 37.309
2270.501 37.441
2348.954 37.574
2411.007 37.706
2417.589 37.838
2424.172 37.971
2430.755 38.103
2368.214 38.235
2292.880 38.368
2217.546 38.416
2140.100 38.460
2060.168 38.504
1980.236 38.548
1901.057 38.592
1831.148 38.636
1761.240 38.681
1691.332 38.725
1633.439 38.769
1580.927 38.813
1528.416 38.857
1479.727 38.901
1439.699 38.945
1399.670 38.971
1359.641 38.971
1318.176 38.971
1276.588 38.971
1235.001 38.971
1182.101 38.971
1119.466 38.971
1056.832 38.971
994.141 38.971
931.140 38.971
868.139 38.959
805.138 38.915
745.741 38.871
687.429 38.827
629.117 38.783
573.882 38.739
523.575 38.695
473.267 38.650
422.960 38.606
