2.560 0.099
2.815 0.114
3.071 0.130
3.326 0.146
3.582 0.164
3.837 0.182
4.092 0.202
4.348 0.222
4.603 0.244
4.859 0.269
5.114 0.295
5.369 0.322
5.625 0.356
5.880 0.407
6.135 0.461
6.391 0.518
6.646 0.575
6.902 0.629
7.157 0.685
7.412 0.744
7.668 0.800
7.923 0.851
8.179 0.904
8.434 0.958
8.689 1.008
8.945 1.054
9.200 1.100
9.456 1.146
9.711 1.193
9.966 1.240
10.222 1.288
10.477 1.336
10.733 1.397
10.988 1.465
11.243 1.535
11.499 1.606
11.754 1.691
12.009 1.781
12.265 1.874
12.520 1.969
12.776 2.098
13.031 2.235
13.286 2.378
13.542 2.524
13.797 2.674
14.053 2.828
14.308 2.986
14.563 3.147
14.819 3.211
15.074 3.275
15.330 3.338
15.585 3.389
15.840 3.349
16.096 3.305
16.351 3.259
16.606 3.210
16.862 3.158
17.117 3.105
17.373 3.049
17.628 2.994
17.883 2.944
18.139 2.892
18.394 2.840
18.650 2.788
18.905 2.742
19.160 2.695
19.416 2.647
19.671 2.601
19.927 2.559
20.182 2.517
20.437 2.474
20.693 2.432
20.948 2.391
21.204 2.349
21.459 2.307
21.714 2.256
21.970 2.200
22.225 2.144
22.480 2.087
22.736 2.014
22.991 1.935
23.247 1.855
23.502 1.775
23.757 1.710
24.013 1.649
24.268 1.588
24.524 1.527
24.779 1.458
25.034 1.387
25.290 1.317
25.545 1.247
25.801 1.149
26.056 1.050
26.311 0.952
26.567 0.857
26.822 0.808
27.078 0.758
27.333 0.709
27.588 0.666
27.844 0.661
28.099 0.656
28.354 0.651
28.610 0.660
28.865 0.725
29.121 0.791
29.376 0.857
29.631 0.928
29.887 1.014
30.142 1.100
30.398 1.187
30.653 1.276
30.908 1.365
31.164 1.456
31.419 1.547
31.675 1.662
31.930 1.805
32.185 1.950
32.441 2.098
32.696 2.209
32.952 2.286
33.207 2.365
33.462 2.444
33.718 2.516
33.973 2.584
34.228 2.652
34.484 2.721
34.739 2.777
34.995 2.828
35.250 2.880
35.505 2.932
35.761 3.008
36.016 3.092
36.272 3.177
36.527 3.263
36.782 3.371
37.038 3.483
37.293 3.596
37.549 3.712
37.804 3.847
38.059 3.985
38.315 4.125
38.570 4.268
38.825 4.421
39.081 4.576
39.336 4.734
39.592 4.873
39.847 4.871
40.102 4.868
40.358 4.865
40.613 4.841
40.869 4.744
41.124 4.645
41.379 4.545
41.635 4.445
41.890 4.345
42.146 4.245
42.401 4.144
42.656 4.044
42.912 3.946
43.167 3.848
43.423 3.750
43.678 3.664
43.933 3.594
44.189 3.524
44.444 3.453
44.699 3.388
44.955 3.329
45.210 3.270
45.466 3.210
45.721 3.149
45.976 3.086
46.232 3.024
46.487 2.961
46.743 2.883
46.998 2.799
47.253 2.715
47.509 2.630
47.764 2.527
48.020 2.419
48.275 2.310
48.530 2.202
48.786 2.115
49.041 2.031
49.297 1.947
49.552 1.863
49.807 1.757
50.063 1.650
50.318 1.544
50.573 1.439
50.829 1.355
51.084 1.271
51.340 1.188
51.595 1.107
51.850 1.042
52.106 0.978
52.361 0.914
52.617 0.867
52.872 0.876
53.127 0.886
53.383 0.895
53.638 0.932
53.894 1.029
54.149 1.126
54.404 1.225
54.660 1.333
54.915 1.456
55.171 1.579
55.426 1.704
55.681 1.820
55.937 1.926
56.192 2.034
56.447 2.142
56.703 2.266
56.958 2.404
57.214 2.543
57.469 2.683
57.724 2.837
57.980 3.001
58.235 3.166
58.491 3.333
58.746 3.394
59.001 3.416
59.257 3.439
59.512 3.462
59.768 3.496
60.023 3.534
60.278 3.571
60.534 3.609
60.789 3.710
61.044 3.819
61.300 3.928
61.555 4.039
61.811 4.155
62.066 4.271
62.321 4.389
62.577 4.510
62.832 4.655
63.088 4.801
63.343 4.950
63.598 5.101
63.854 5.259
64.109 5.419
64.365 5.581
64.620 5.690
64.875 5.625
65.131 5.559
65.386 5.492
65.642 5.403
65.897 5.270
66.152 5.135
66.408 5.000
66.663 4.871
66.918 4.752
67.174 4.633
67.429 4.513
67.685 4.404
67.940 4.306
68.195 4.209
68.451 4.111
68.706 4.025
68.962 3.948
69.217 3.871
69.472 3.793
69.728 3.721
69.983 3.652
70.239 3.583
70.494 3.513
70.749 3.442
71.005 3.370
71.260 3.298
71.516 3.226
71.771 3.125
72.026 3.018
72.282 2.912
72.537 2.804
72.792 2.691
73.048 2.577
73.303 2.464
73.559 2.350
73.814 2.247
74.069 2.144
74.325 2.041
74.580 1.940
74.836 1.856
75.091 1.772
75.346 1.688
75.602 1.600
75.857 1.491
76.113 1.382
76.368 1.273
76.623 1.179
76.879 1.124
77.134 1.069
77.389 1.014
77.645 0.995
77.900 1.044
78.156 1.094
78.411 1.144
78.666 1.223
78.922 1.340
79.177 1.458
79.433 1.576
79.688 1.701
79.943 1.834
80.199 1.967
80.454 2.101
80.710 2.228
80.965 2.351
81.220 2.474
81.476 2.597
81.731 2.737
81.987 2.884
82.242 3.033
82.497 3.182
82.753 3.335
83.008 3.491
83.263 3.648
83.519 3.807
83.774 3.849
84.030 3.870
84.285 3.892
84.540 3.913
84.796 3.961
85.051 4.011
85.307 4.061
85.562 4.112
85.817 4.226
86.073 4.340
86.328 4.455
86.584 4.571
86.839 4.689
87.094 4.808
87.350 4.927
87.605 5.054
87.861 5.206
88.116 5.359
88.371 5.513
88.627 5.667
88.882 5.815
89.137 5.965
89.393 6.116
89.648 6.166
89.904 6.030
90.159 5.891
90.414 5.750
90.670 5.612
90.925 5.484
91.181 5.356
91.436 5.228
91.691 5.101
91.947 4.974
92.202 4.846
92.458 4.718
92.713 4.607
92.968 4.507
93.224 4.406
93.479 4.305
93.735 4.223
93.990 4.149
94.245 4.076
94.501 4.002
94.756 3.928
95.011 3.855
95.267 3.781
95.522 3.708
95.778 3.624
96.033 3.538
96.288 3.452
96.544 3.365
96.799 3.248
97.055 3.129
97.310 3.009
97.565 2.890
97.821 2.758
98.076 2.626
98.332 2.495
98.587 2.371
98.842 2.308
99.098 2.245
99.353 2.182
99.608 2.106
99.864 1.975
100.119 1.845
100.375 1.715
100.630 1.593
100.885 1.491
101.141 1.390
101.396 1.289
101.652 1.213
101.907 1.179
102.162 1.145
102.418 1.110
102.673 1.133
102.929 1.226
103.184 1.318
103.439 1.411
103.695 1.533
103.950 1.679
104.206 1.826
104.461 1.973
104.716 2.110
104.972 2.240
105.227 2.371
105.482 2.502
105.738 2.647
105.993 2.799
106.249 2.951
106.504 3.104
106.759 3.249
107.015 3.392
107.270 3.535
107.526 3.680
107.781 3.796
108.036 3.908
108.292 4.021
108.547 4.135
108.803 4.189
109.058 4.241
109.313 4.292
109.569 4.347
109.824 4.466
110.080 4.586
110.335 4.706
110.590 4.820
110.846 4.879
111.101 4.939
111.356 4.999
111.612 5.076
111.867 5.217
112.123 5.358
112.378 5.500
112.633 5.646
112.889 5.802
113.144 5.959
113.400 6.117
113.655 6.229
113.910 6.264
114.166 6.300
114.421 6.335
114.677 6.290
114.932 6.151
115.187 6.011
115.443 5.871
115.698 5.723
115.954 5.569
116.209 5.414
116.464 5.259
116.720 5.124
116.975 5.001
117.230 4.877
117.486 4.753
117.741 4.652
117.997 4.560
118.252 4.468
118.507 4.375
118.763 4.303
119.018 4.236
119.274 4.169
119.529 4.102
119.784 4.023
120.040 3.943
120.295 3.862
120.551 3.781
120.806 3.677
121.061 3.572
121.317 3.467
121.572 3.359
121.827 3.204
122.083 3.048
122.338 2.894
122.594 2.749
122.849 2.668
123.104 2.587
123.360 2.506
123.615 2.423
123.871 2.333
124.126 2.243
124.381 2.154
124.637 2.050
124.892 1.915
125.148 1.781
125.403 1.647
125.658 1.532
125.914 1.447
126.169 1.362
126.425 1.277
126.680 1.239
126.935 1.251
127.191 1.263
127.446 1.275
127.701 1.358
127.957 1.495
128.212 1.634
128.468 1.772
128.723 1.925
128.978 2.087
129.234 2.249
129.489 2.412
129.745 2.544
130.000 2.665
