2.558 514.531
2.813 585.921
3.069 657.504
3.324 729.615
3.580 801.726
3.835 873.837
4.090 945.238
4.346 1015.341
4.601 1085.444
4.857 1155.547
5.112 1225.921
5.367 1296.643
5.623 1367.364
5.878 1438.085
6.134 1509.555
6.389 1581.708
6.644 1653.860
6.900 1726.013
7.155 1796.941
7.411 1867.078
7.666 1937.215
7.921 2007.352
8.177 2077.617
8.432 2147.940
8.687 2218.263
8.943 2288.586
9.198 2360.394
9.454 2432.630
9.709 2504.866
9.964 2577.102
10.220 2647.406
10.475 2717.398
10.731 2787.390
10.986 2857.383
11.241 2927.815
11.497 2998.273
11.752 3068.731
12.008 3139.242
12.263 3211.481
12.518 3283.721
12.774 3355.961
13.029 3427.938
13.285 3497.883
13.540 3567.827
13.795 3637.772
14.051 3707.790
14.306 3778.105
14.562 3848.420
14.817 3918.736
15.072 3983.770
15.328 4035.441
15.583 4087.113
15.839 4138.784
16.094 4144.100
16.349 4069.721
16.605 3995.343
16.860 3920.964
17.116 3848.296
17.371 3777.699
17.626 3707.103
17.882 3636.506
18.137 3565.075
18.392 3492.925
18.648 3420.774
18.903 3348.624
19.159 3277.548
19.414 3207.128
19.669 3136.708
19.925 3066.287
20.180 2995.757
20.436 2925.180
20.691 2854.603
20.946 2784.026
21.202 2712.471
21.457 2640.655
21.713 2568.839
21.968 2497.024
22.223 2426.210
22.479 2355.540
22.734 2284.870
22.990 2214.200
23.245 2143.181
23.500 2072.146
23.756 2001.111
24.011 1930.066
24.267 1858.777
24.522 1787.489
24.777 1716.200
25.033 1644.967
25.288 1574.109
25.544 1503.251
25.799 1432.392
26.054 1361.527
26.310 1290.637
26.565 1219.747
26.821 1148.857
27.076 1078.176
27.331 1007.988
27.587 937.799
27.842 867.611
28.097 838.230
28.353 874.956
28.608 911.683
28.864 948.409
29.119 1001.130
29.374 1072.167
29.630 1143.203
29.885 1214.240
30.141 1285.133
30.396 1355.908
30.651 1426.683
30.907 1497.458
31.162 1568.693
31.418 1640.194
31.673 1711.694
31.928 1783.195
32.184 1854.108
32.439 1924.791
32.695 1995.475
32.950 2066.159
33.205 2136.497
33.461 2206.751
33.716 2277.004
33.972 2347.258
34.227 2418.701
34.482 2490.292
34.738 2561.884
34.993 2633.476
35.249 2704.658
35.504 2775.830
35.759 2847.001
36.015 2918.134
36.270 2988.631
36.526 3059.129
36.781 3129.626
37.036 3200.273
37.292 3271.821
37.547 3343.369
37.802 3414.917
38.058 3486.341
38.313 3557.342
38.569 3628.343
38.824 3699.344
39.079 3770.162
39.335 3840.572
39.590 3910.982
39.846 3981.392
40.101 4037.968
40.356 4073.406
40.612 4108.844
40.867 4144.282
41.123 4126.756
41.378 4051.874
41.633 3976.992
41.889 3902.110
42.144 3829.123
42.400 3757.597
42.655 3686.070
42.910 3614.544
43.166 3543.973
43.421 3473.917
43.677 3403.862
43.932 3333.806
44.187 3262.739
44.443 3191.304
44.698 3119.869
44.954 3048.433
45.209 2977.086
45.464 2905.758
45.720 2834.430
45.975 2763.102
46.231 2692.964
46.486 2622.954
46.741 2552.944
46.997 2482.934
47.252 2410.909
47.507 2338.857
47.763 2266.806
48.018 2194.839
48.274 2123.973
48.529 2053.107
48.784 1982.241
49.040 1911.518
49.295 1841.571
49.551 1771.625
49.806 1701.678
50.061 1631.106
50.317 1558.557
50.572 1486.008
50.828 1413.459
51.083 1341.697
51.338 1271.568
51.594 1201.439
51.849 1131.310
52.105 1061.123
52.360 990.851
52.615 920.580
52.871 850.308
53.126 844.673
53.382 905.240
53.637 965.807
53.892 1026.374
54.148 1093.194
54.403 1164.570
54.659 1235.945
54.914 1307.321
55.169 1378.030
55.425 1448.401
55.680 1518.771
55.936 1589.142
56.191 1660.572
56.446 1732.360
56.702 1804.148
56.957 1875.936
57.212 1946.686
57.468 2017.227
57.723 2087.769
57.979 2158.310
58.234 2228.836
58.489 2299.361
58.745 2369.887
59.000 2440.413
59.256 2511.882
59.511 2583.350
59.766 2654.819
60.022 2726.247
60.277 2797.242
60.533 2868.237
60.788 2939.233
61.043 3010.162
61.299 3080.773
61.554 3151.383
61.810 3221.994
62.065 3292.862
62.320 3364.485
62.576 3436.109
62.831 3507.732
63.087 3579.177
63.342 3650.275
63.597 3721.373
63.853 3792.472
64.108 3863.195
64.364 3933.409
64.619 4003.623
64.874 4073.837
65.130 4105.291
65.385 4099.194
65.641 4093.097
65.896 4087.000
66.151 4042.144
66.407 3970.624
66.662 3899.104
66.917 3827.584
67.173 3755.665
67.428 3683.556
67.684 3611.447
67.939 3539.338
68.194 3468.314
68.450 3397.630
68.705 3326.946
68.961 3256.263
69.216 3186.102
69.471 3116.036
69.727 3045.971
69.982 2975.906
70.238 2904.055
70.493 2832.071
70.748 2760.087
71.004 2688.123
71.259 2617.531
71.515 2546.938
71.770 2476.345
72.025 2405.788
72.281 2335.548
72.536 2265.308
72.792 2195.068
73.047 2124.468
73.302 2052.268
73.558 1980.068
73.813 1907.868
74.069 1836.168
74.324 1765.831
74.579 1695.494
74.835 1625.157
75.090 1554.485
75.346 1483.198
75.601 1411.912
75.856 1340.625
76.112 1269.482
76.367 1198.523
76.622 1127.563
76.878 1056.604
77.133 1001.501
77.389 960.925
77.644 920.349
77.899 879.774
78.155 909.381
78.410 984.552
78.666 1059.723
78.921 1134.895
79.176 1206.934
79.432 1277.573
79.687 1348.211
79.943 1418.849
80.198 1489.120
80.453 1559.285
80.709 1629.449
80.964 1699.614
81.220 1771.358
81.475 1843.360
81.730 1915.362
81.986 1987.364
82.241 2057.917
82.497 2128.385
82.752 2198.852
83.007 2269.315
83.263 2339.611
83.518 2409.906
83.774 2480.201
84.029 2550.682
84.284 2622.613
84.540 2694.543
84.795 2766.474
85.051 2838.124
85.306 2908.637
85.561 2979.151
85.817 3049.664
86.072 3120.193
86.327 3190.762
86.583 3261.331
86.838 3331.900
87.094 3402.884
87.349 3474.584
87.604 3546.285
87.860 3617.986
88.115 3689.376
88.371 3760.389
88.626 3831.402
88.881 3902.414
89.137 3973.048
89.392 4043.353
89.648 4113.659
89.903 4183.964
90.158 4177.357
90.414 4123.664
90.669 4069.971
90.925 4016.277
91.180 3949.603
91.435 3877.490
91.691 3805.377
91.946 3733.264
92.202 3662.437
92.457 3591.953
92.712 3521.470
92.968 3450.986
93.223 3379.158
93.479 3307.137
93.734 3235.115
93.989 3163.093
94.245 3092.971
94.500 3022.931
94.756 2952.891
95.011 2882.829
95.266 2812.264
95.522 2741.700
95.777 2671.135
96.032 2600.374
96.288 2528.267
96.543 2456.160
96.799 2384.053
97.054 2312.380
97.309 2242.322
97.565 2172.265
97.820 2102.207
98.076 2031.736
98.331 1960.281
98.586 1888.826
98.842 1817.371
99.097 1746.160
99.353 1675.345
99.608 1604.531
99.863 1533.716
100.119 1463.174
100.374 1392.946
100.630 1322.718
100.885 1252.490
101.140 1181.414
101.396 1109.642
101.651 1037.870
101.907 966.098
102.162 948.790
102.417 962.899
102.673 977.007
102.928 991.116
103.184 1046.669
103.439 1118.445
103.694 1190.221
103.950 1261.997
104.205 1333.050
104.461 1403.926
104.716 1474.802
104.971 1545.678
105.227 1616.607
105.482 1687.543
105.737 1758.478
105.993 1829.414
106.248 1901.415
106.504 1973.447
106.759 2045.478
107.014 2117.405
107.270 2187.588
107.525 2257.770
107.781 2327.952
108.036 2398.175
108.291 2468.643
108.547 2539.111
108.802 2609.578
109.058 2680.429
109.313 2752.596
109.568 2824.762
109.824 2896.929
110.079 2968.467
110.335 3038.608
110.590 3108.748
110.845 3178.889
111.101 3249.103
111.356 3319.428
111.612 3389.753
111.867 3460.078
112.122 3531.315
112.378 3603.542
112.633 3675.770
112.889 3747.998
113.144 3819.039
113.399 3889.160
113.655 3959.280
113.910 4029.401
114.166 4073.338
114.421 4103.058
114.676 4132.777
114.932 4162.497
115.187 4116.921
115.442 4043.863
115.698 3970.805
115.953 3897.746
116.209 3826.515
116.464 3755.692
116.719 3684.870
116.975 3614.047
117.230 3542.767
117.486 3471.437
117.741 3400.107
117.996 3328.777
118.252 3257.384
118.507 3185.991
118.763 3114.598
119.018 3043.291
119.273 2973.128
119.529 2902.966
119.784 2832.803
120.040 2762.412
120.295 2690.773
120.550 2619.133
120.806 2547.494
121.061 2476.025
121.317 2405.095
121.572 2334.166
121.827 2263.236
122.083 2192.635
122.338 2122.718
122.594 2052.801
122.849 1982.885
123.104 1911.972
123.360 1839.617
123.615 1767.262
123.871 1694.907
124.126 1623.482
124.381 1553.012
124.637 1482.543
124.892 1412.073
125.147 1341.833
125.403 1271.762
125.658 1201.690
125.914 1131.619
126.169 1064.406
126.424 998.651
126.680 932.897
126.935 867.143
127.191 905.247
127.446 978.617
127.701 1051.986
127.957 1125.356
128.212 1196.935
128.468 1268.150
128.723 1339.365
128.978 1410.580
129.234 1481.821
129.489 1553.063
129.745 1624.306
130.000 1695.549
