514.531 1.568
585.921 1.628
657.504 1.688
729.615 1.749
801.726 1.812
873.837 1.903
945.238 1.995
1015.341 2.086
1085.444 2.179
1155.547 2.280
1225.921 2.380
1296.643 2.481
1367.364 2.596
1438.085 2.752
1509.555 2.908
1581.708 3.064
1653.860 3.224
1726.013 3.392
1796.941 3.561
1867.078 3.729
1937.215 3.881
2007.352 4.011
2077.617 4.142
2147.940 4.272
2218.263 4.418
2288.586 4.579
2360.394 4.740
2432.630 4.900
2504.866 5.059
2577.102 5.216
2647.406 5.373
2717.398 5.530
2787.390 5.693
2857.383 5.857
2927.815 6.022
2998.273 6.187
3068.731 6.361
3139.242 6.537
3211.481 6.713
3283.721 6.889
3355.961 7.108
3427.938 7.334
3497.883 7.560
3567.827 7.786
3637.772 8.030
3707.790 8.275
3778.105 8.520
3848.420 8.765
3918.736 8.987
3983.770 9.210
4035.441 9.432
4087.113 9.647
4138.784 9.796
4144.100 9.946
4069.721 10.095
3995.343 10.239
3920.964 10.358
3848.296 10.477
3777.699 10.596
3707.103 10.707
3636.506 10.799
3565.075 10.891
3492.925 10.983
3420.774 11.070
3348.624 11.146
3277.548 11.223
3207.128 11.300
3136.708 11.371
3066.287 11.436
2995.757 11.501
2925.180 11.567
2854.603 11.628
2784.026 11.685
2712.471 11.743
2640.655 11.800
2568.839 11.846
2497.024 11.884
2426.210 11.923
2355.540 11.961
2284.870 11.983
2214.200 11.999
2143.181 12.014
2072.146 12.029
2001.111 12.039
1930.066 12.046
1858.777 12.054
1787.489 12.062
1716.200 12.050
1644.967 12.034
1574.109 12.019
1503.251 12.004
1432.392 11.945
1361.527 11.884
1290.637 11.822
1219.747 11.762
1148.857 11.727
1078.176 11.693
1007.988 11.658
937.799 11.626
867.611 11.611
838.230 11.595
874.956 11.580
911.683 11.576
948.409 11.618
1001.130 11.660
1072.167 11.703
1143.203 11.752
1214.240 11.821
1285.133 11.890
1355.908 11.959
1426.683 12.032
1497.458 12.113
1568.693 12.193
1640.194 12.274
1711.694 12.375
1783.195 12.501
1854.108 12.628
1924.791 12.754
1995.475 12.870
2066.159 12.978
2136.497 13.085
2206.751 13.192
2277.004 13.311
2347.258 13.438
2418.701 13.564
2490.292 13.691
2561.884 13.815
2633.476 13.937
2704.658 14.060
2775.830 14.182
2847.001 14.317
2918.134 14.455
2988.631 14.593
3059.129 14.731
3129.626 14.882
3200.273 15.036
3271.821 15.189
3343.369 15.342
3414.917 15.514
3486.341 15.686
3557.342 15.859
3628.343 16.032
3699.344 16.223
3770.162 16.415
3840.572 16.607
3910.982 16.794
3981.392 16.955
4037.968 17.116
4073.406 17.277
4108.844 17.427
4144.282 17.534
4126.756 17.641
4051.874 17.749
3976.992 17.848
3902.110 17.929
3829.123 18.009
3757.597 18.089
3686.070 18.163
3614.544 18.224
3543.973 18.285
3473.917 18.347
3403.862 18.404
3333.806 18.458
3262.739 18.512
3191.304 18.565
3119.869 18.615
3048.433 18.661
2977.086 18.707
2905.758 18.753
2834.430 18.791
2763.102 18.826
2692.964 18.860
2622.954 18.895
2552.944 18.916
2482.934 18.931
2410.909 18.946
2338.857 18.962
2266.806 18.965
2194.839 18.965
2123.973 18.965
2053.107 18.965
1982.241 18.954
1911.518 18.943
1841.571 18.931
1771.625 18.920
1701.678 18.882
1631.106 18.844
1558.557 18.806
1486.008 18.767
1413.459 18.721
1341.697 18.675
1271.568 18.629
1201.439 18.582
1131.310 18.533
1061.123 18.483
990.851 18.433
920.580 18.392
850.308 18.380
844.673 18.369
905.240 18.357
965.807 18.364
1026.374 18.410
1093.194 18.456
1164.570 18.502
1235.945 18.554
1307.321 18.615
1378.030 18.676
1448.401 18.738
1518.771 18.806
1589.142 18.883
1660.572 18.959
1732.360 19.036
1804.148 19.121
1875.936 19.213
1946.686 19.305
2017.227 19.397
2087.769 19.519
2158.310 19.657
2228.836 19.795
2299.361 19.933
2369.887 20.034
2440.413 20.122
2511.882 20.211
2583.350 20.299
2654.819 20.399
2726.247 20.503
2797.242 20.606
2868.237 20.710
2939.233 20.827
3010.162 20.946
3080.773 21.065
3151.383 21.183
3221.994 21.321
3292.862 21.459
3364.485 21.597
3436.109 21.736
3507.732 21.893
3579.177 22.050
3650.275 22.207
3721.373 22.366
3792.472 22.535
3863.195 22.704
3933.409 22.872
4003.623 23.032
4073.837 23.162
4105.291 23.292
4099.194 23.422
4093.097 23.538
4087.000 23.622
4042.144 23.706
3970.624 23.791
3899.104 23.867
3827.584 23.932
3755.665 23.998
3683.556 24.063
3611.447 24.118
3539.338 24.164
3468.314 24.210
3397.630 24.256
3326.946 24.298
3256.263 24.336
3186.102 24.375
3116.036 24.413
3045.971 24.449
2975.906 24.483
2904.055 24.518
2832.071 24.552
2760.087 24.578
2688.123 24.601
2617.531 24.624
2546.938 24.647
2476.345 24.657
2405.788 24.665
2335.548 24.673
2265.308 24.680
2195.068 24.670
2124.468 24.659
2052.268 24.647
1980.068 24.636
1907.868 24.617
1836.168 24.598
1765.831 24.578
1695.494 24.558
1625.157 24.528
1554.485 24.497
1483.198 24.466
1411.912 24.431
1340.625 24.374
1269.482 24.316
1198.523 24.259
1127.563 24.206
1056.604 24.168
1001.501 24.130
960.925 24.091
920.349 24.066
879.774 24.066
909.381 24.066
984.552 24.066
1059.723 24.087
1134.895 24.137
1206.934 24.186
1277.573 24.236
1348.211 24.290
1418.849 24.347
1489.120 24.405
1559.285 24.462
1629.449 24.524
1699.614 24.589
1771.358 24.655
1843.360 24.720
1915.362 24.803
1987.364 24.895
2057.917 24.987
2128.385 25.079
2198.852 25.194
2269.315 25.317
2339.611 25.439
2409.906 25.562
2480.201 25.646
2550.682 25.722
2622.613 25.799
2694.543 25.876
2766.474 25.974
2838.124 26.073
2908.637 26.173
2979.151 26.273
3049.664 26.388
3120.193 26.503
3190.762 26.618
3261.331 26.733
3331.900 26.856
3402.884 26.979
3474.584 27.101
3546.285 27.228
3617.986 27.374
3689.376 27.519
3760.389 27.665
3831.402 27.813
3902.414 27.966
3973.048 28.119
4043.353 28.272
4113.659 28.452
4183.964 28.680
4177.357 28.908
4123.664 29.137
4069.971 29.266
4016.277 29.266
3949.603 29.266
3877.490 29.266
3805.377 29.285
3733.264 29.324
3662.437 29.362
3591.953 29.400
3521.470 29.438
3450.986 29.476
3379.158 29.514
3307.137 29.552
3235.115 29.590
3163.093 29.629
3092.971 29.667
3022.931 29.705
2952.891 29.713
2882.829 29.713
2812.264 29.713
2741.700 29.713
2671.135 29.746
2600.374 29.784
2528.267 29.822
2456.160 29.861
2384.053 29.863
2312.380 29.863
2242.322 29.863
2172.265 29.863
2102.207 29.863
2031.736 29.863
1960.281 29.863
1888.826 29.859
1817.371 29.820
1746.160 29.782
1675.345 29.744
1604.531 29.706
1533.716 29.668
1463.174 29.630
1392.946 29.592
1322.718 29.543
1252.490 29.467
1181.414 29.390
1109.642 29.314
1037.870 29.252
966.098 29.213
948.790 29.175
962.899 29.137
977.007 29.133
991.116 29.171
1046.669 29.210
1118.445 29.248
1190.221 29.286
1261.997 29.324
1333.050 29.362
1403.926 29.400
1474.802 29.462
1545.678 29.538
1616.607 29.615
1687.543 29.691
1758.478 29.767
1829.414 29.843
1901.415 29.920
1973.447 29.996
2045.478 30.072
2117.405 30.148
2187.588 30.225
2257.770 30.301
2327.952 30.410
2398.175 30.525
2468.643 30.639
2539.111 30.754
2609.578 30.832
2680.429 30.908
2752.596 30.984
2824.762 31.062
2896.929 31.176
2968.467 31.291
3038.608 31.405
3108.748 31.520
3178.889 31.634
3249.103 31.748
3319.428 31.863
3389.753 31.977
3460.078 32.092
3531.315 32.206
3603.542 32.320
3675.770 32.435
3747.998 32.549
3819.039 32.664
3889.160 32.778
3959.280 32.907
4029.401 33.059
4073.338 33.212
4103.058 33.364
4132.777 33.482
4162.497 33.558
4116.921 33.634
4043.863 33.710
3970.805 33.766
3897.746 33.804
3826.515 33.842
3755.692 33.880
3684.870 33.918
3614.047 33.957
3542.767 33.995
3471.437 34.033
3400.107 34.071
3328.777 34.109
3257.384 34.147
3185.991 34.185
3114.598 34.223
3043.291 34.262
2973.128 34.300
2902.966 34.338
2832.803 34.376
2762.412 34.414
2690.773 34.452
2619.133 34.490
2547.494 34.492
2476.025 34.492
2405.095 34.492
2334.166 34.489
2263.236 34.451
2192.635 34.413
2122.718 34.375
2052.801 34.342
1982.885 34.342
1911.972 34.342
1839.617 34.342
1767.262 34.334
1694.907 34.296
1623.482 34.257
1553.012 34.219
1482.543 34.181
1412.073 34.143
1341.833 34.105
1271.762 34.067
1201.690 34.029
1131.619 33.990
1064.406 33.952
998.651 33.914
932.897 33.876
867.143 33.838
905.247 33.800
978.617 33.762
1051.986 33.766
1125.356 33.805
1196.935 33.843
1268.150 33.881
1339.365 33.944
1410.580 34.020
1481.821 34.096
1553.063 34.172
1624.306 34.221
1695.549 34.259
