28.000 0.057
28.204 0.056
28.409 0.056
28.613 0.057
28.818 0.061
29.022 0.066
29.226 0.070
29.431 0.074
29.635 0.079
29.840 0.085
30.044 0.090
30.248 0.095
30.453 0.101
30.657 0.106
30.862 0.111
31.066 0.117
31.271 0.122
31.475 0.128
31.679 0.134
31.884 0.143
32.088 0.151
32.293 0.159
32.497 0.167
32.701 0.172
32.906 0.175
33.110 0.179
33.315 0.183
33.519 0.186
33.723 0.189
33.928 0.192
34.132 0.194
34.337 0.197
34.541 0.199
34.745 0.201
34.950 0.203
35.154 0.204
35.359 0.206
35.563 0.207
35.768 0.210
35.972 0.213
36.176 0.216
36.381 0.219
36.585 0.223
36.790 0.227
36.994 0.231
37.198 0.235
37.403 0.239
37.607 0.243
37.812 0.248
38.016 0.253
38.220 0.258
38.425 0.263
38.629 0.268
38.834 0.273
39.038 0.278
39.242 0.283
39.447 0.288
39.651 0.289
39.856 0.287
40.060 0.285
40.265 0.283
40.469 0.280
40.673 0.276
40.878 0.270
41.082 0.264
41.287 0.259
41.491 0.253
41.695 0.247
41.900 0.242
42.104 0.237
42.309 0.231
42.513 0.226
42.717 0.221
42.922 0.216
43.126 0.211
43.331 0.207
43.535 0.202
43.739 0.198
43.944 0.195
44.148 0.191
44.353 0.188
44.557 0.184
44.762 0.181
44.966 0.178
45.170 0.175
45.375 0.172
45.579 0.170
45.784 0.167
45.988 0.164
46.192 0.161
46.397 0.158
46.601 0.155
46.806 0.151
47.010 0.148
47.214 0.144
47.419 0.140
47.623 0.136
47.828 0.132
48.032 0.127
48.236 0.123
48.441 0.118
48.645 0.114
48.850 0.111
49.054 0.107
49.259 0.104
49.463 0.100
49.667 0.096
49.872 0.092
50.076 0.087
50.281 0.083
50.485 0.079
50.689 0.075
50.894 0.071
51.098 0.068
51.303 0.064
51.507 0.061
51.711 0.058
51.916 0.055
52.120 0.053
52.325 0.050
52.529 0.047
52.733 0.047
52.938 0.048
53.142 0.048
53.347 0.049
53.551 0.049
53.756 0.053
53.960 0.057
54.164 0.061
54.369 0.065
54.573 0.070
54.778 0.075
54.982 0.080
55.186 0.085
55.391 0.090
55.595 0.095
55.800 0.099
56.004 0.103
56.208 0.108
56.413 0.112
56.617 0.116
56.822 0.122
57.026 0.127
57.230 0.132
57.435 0.137
57.639 0.143
57.844 0.149
58.048 0.155
58.253 0.160
58.457 0.166
58.661 0.169
58.866 0.170
59.070 0.170
59.275 0.170
59.479 0.170
59.683 0.171
59.888 0.172
60.092 0.173
60.297 0.173
60.501 0.174
60.705 0.177
60.910 0.180
61.114 0.183
61.319 0.187
61.523 0.190
61.727 0.193
61.932 0.197
62.136 0.200
62.341 0.204
62.545 0.207
62.749 0.211
62.954 0.215
63.158 0.219
63.363 0.223
63.567 0.227
63.772 0.232
63.976 0.236
64.180 0.240
64.385 0.244
64.589 0.248
64.794 0.244
64.998 0.241
65.202 0.237
65.407 0.234
65.611 0.230
65.816 0.225
66.020 0.220
66.224 0.215
66.429 0.210
66.633 0.205
66.838 0.200
67.042 0.196
67.246 0.191
67.451 0.187
67.655 0.183
67.860 0.180
68.064 0.176
68.269 0.173
68.473 0.169
68.677 0.166
68.882 0.163
69.086 0.161
69.291 0.158
69.495 0.155
69.699 0.153
69.904 0.150
70.108 0.148
70.313 0.145
70.517 0.143
70.721 0.140
70.926 0.138
71.130 0.135
71.335 0.133
71.539 0.131
71.743 0.127
71.948 0.124
72.152 0.120
72.357 0.117
72.561 0.113
72.766 0.110
72.970 0.106
73.174 0.102
73.379 0.099
73.583 0.095
73.788 0.092
73.992 0.088
74.196 0.085
74.401 0.082
74.605 0.079
74.810 0.076
75.014 0.073
75.218 0.071
75.423 0.068
75.627 0.065
75.832 0.062
76.036 0.058
76.240 0.055
76.445 0.051
76.649 0.048
76.854 0.047
77.058 0.045
77.263 0.043
77.467 0.041
77.671 0.042
77.876 0.043
78.080 0.045
78.285 0.047
78.489 0.048
78.693 0.051
78.898 0.055
79.102 0.059
79.307 0.063
79.511 0.066
79.715 0.071
79.920 0.075
80.124 0.079
80.329 0.083
80.533 0.088
80.737 0.091
80.942 0.095
81.146 0.099
81.351 0.103
81.555 0.107
81.760 0.111
81.964 0.115
82.168 0.120
82.373 0.124
82.577 0.129
82.782 0.133
82.986 0.137
83.190 0.142
83.395 0.146
83.599 0.150
83.804 0.150
84.008 0.150
84.212 0.151
84.417 0.151
84.621 0.152
84.826 0.153
85.030 0.154
85.234 0.155
85.439 0.156
85.643 0.158
85.848 0.161
86.052 0.163
86.257 0.166
86.461 0.169
86.665 0.172
86.870 0.175
87.074 0.178
87.279 0.181
87.483 0.184
87.687 0.187
87.892 0.191
88.096 0.194
88.301 0.198
88.505 0.202
88.709 0.205
88.914 0.208
89.118 0.212
89.323 0.215
89.527 0.219
89.731 0.215
89.936 0.209
90.140 0.204
90.345 0.199
90.549 0.194
90.754 0.190
90.958 0.187
91.162 0.183
91.367 0.180
91.571 0.176
91.776 0.173
91.980 0.169
92.184 0.165
92.389 0.162
92.593 0.158
92.798 0.155
93.002 0.152
93.206 0.150
93.411 0.147
93.615 0.144
93.820 0.142
94.024 0.140
94.228 0.138
94.433 0.135
94.637 0.133
94.842 0.131
95.046 0.129
95.251 0.127
95.455 0.125
95.659 0.123
95.864 0.121
96.068 0.118
96.273 0.116
96.477 0.113
96.681 0.111
96.886 0.107
97.090 0.104
97.295 0.101
97.499 0.098
97.703 0.094
97.908 0.091
98.112 0.087
98.317 0.084
98.521 0.080
98.725 0.078
98.930 0.077
99.134 0.075
99.339 0.073
99.543 0.072
99.747 0.069
99.952 0.065
100.156 0.062
100.361 0.058
100.565 0.055
100.770 0.052
100.974 0.049
101.178 0.047
101.383 0.044
101.587 0.042
101.792 0.041
101.996 0.040
102.200 0.039
102.405 0.038
102.609 0.038
102.814 0.041
103.018 0.043
103.222 0.046
103.427 0.048
103.631 0.051
103.836 0.055
104.040 0.059
104.244 0.063
104.449 0.067
104.653 0.071
104.858 0.074
105.062 0.077
105.267 0.081
105.471 0.084
105.675 0.088
105.880 0.092
106.084 0.096
106.289 0.099
106.493 0.103
106.697 0.107
106.902 0.111
107.106 0.114
107.311 0.118
107.515 0.121
107.719 0.124
107.924 0.127
108.128 0.129
108.333 0.132
108.537 0.134
108.741 0.136
108.946 0.137
109.150 0.138
109.355 0.139
109.559 0.140
109.764 0.142
109.968 0.145
110.172 0.148
110.377 0.150
110.581 0.153
110.786 0.154
110.990 0.155
111.194 0.156
111.399 0.157
111.603 0.159
111.808 0.162
112.012 0.165
112.216 0.168
112.421 0.171
112.625 0.174
112.830 0.177
113.034 0.181
113.238 0.184
113.443 0.187
113.647 0.189
113.852 0.189
114.056 0.190
114.261 0.190
114.465 0.190
114.669 0.188
114.874 0.184
115.078 0.181
115.283 0.177
115.487 0.173
115.691 0.170
115.896 0.166
116.100 0.162
116.305 0.158
116.509 0.154
116.713 0.151
116.918 0.148
117.122 0.145
117.327 0.142
117.531 0.139
117.735 0.137
117.940 0.134
118.144 0.132
118.349 0.130
118.553 0.127
118.758 0.126
118.962 0.124
119.166 0.122
119.371 0.121
119.575 0.119
119.780 0.117
119.984 0.115
120.188 0.113
120.393 0.111
120.597 0.109
120.802 0.107
121.006 0.104
121.210 0.102
121.415 0.099
121.619 0.097
121.824 0.093
122.028 0.090
122.232 0.086
122.437 0.082
122.641 0.080
122.846 0.078
123.050 0.076
123.255 0.074
123.459 0.072
123.663 0.070
123.868 0.068
124.072 0.066
124.277 0.064
124.481 0.062
124.685 0.059
124.890 0.056
125.094 0.053
125.299 0.050
125.503 0.047
125.707 0.045
125.912 0.043
126.116 0.041
126.321 0.039
126.525 0.037
126.729 0.037
126.934 0.037
127.138 0.037
127.343 0.038
127.547 0.038
127.752 0.041
127.956 0.044
128.160 0.047
128.365 0.051
128.569 0.054
128.774 0.058
128.978 0.061
129.182 0.065
129.387 0.069
129.591 0.072
129.796 0.075
130.000 0.078
