2.156 0.520
2.452 0.582
2.749 0.647
3.045 0.715
3.341 0.803
3.637 0.905
3.934 1.012
4.230 1.126
4.526 1.246
4.823 1.373
5.119 1.505
5.415 1.618
5.711 1.730
6.008 1.846
6.304 1.932
6.600 1.983
6.896 2.036
7.193 2.089
7.489 2.147
7.785 2.205
8.082 2.264
8.378 2.386
8.674 2.533
8.970 2.683
9.267 2.850
9.563 3.043
9.859 3.242
10.156 3.447
10.452 3.696
10.748 3.953
11.044 4.220
11.341 4.422
11.637 4.586
11.933 4.752
12.230 4.864
12.526 4.807
12.822 4.748
13.118 4.688
13.415 4.590
13.711 4.485
14.007 4.381
14.304 4.276
14.600 4.171
14.896 4.067
15.192 3.965
15.489 3.886
15.785 3.806
16.081 3.726
16.377 3.649
16.674 3.573
16.970 3.497
17.266 3.425
17.563 3.361
17.859 3.297
18.155 3.233
18.451 3.140
18.748 3.047
19.044 2.954
19.340 2.830
19.637 2.687
19.933 2.546
20.229 2.398
20.525 2.226
20.822 2.057
21.118 1.890
21.414 1.719
21.711 1.551
22.007 1.386
22.303 1.246
22.599 1.133
22.896 1.021
23.192 0.933
23.488 1.005
23.784 1.078
24.081 1.151
24.377 1.280
24.673 1.430
24.970 1.583
25.266 1.758
25.562 1.971
25.858 2.190
26.155 2.415
26.451 2.533
26.747 2.652
27.044 2.774
27.340 2.893
27.636 3.012
27.932 3.133
28.229 3.245
28.525 3.325
28.821 3.406
29.118 3.488
29.414 3.564
29.710 3.641
30.006 3.717
30.303 3.839
30.599 4.006
30.895 4.177
31.191 4.355
31.488 4.568
31.784 4.785
32.080 5.006
32.377 5.221
32.673 5.436
32.969 5.655
33.265 5.806
33.562 5.837
33.858 5.867
34.154 5.897
34.451 5.789
34.747 5.680
35.043 5.571
35.339 5.450
35.636 5.322
35.932 5.194
36.228 5.069
36.525 4.953
36.821 4.837
37.117 4.721
37.413 4.618
37.710 4.516
38.006 4.414
38.302 4.316
38.599 4.222
38.895 4.128
39.191 4.036
39.487 3.961
39.784 3.886
40.080 3.811
40.376 3.691
40.672 3.556
40.969 3.421
41.265 3.267
41.561 3.082
41.858 2.897
42.154 2.714
42.450 2.511
42.746 2.310
43.043 2.111
43.339 1.887
43.635 1.649
43.932 1.416
44.228 1.237
44.524 1.218
44.820 1.199
45.117 1.180
45.413 1.315
45.709 1.475
46.006 1.637
46.302 1.822
46.598 2.031
46.894 2.243
47.191 2.463
47.487 2.718
47.783 2.977
48.079 3.241
48.376 3.401
48.672 3.525
48.968 3.650
49.265 3.766
49.561 3.864
49.857 3.963
50.153 4.063
50.450 4.126
50.746 4.188
51.042 4.251
51.339 4.351
51.635 4.475
51.931 4.599
52.227 4.740
52.524 4.930
52.820 5.122
53.116 5.317
53.413 5.533
53.709 5.755
54.005 5.980
54.301 6.199
54.598 6.410
54.894 6.623
55.190 6.805
55.487 6.726
55.783 6.645
56.079 6.564
56.375 6.429
56.672 6.276
56.968 6.122
57.264 5.968
57.560 5.815
57.857 5.662
58.153 5.509
58.449 5.380
58.746 5.252
59.042 5.123
59.338 5.011
59.634 4.910
59.931 4.809
60.227 4.711
60.523 4.627
60.820 4.543
61.116 4.459
61.412 4.352
61.708 4.241
62.005 4.131
62.301 3.989
62.597 3.815
62.894 3.641
63.190 3.462
63.486 3.240
63.782 3.019
64.079 2.799
64.375 2.535
64.671 2.258
64.967 1.983
65.264 1.763
65.560 1.633
65.856 1.504
66.153 1.376
66.449 1.430
66.745 1.486
67.041 1.543
67.338 1.712
67.634 1.956
67.930 2.202
68.227 2.445
68.523 2.673
68.819 2.904
69.115 3.138
69.412 3.404
69.708 3.678
70.004 3.955
70.301 4.152
70.597 4.261
70.893 4.371
71.189 4.477
71.486 4.553
71.782 4.629
72.078 4.705
72.374 4.767
72.671 4.824
72.967 4.881
73.263 4.999
73.560 5.229
73.856 5.463
74.152 5.702
74.448 5.877
74.745 6.053
75.041 6.230
75.337 6.440
75.634 6.673
75.930 6.908
76.226 7.109
76.522 7.191
76.819 7.273
77.115 7.356
77.411 7.259
77.708 7.133
78.004 7.006
78.300 6.847
78.596 6.655
78.893 6.464
79.189 6.277
79.485 6.128
79.782 5.978
80.078 5.829
80.374 5.693
80.670 5.562
80.967 5.431
81.263 5.313
81.559 5.216
81.855 5.120
82.152 5.023
82.448 4.934
82.744 4.844
83.041 4.754
83.337 4.627
83.633 4.475
83.929 4.324
84.226 4.157
84.522 3.938
84.818 3.720
85.115 3.502
85.411 3.263
85.707 3.022
86.003 2.783
86.300 2.507
86.596 2.196
86.892 1.887
87.189 1.613
87.485 1.585
87.781 1.556
88.077 1.528
88.374 1.679
88.670 1.896
88.966 2.114
89.262 2.347
89.559 2.609
89.855 2.873
90.151 3.141
90.448 3.389
90.744 3.639
91.040 3.890
91.336 4.152
91.633 4.421
91.929 4.694
92.225 4.917
92.522 4.973
92.818 5.029
93.114 5.086
93.410 5.149
93.707 5.213
94.003 5.278
94.299 5.367
94.596 5.483
94.892 5.600
95.188 5.724
95.484 5.901
95.781 6.081
96.077 6.262
96.373 6.494
96.669 6.747
96.966 7.003
97.262 7.260
97.558 7.515
97.855 7.774
98.151 8.036
98.447 7.935
98.743 7.827
99.040 7.719
99.336 7.554
99.632 7.351
99.929 7.148
100.225 6.950
100.521 6.769
100.817 6.588
101.114 6.407
101.410 6.259
101.706 6.117
102.003 5.976
102.299 5.849
102.595 5.738
102.891 5.627
103.188 5.516
103.484 5.413
103.780 5.310
104.077 5.207
104.373 5.093
104.669 4.975
104.965 4.856
105.262 4.709
105.558 4.512
105.854 4.314
106.150 4.116
106.447 3.866
106.743 3.616
107.039 3.368
107.336 3.069
107.632 2.738
107.928 2.409
108.224 2.125
108.521 1.986
108.817 1.848
109.113 1.710
109.410 1.775
109.706 1.874
110.002 1.974
110.298 2.167
110.595 2.462
110.891 2.758
111.187 3.054
111.484 3.343
111.780 3.635
112.076 3.929
112.372 4.183
112.669 4.423
112.965 4.665
113.261 4.897
113.557 5.112
113.854 5.328
114.150 5.546
114.446 5.572
114.743 5.593
115.039 5.615
115.335 5.661
115.631 5.724
115.928 5.787
116.224 5.880
116.520 6.073
116.817 6.268
117.113 6.464
117.409 6.705
117.705 6.957
118.002 7.211
118.298 7.468
118.594 7.728
118.891 7.989
119.187 8.229
119.483 8.265
119.779 8.302
120.076 8.338
120.372 8.219
120.668 8.041
120.965 7.863
121.261 7.675
121.557 7.469
121.853 7.264
122.150 7.059
122.446 6.888
122.742 6.719
123.038 6.549
123.335 6.400
123.631 6.264
123.927 6.127
124.224 5.997
124.520 5.890
124.816 5.782
125.112 5.675
125.409 5.575
125.705 5.476
126.001 5.378
126.298 5.238
126.594 5.053
126.890 4.869
127.186 4.679
127.483 4.433
127.779 4.188
128.075 3.943
128.372 3.634
128.668 3.302
128.964 2.971
129.260 2.669
129.557 2.416
129.853 2.165
130.149 1.915
130.445 1.853
130.742 1.796
131.038 1.739
131.334 1.707
131.631 1.692
131.927 1.677
132.223 1.664
132.519 1.654
132.816 1.645
133.112 1.635
133.408 1.626
133.705 1.617
134.001 1.609
134.297 1.601
134.593 1.594
134.890 1.587
135.186 1.580
135.482 1.576
135.779 1.571
136.075 1.567
136.371 1.561
136.667 1.554
136.964 1.547
137.260 1.541
137.556 1.537
137.852 1.532
138.149 1.528
138.445 1.523
138.741 1.518
139.038 1.513
139.334 1.509
139.630 1.506
139.926 1.504
140.223 1.501
140.519 1.498
140.815 1.494
141.112 1.491
141.408 1.487
141.704 1.484
142.000 1.480
142.297 1.477
142.593 1.475
142.889 1.472
143.186 1.470
143.482 1.467
143.778 1.464
144.074 1.462
144.371 1.458
144.667 1.454
144.963 1.450
145.260 1.446
145.556 1.443
145.852 1.441
146.148 1.438
146.445 1.436
146.741 1.433
147.037 1.431
147.333 1.428
147.630 1.425
147.926 1.423
148.222 1.420
148.519 1.419
148.815 1.417
149.111 1.415
149.407 1.413
149.704 1.410
150.000 1.408
