2.156 5.581
2.452 5.759
2.749 5.937
3.045 6.115
3.341 6.334
3.637 6.579
3.934 6.823
4.230 7.077
4.526 7.357
4.823 7.637
5.119 7.917
5.415 8.170
5.711 8.419
6.008 8.667
6.304 8.874
6.600 9.039
6.896 9.203
7.193 9.368
7.489 9.532
7.785 9.697
8.082 9.861
8.378 10.105
8.674 10.377
8.970 10.648
9.267 10.941
9.563 11.269
9.859 11.598
10.156 11.927
10.452 12.318
10.748 12.710
11.044 13.101
11.341 13.426
11.637 13.710
11.933 13.995
12.230 14.228
12.526 14.308
12.822 14.388
13.118 14.468
13.415 14.510
13.711 14.545
14.007 14.581
14.304 14.607
14.600 14.625
14.896 14.643
15.192 14.662
15.489 14.693
15.785 14.725
16.081 14.756
16.377 14.780
16.674 14.802
16.970 14.825
17.266 14.847
17.563 14.869
17.859 14.891
18.155 14.914
18.451 14.909
18.748 14.905
19.044 14.900
19.340 14.860
19.637 14.798
19.933 14.735
20.229 14.662
20.525 14.556
20.822 14.449
21.118 14.342
21.414 14.212
21.711 14.079
22.007 13.945
22.303 13.821
22.599 13.705
22.896 13.590
23.192 13.497
23.488 13.568
23.784 13.639
24.081 13.710
24.377 13.854
24.673 14.023
24.970 14.192
25.266 14.392
25.562 14.646
25.858 14.899
26.155 15.153
26.451 15.317
26.747 15.482
27.044 15.646
27.340 15.825
27.636 16.011
27.932 16.198
28.229 16.375
28.525 16.522
28.821 16.668
29.118 16.815
29.414 16.962
29.710 17.108
30.006 17.255
30.303 17.444
30.599 17.675
30.895 17.906
31.191 18.142
31.488 18.418
31.784 18.694
32.080 18.969
32.377 19.251
32.673 19.536
32.969 19.820
33.265 20.056
33.562 20.207
33.858 20.358
34.154 20.509
34.451 20.559
34.747 20.607
35.043 20.656
35.339 20.686
35.636 20.704
35.932 20.722
36.228 20.738
36.525 20.752
36.821 20.765
37.117 20.778
37.413 20.795
37.710 20.813
38.006 20.831
38.302 20.847
38.599 20.860
38.895 20.873
39.191 20.887
39.487 20.905
39.784 20.923
40.080 20.940
40.376 20.919
40.672 20.883
40.969 20.847
41.265 20.797
41.561 20.722
41.858 20.646
42.154 20.570
42.450 20.468
42.746 20.366
43.043 20.264
43.339 20.123
43.635 19.959
43.932 19.794
44.228 19.663
44.524 19.637
44.820 19.610
45.117 19.583
45.413 19.672
45.709 19.779
46.006 19.886
46.302 20.023
46.598 20.192
46.894 20.361
47.191 20.536
47.487 20.758
47.783 20.980
48.079 21.203
48.376 21.372
48.672 21.523
48.968 21.674
49.265 21.824
49.561 21.971
49.857 22.117
50.153 22.264
50.450 22.389
50.746 22.513
51.042 22.638
51.339 22.790
51.635 22.958
51.931 23.127
52.227 23.308
52.524 23.526
52.820 23.744
53.116 23.962
53.413 24.199
53.709 24.439
54.005 24.679
54.301 24.921
54.598 25.165
54.894 25.410
55.190 25.636
55.487 25.720
55.783 25.805
56.079 25.889
56.375 25.931
56.672 25.958
56.968 25.984
57.264 26.004
57.560 26.013
57.857 26.022
58.153 26.031
58.449 26.049
58.746 26.067
59.042 26.084
59.338 26.099
59.634 26.113
59.931 26.126
60.227 26.139
60.523 26.153
60.820 26.166
61.116 26.179
61.412 26.177
61.708 26.173
62.005 26.169
62.301 26.142
62.597 26.093
62.894 26.045
63.190 25.992
63.486 25.912
63.782 25.832
64.079 25.752
64.375 25.633
64.671 25.499
64.967 25.366
65.264 25.250
65.560 25.166
65.856 25.081
66.153 24.997
66.449 25.005
66.745 25.014
67.041 25.023
67.338 25.111
67.634 25.248
67.930 25.386
68.227 25.528
68.523 25.684
68.819 25.839
69.115 25.995
69.412 26.193
69.708 26.397
70.004 26.602
70.301 26.769
70.597 26.898
70.893 27.027
71.189 27.156
71.486 27.285
71.782 27.414
72.078 27.543
72.374 27.662
72.671 27.777
72.967 27.893
73.263 28.090
73.560 28.431
73.856 28.771
74.152 29.112
74.448 29.247
74.745 29.380
75.041 29.513
75.337 29.700
75.634 29.921
75.930 30.142
76.226 30.353
76.522 30.530
76.819 30.707
77.115 30.884
77.411 30.946
77.708 30.990
78.004 31.035
78.300 31.057
78.596 31.057
78.893 31.057
79.189 31.062
79.485 31.106
79.782 31.151
80.078 31.195
80.374 31.207
80.670 31.207
80.967 31.207
81.263 31.207
81.559 31.207
81.855 31.207
82.152 31.207
82.448 31.250
82.744 31.294
83.041 31.339
83.337 31.329
83.633 31.285
83.929 31.240
84.226 31.196
84.522 31.152
84.818 31.108
85.115 31.063
85.411 30.981
85.707 30.893
86.003 30.804
86.300 30.673
86.596 30.496
86.892 30.319
87.189 30.157
87.485 30.112
87.781 30.068
88.077 30.024
88.374 30.077
88.670 30.166
88.966 30.254
89.262 30.374
89.559 30.551
89.855 30.728
90.151 30.905
90.448 31.039
90.744 31.171
91.040 31.304
91.336 31.464
91.633 31.641
91.929 31.818
92.225 31.984
92.522 32.117
92.818 32.250
93.114 32.382
93.410 32.477
93.707 32.566
94.003 32.654
94.299 32.764
94.596 32.897
94.892 33.029
95.188 33.167
95.484 33.344
95.781 33.521
96.077 33.698
96.373 33.907
96.669 34.128
96.966 34.350
97.262 34.587
97.558 34.852
97.855 35.117
98.151 35.383
98.447 35.431
98.743 35.475
99.040 35.519
99.336 35.564
99.632 35.608
99.929 35.652
100.225 35.686
100.521 35.686
100.817 35.686
101.114 35.686
101.410 35.686
101.706 35.686
102.003 35.686
102.299 35.707
102.595 35.752
102.891 35.796
103.188 35.835
103.484 35.835
103.780 35.835
104.077 35.835
104.373 35.835
104.669 35.835
104.965 35.835
105.262 35.835
105.558 35.835
105.854 35.835
106.150 35.835
106.447 35.705
106.743 35.572
107.039 35.440
107.336 35.334
107.632 35.245
107.928 35.157
108.224 35.079
108.521 35.034
108.817 34.990
109.113 34.946
109.410 34.939
109.706 34.939
110.002 34.939
110.298 34.982
110.595 35.070
110.891 35.159
111.187 35.257
111.484 35.434
111.780 35.611
112.076 35.788
112.372 35.932
112.669 36.065
112.965 36.198
113.261 36.346
113.557 36.523
113.854 36.700
114.150 36.877
114.446 36.967
114.743 37.056
115.039 37.144
115.335 37.233
115.631 37.321
115.928 37.410
116.224 37.529
116.520 37.750
116.817 37.971
117.113 38.192
117.409 38.451
117.705 38.717
118.002 38.982
118.298 39.205
118.594 39.382
118.891 39.559
119.187 39.731
119.483 39.864
119.779 39.997
120.076 40.129
120.372 40.230
120.668 40.318
120.965 40.407
121.261 40.464
121.557 40.464
121.853 40.464
122.150 40.464
122.446 40.464
122.742 40.464
123.038 40.464
123.335 40.491
123.631 40.535
123.927 40.579
124.224 40.613
124.520 40.613
124.816 40.613
125.112 40.613
125.409 40.613
125.705 40.613
126.001 40.613
126.298 40.592
126.594 40.548
126.890 40.504
127.186 40.460
127.483 40.415
127.779 40.371
128.075 40.327
128.372 40.250
128.668 40.162
128.964 40.073
129.260 39.985
129.557 39.897
129.853 39.808
130.149 39.720
130.445 39.674
130.742 39.630
131.038 39.586
131.334 39.542
131.631 39.497
131.927 39.453
132.223 39.419
132.519 39.419
132.816 39.419
133.112 39.419
133.408 39.381
133.705 39.337
134.001 39.293
134.297 39.270
134.593 39.270
134.890 39.270
135.186 39.270
135.482 39.270
135.779 39.270
136.075 39.270
136.371 39.237
136.667 39.193
136.964 39.149
137.260 39.120
137.556 39.120
137.852 39.120
138.149 39.120
138.445 39.077
138.741 39.033
139.038 38.989
139.334 38.971
139.630 38.971
139.926 38.971
140.223 38.971
140.519 38.971
140.815 38.971
141.112 38.971
141.408 38.971
141.704 38.971
142.000 38.971
142.297 38.971
142.593 38.971
142.889 38.971
143.186 38.971
143.482 38.971
143.778 38.971
144.074 38.971
144.371 38.939
144.667 38.895
144.963 38.850
145.260 38.822
145.556 38.822
145.852 38.822
146.148 38.822
146.445 38.822
146.741 38.822
147.037 38.822
147.333 38.822
147.630 38.822
147.926 38.822
148.222 38.822
148.519 38.822
148.815 38.822
149.111 38.822
149.407 38.822
149.704 38.822
150.000 38.822
