219.933 5.581
223.842 5.594
227.751 5.607
231.660 5.620
235.568 5.634
239.477 5.647
243.386 5.660
247.294 5.673
251.203 5.686
255.112 5.699
259.021 5.712
262.929 5.725
266.838 5.738
270.747 5.751
274.655 5.764
278.564 5.777
282.473 5.790
286.382 5.803
290.290 5.816
294.199 5.829
298.108 5.842
302.016 5.855
305.925 5.868
309.834 5.881
313.743 5.894
317.651 5.907
321.560 5.920
325.469 5.933
329.378 5.947
333.286 5.960
337.195 5.973
341.104 5.986
345.012 5.999
348.921 6.012
352.830 6.025
356.739 6.038
360.647 6.051
364.556 6.064
368.465 6.077
372.495 6.090
377.153 6.103
381.810 6.116
386.468 6.129
391.125 6.142
395.783 6.155
400.440 6.168
405.098 6.181
409.756 6.199
414.413 6.217
419.071 6.235
423.728 6.253
428.386 6.271
433.043 6.289
437.701 6.307
442.359 6.325
447.016 6.343
451.674 6.361
456.331 6.378
460.989 6.396
465.646 6.414
470.304 6.432
474.962 6.450
479.619 6.468
484.277 6.486
488.934 6.504
493.592 6.522
498.249 6.540
502.907 6.558
507.565 6.576
512.222 6.594
516.880 6.612
521.537 6.630
526.195 6.647
530.852 6.665
535.510 6.683
540.167 6.701
544.825 6.719
549.483 6.737
554.140 6.755
558.798 6.773
563.455 6.791
568.113 6.809
572.770 6.827
577.428 6.845
582.086 6.863
586.811 6.881
591.934 6.899
597.056 6.916
602.179 6.934
607.302 6.952
612.424 6.970
617.547 6.988
622.669 7.006
627.792 7.027
632.915 7.047
638.037 7.068
643.160 7.088
648.282 7.109
653.405 7.129
658.528 7.150
663.650 7.170
668.773 7.191
673.895 7.211
679.018 7.232
684.141 7.253
689.263 7.273
694.386 7.294
699.508 7.314
704.631 7.335
709.754 7.355
714.876 7.376
719.999 7.396
725.121 7.417
730.244 7.437
735.367 7.458
740.489 7.478
745.612 7.499
750.734 7.520
755.857 7.540
760.980 7.561
766.102 7.581
771.225 7.602
776.347 7.622
781.470 7.643
786.593 7.663
791.715 7.684
796.838 7.704
801.960 7.725
807.083 7.745
812.206 7.766
817.328 7.787
822.476 7.807
827.794 7.828
833.112 7.848
838.431 7.869
843.749 7.889
849.067 7.910
854.385 7.930
859.703 7.951
865.021 7.969
870.339 7.988
875.657 8.006
880.975 8.024
886.293 8.042
891.611 8.061
896.930 8.079
902.248 8.097
907.566 8.115
912.884 8.134
918.202 8.152
923.520 8.170
928.838 8.188
934.156 8.207
939.474 8.225
944.792 8.243
950.110 8.261
955.429 8.280
960.747 8.298
966.065 8.316
971.383 8.334
976.701 8.353
982.019 8.371
987.337 8.389
992.655 8.407
997.973 8.426
1003.291 8.444
1008.609 8.462
1013.928 8.481
1019.246 8.499
1024.564 8.517
1029.882 8.535
1035.200 8.554
1040.518 8.572
1045.836 8.590
1051.154 8.608
1056.472 8.627
1061.790 8.645
1067.032 8.663
1071.678 8.681
1076.324 8.700
1080.970 8.718
1085.616 8.736
1090.261 8.754
1094.907 8.773
1099.553 8.791
1104.199 8.803
1108.845 8.815
1113.491 8.828
1118.137 8.840
1122.782 8.852
1127.428 8.864
1132.074 8.876
1136.720 8.888
1141.366 8.900
1146.012 8.912
1150.658 8.924
1155.304 8.936
1159.949 8.948
1164.595 8.960
1169.241 8.972
1173.887 8.984
1178.533 8.996
1183.179 9.008
1187.825 9.021
1192.470 9.033
1197.116 9.045
1201.762 9.057
1206.408 9.069
1211.054 9.081
1215.700 9.093
1220.346 9.105
1224.991 9.117
1229.637 9.129
1234.283 9.141
1238.929 9.153
1243.575 9.165
1248.221 9.177
1252.867 9.189
1257.513 9.202
1262.158 9.214
1266.804 9.226
1271.450 9.238
1276.096 9.250
1280.563 9.262
1283.371 9.274
1286.179 9.286
1288.987 9.298
1291.795 9.310
1294.603 9.322
1297.411 9.334
1300.219 9.346
1303.027 9.358
1305.835 9.370
1308.643 9.382
1311.451 9.395
1314.259 9.407
1317.067 9.419
1319.875 9.431
1322.683 9.443
1325.491 9.455
1328.299 9.467
1331.107 9.479
1333.915 9.491
1336.723 9.503
1339.531 9.515
1342.339 9.527
1345.147 9.539
1347.955 9.551
1350.763 9.563
1353.571 9.575
1356.379 9.588
1359.187 9.600
1361.995 9.612
1364.803 9.624
1367.611 9.636
1370.419 9.648
1373.227 9.660
1376.035 9.672
1378.843 9.684
1381.651 9.696
1384.459 9.708
1387.267 9.720
1390.075 9.732
1392.883 9.744
1395.691 9.756
1398.499 9.769
1401.307 9.781
1404.115 9.793
1406.923 9.805
1409.716 9.817
1412.330 9.829
1414.944 9.841
1417.559 9.853
1420.173 9.865
1422.788 9.877
1425.402 9.889
1428.017 9.901
1430.631 9.920
1433.245 9.940
1435.860 9.960
1438.474 9.980
1441.089 10.000
1443.703 10.020
1446.317 10.040
1448.932 10.060
1451.546 10.079
1454.161 10.099
1456.775 10.119
1459.390 10.139
1462.004 10.159
1464.618 10.179
1467.233 10.199
1469.847 10.219
1472.462 10.239
1475.076 10.258
1477.690 10.278
1480.305 10.298
1482.919 10.318
1485.534 10.338
1488.148 10.358
1490.762 10.378
1493.377 10.398
1495.991 10.418
1498.606 10.437
1501.220 10.457
1503.835 10.477
1506.449 10.497
1509.063 10.517
1511.678 10.537
1514.292 10.557
1516.907 10.577
1519.521 10.597
1522.135 10.616
1524.750 10.636
1527.364 10.656
1530.119 10.676
1534.889 10.696
1539.659 10.716
1544.429 10.736
1549.199 10.756
1553.969 10.776
1558.739 10.795
1563.510 10.815
1568.280 10.839
1573.050 10.863
1577.820 10.887
1582.590 10.911
1587.360 10.935
1592.130 10.960
1596.900 10.984
1601.671 11.008
1606.441 11.032
1611.211 11.056
1615.981 11.080
1620.751 11.104
1625.521 11.129
1630.291 11.153
1635.061 11.177
1639.832 11.201
1644.602 11.225
1649.372 11.249
1654.142 11.273
1658.912 11.297
1663.682 11.322
1668.452 11.346
1673.222 11.370
1677.993 11.394
1682.763 11.418
1687.533 11.442
1692.303 11.466
1697.073 11.490
1701.843 11.515
1706.613 11.539
1711.383 11.563
1716.154 11.587
1720.924 11.611
1725.694 11.635
1730.464 11.659
1735.234 11.683
1740.004 11.708
1744.774 11.732
1749.581 11.756
1755.111 11.780
1760.640 11.804
1766.170 11.828
1771.699 11.852
1777.229 11.876
1782.758 11.901
1788.288 11.925
1793.817 11.953
1799.347 11.982
1804.876 12.010
1810.406 12.039
1815.935 12.068
1821.465 12.096
1826.994 12.125
1832.524 12.154
1838.053 12.182
1843.583 12.211
1849.112 12.240
1854.642 12.268
1860.171 12.297
1865.701 12.326
1871.230 12.355
1876.760 12.383
1882.289 12.412
1887.819 12.441
1893.348 12.469
1898.878 12.498
1904.407 12.527
1909.937 12.555
1915.466 12.584
1920.996 12.613
1926.525 12.641
1932.055 12.670
1937.584 12.699
1943.114 12.728
1948.643 12.756
1954.173 12.785
1959.702 12.814
1965.232 12.842
1970.761 12.871
1976.291 12.900
1981.820 12.928
1987.350 12.957
1992.879 12.986
1998.409 13.014
2003.960 13.043
2010.165 13.072
2016.370 13.101
2022.575 13.129
2028.780 13.158
2034.985 13.187
2041.191 13.215
2047.396 13.244
2053.601 13.266
2059.806 13.287
2066.011 13.308
2072.216 13.329
2078.421 13.349
2084.626 13.370
2090.831 13.391
2097.037 13.412
2103.242 13.433
2109.447 13.454
2115.652 13.475
2121.857 13.496
2128.062 13.516
2134.267 13.537
2140.472 13.558
2146.677 13.579
2152.882 13.600
2159.088 13.621
2165.293 13.642
2171.498 13.662
2177.703 13.683
2183.908 13.704
2190.113 13.725
2196.318 13.746
2202.523 13.767
2208.728 13.788
2214.934 13.809
2221.139 13.829
2227.344 13.850
2233.549 13.871
2239.754 13.892
2245.959 13.913
2252.164 13.934
2258.369 13.955
2264.574 13.975
2270.779 13.996
2276.985 14.017
2283.190 14.038
2289.351 14.059
2292.870 14.080
2296.389 14.101
2299.908 14.122
2303.427 14.142
2306.946 14.163
2310.466 14.184
2313.985 14.205
2317.504 14.213
2321.023 14.219
2324.542 14.225
2328.061 14.231
2331.580 14.237
2335.099 14.243
2338.618 14.249
2342.137 14.254
2345.656 14.260
2349.175 14.266
2352.694 14.272
2356.213 14.278
2359.732 14.284
2363.251 14.290
2366.770 14.295
2370.289 14.301
2373.809 14.307
2377.328 14.313
2380.847 14.319
2384.366 14.325
2387.885 14.331
2391.404 14.337
2394.923 14.342
2398.442 14.348
2401.961 14.354
2405.480 14.360
2408.999 14.366
2412.518 14.372
2416.037 14.378
2419.556 14.384
2423.075 14.389
2426.594 14.395
2430.113 14.401
2433.632 14.407
2437.151 14.413
2440.671 14.419
2444.190 14.425
2447.709 14.430
2451.228 14.436
