2.156 0.093
2.452 0.101
2.749 0.109
3.045 0.117
3.341 0.127
3.637 0.138
3.934 0.148
4.230 0.159
4.526 0.169
4.823 0.180
5.119 0.190
5.415 0.198
5.711 0.206
6.008 0.213
6.304 0.218
6.600 0.219
6.896 0.221
7.193 0.223
7.489 0.225
7.785 0.227
8.082 0.230
8.378 0.236
8.674 0.244
8.970 0.252
9.267 0.261
9.563 0.270
9.859 0.280
10.156 0.289
10.452 0.300
10.748 0.311
11.044 0.322
11.341 0.329
11.637 0.334
11.933 0.340
12.230 0.342
12.526 0.336
12.822 0.330
13.118 0.324
13.415 0.316
13.711 0.308
14.007 0.300
14.304 0.293
14.600 0.285
14.896 0.278
15.192 0.270
15.489 0.264
15.785 0.258
16.081 0.253
16.377 0.247
16.674 0.241
16.970 0.236
17.266 0.231
17.563 0.226
17.859 0.221
18.155 0.217
18.451 0.211
18.748 0.204
19.044 0.198
19.340 0.190
19.637 0.182
19.933 0.173
20.229 0.164
20.525 0.153
20.822 0.142
21.118 0.132
21.414 0.121
21.711 0.110
22.007 0.099
22.303 0.090
22.599 0.083
22.896 0.075
23.192 0.069
23.488 0.074
23.784 0.079
24.081 0.084
24.377 0.092
24.673 0.102
24.970 0.112
25.266 0.122
25.562 0.135
25.858 0.147
26.155 0.159
26.451 0.165
26.747 0.171
27.044 0.177
27.340 0.183
27.636 0.188
27.932 0.193
28.229 0.198
28.525 0.201
28.821 0.204
29.118 0.207
29.414 0.210
29.710 0.213
30.006 0.215
30.303 0.220
30.599 0.227
30.895 0.233
31.191 0.240
31.488 0.248
31.784 0.256
32.080 0.264
32.377 0.271
32.673 0.278
32.969 0.285
33.265 0.290
33.562 0.289
33.858 0.288
34.154 0.288
34.451 0.282
34.747 0.276
35.043 0.270
35.339 0.263
35.636 0.257
35.932 0.251
36.228 0.244
36.525 0.239
36.821 0.233
37.117 0.227
37.413 0.222
37.710 0.217
38.006 0.212
38.302 0.207
38.599 0.202
38.895 0.198
39.191 0.193
39.487 0.189
39.784 0.186
40.080 0.182
40.376 0.176
40.672 0.170
40.969 0.164
41.265 0.157
41.561 0.149
41.858 0.140
42.154 0.132
42.450 0.123
42.746 0.113
43.043 0.104
43.339 0.094
43.635 0.083
43.932 0.072
44.228 0.063
44.524 0.062
44.820 0.061
45.117 0.060
45.413 0.067
45.709 0.075
46.006 0.082
46.302 0.091
46.598 0.101
46.894 0.110
47.191 0.120
47.487 0.131
47.783 0.142
48.079 0.153
48.376 0.159
48.672 0.164
48.968 0.168
49.265 0.173
49.561 0.176
49.857 0.179
50.153 0.182
50.450 0.184
50.746 0.186
51.042 0.188
51.339 0.191
51.635 0.195
51.931 0.199
52.227 0.203
52.524 0.210
52.820 0.216
53.116 0.222
53.413 0.229
53.709 0.235
54.005 0.242
54.301 0.249
54.598 0.255
54.894 0.261
55.190 0.265
55.487 0.261
55.783 0.258
56.079 0.254
56.375 0.248
56.672 0.242
56.968 0.236
57.264 0.229
57.560 0.224
57.857 0.218
58.153 0.212
58.449 0.207
58.746 0.201
59.042 0.196
59.338 0.192
59.634 0.188
59.931 0.184
60.227 0.180
60.523 0.177
60.820 0.174
61.116 0.170
61.412 0.166
61.708 0.162
62.005 0.158
62.301 0.153
62.597 0.146
62.894 0.140
63.190 0.133
63.486 0.125
63.782 0.117
64.079 0.109
64.375 0.099
64.671 0.089
64.967 0.078
65.264 0.070
65.560 0.065
65.856 0.060
66.153 0.055
66.449 0.057
66.745 0.059
67.041 0.062
67.338 0.068
67.634 0.077
67.930 0.087
68.227 0.096
68.523 0.104
68.819 0.112
69.115 0.121
69.412 0.130
69.708 0.139
70.004 0.149
70.301 0.155
70.597 0.158
70.893 0.162
71.189 0.165
71.486 0.167
71.782 0.169
72.078 0.171
72.374 0.172
72.671 0.174
72.967 0.175
73.263 0.178
73.560 0.184
73.856 0.190
74.152 0.196
74.448 0.201
74.745 0.206
75.041 0.211
75.337 0.217
75.634 0.223
75.930 0.229
76.226 0.234
76.522 0.236
76.819 0.237
77.115 0.238
77.411 0.235
77.708 0.230
78.004 0.226
78.300 0.220
78.596 0.214
78.893 0.208
79.189 0.202
79.485 0.197
79.782 0.192
80.078 0.187
80.374 0.182
80.670 0.178
80.967 0.174
81.263 0.170
81.559 0.167
81.855 0.164
82.152 0.161
82.448 0.158
82.744 0.155
83.041 0.152
83.337 0.148
83.633 0.143
83.929 0.138
84.226 0.133
84.522 0.126
84.818 0.120
85.115 0.113
85.411 0.105
85.707 0.098
86.003 0.090
86.300 0.082
86.596 0.072
86.892 0.062
87.189 0.053
87.485 0.053
87.781 0.052
88.077 0.051
88.374 0.056
88.670 0.063
88.966 0.070
89.262 0.077
89.559 0.085
89.855 0.094
90.151 0.102
90.448 0.109
90.744 0.117
91.040 0.124
91.336 0.132
91.633 0.140
91.929 0.148
92.225 0.154
92.522 0.155
92.818 0.156
93.114 0.157
93.410 0.159
93.707 0.160
94.003 0.162
94.299 0.164
94.596 0.167
94.892 0.170
95.188 0.173
95.484 0.177
95.781 0.181
96.077 0.186
96.373 0.192
96.669 0.198
96.966 0.204
97.262 0.210
97.558 0.216
97.855 0.221
98.151 0.227
98.447 0.224
98.743 0.221
99.040 0.217
99.336 0.212
99.632 0.206
99.929 0.200
100.225 0.195
100.521 0.190
100.817 0.185
101.114 0.180
101.410 0.175
101.706 0.171
102.003 0.167
102.299 0.164
102.595 0.160
102.891 0.157
103.188 0.154
103.484 0.151
103.780 0.148
104.077 0.145
104.373 0.142
104.669 0.139
104.965 0.136
105.262 0.131
105.558 0.126
105.854 0.120
106.150 0.115
106.447 0.108
106.743 0.102
107.039 0.095
107.336 0.087
107.632 0.078
107.928 0.069
108.224 0.061
108.521 0.057
108.817 0.053
109.113 0.049
109.410 0.051
109.706 0.054
110.002 0.056
110.298 0.062
110.595 0.070
110.891 0.078
111.187 0.087
111.484 0.094
111.780 0.102
112.076 0.110
112.372 0.116
112.669 0.123
112.965 0.129
113.261 0.135
113.557 0.140
113.854 0.145
114.150 0.150
114.446 0.151
114.743 0.151
115.039 0.151
115.335 0.152
115.631 0.153
115.928 0.155
116.224 0.157
116.520 0.161
116.817 0.165
117.113 0.169
117.409 0.174
117.705 0.180
118.002 0.185
118.298 0.190
118.594 0.196
118.891 0.202
119.187 0.207
119.483 0.207
119.779 0.208
120.076 0.208
120.372 0.204
120.668 0.199
120.965 0.195
121.261 0.190
121.557 0.185
121.853 0.180
122.150 0.174
122.446 0.170
122.742 0.166
123.038 0.162
123.335 0.158
123.631 0.155
123.927 0.151
124.224 0.148
124.520 0.145
124.816 0.142
125.112 0.140
125.409 0.137
125.705 0.135
126.001 0.132
126.298 0.129
126.594 0.125
126.890 0.120
127.186 0.116
127.483 0.110
127.779 0.104
128.075 0.098
128.372 0.090
128.668 0.082
128.964 0.074
129.260 0.067
129.557 0.061
129.853 0.054
130.149 0.048
130.445 0.047
130.742 0.045
131.038 0.044
131.334 0.043
131.631 0.043
131.927 0.043
132.223 0.042
132.519 0.042
132.816 0.042
133.112 0.041
133.408 0.041
133.705 0.041
134.001 0.041
134.297 0.041
134.593 0.041
134.890 0.040
135.186 0.040
135.482 0.040
135.779 0.040
136.075 0.040
136.371 0.040
136.667 0.040
136.964 0.040
137.260 0.039
137.556 0.039
137.852 0.039
138.149 0.039
138.445 0.039
138.741 0.039
139.038 0.039
139.334 0.039
139.630 0.039
139.926 0.039
140.223 0.039
140.519 0.038
140.815 0.038
141.112 0.038
141.408 0.038
141.704 0.038
142.000 0.038
142.297 0.038
142.593 0.038
142.889 0.038
143.186 0.038
143.482 0.038
143.778 0.038
144.074 0.038
144.371 0.037
144.667 0.037
144.963 0.037
145.260 0.037
145.556 0.037
145.852 0.037
146.148 0.037
146.445 0.037
146.741 0.037
147.037 0.037
147.333 0.037
147.630 0.037
147.926 0.037
148.222 0.037
148.519 0.037
148.815 0.037
149.111 0.036
149.407 0.036
149.704 0.036
150.000 0.036
