2.156 0.106
2.445 0.115
2.733 0.123
3.022 0.132
3.310 0.143
3.599 0.155
3.887 0.167
4.176 0.179
4.465 0.189
4.753 0.199
5.042 0.208
5.330 0.216
5.619 0.221
5.908 0.226
6.196 0.231
6.485 0.233
6.773 0.235
7.062 0.236
7.350 0.237
7.639 0.238
7.928 0.239
8.216 0.241
8.505 0.246
8.793 0.251
9.082 0.256
9.370 0.266
9.659 0.276
9.948 0.287
10.236 0.298
10.525 0.309
10.813 0.320
11.102 0.331
11.390 0.342
11.679 0.353
11.968 0.364
12.256 0.369
12.545 0.363
12.833 0.357
13.122 0.351
13.411 0.344
13.699 0.336
13.988 0.328
14.276 0.319
14.565 0.309
14.853 0.299
15.142 0.289
15.431 0.280
15.719 0.270
16.008 0.260
16.296 0.252
16.585 0.246
16.873 0.240
17.162 0.234
17.451 0.229
17.739 0.224
18.028 0.220
18.316 0.215
18.605 0.210
18.893 0.205
19.182 0.201
19.471 0.195
19.759 0.189
20.048 0.184
20.336 0.177
20.625 0.169
20.914 0.160
21.202 0.152
21.491 0.142
21.779 0.133
22.068 0.123
22.356 0.113
22.645 0.104
22.934 0.094
23.222 0.086
23.511 0.080
23.799 0.073
24.088 0.067
24.376 0.068
24.665 0.070
24.954 0.073
25.242 0.077
25.531 0.086
25.819 0.094
26.108 0.102
26.396 0.111
26.685 0.120
26.974 0.129
27.262 0.138
27.551 0.148
27.839 0.158
28.128 0.167
28.417 0.171
28.705 0.175
28.994 0.178
29.282 0.180
29.571 0.183
29.859 0.185
30.148 0.187
30.437 0.189
30.725 0.190
31.014 0.192
31.302 0.196
31.591 0.202
31.879 0.208
32.168 0.214
32.457 0.223
32.745 0.232
33.034 0.241
33.322 0.249
33.611 0.258
33.899 0.267
34.188 0.276
34.477 0.283
34.765 0.290
35.054 0.298
35.342 0.298
35.631 0.293
35.920 0.289
36.208 0.285
36.497 0.279
36.785 0.272
37.074 0.266
37.362 0.257
37.651 0.247
37.940 0.237
38.228 0.228
38.517 0.221
38.805 0.214
39.094 0.207
39.382 0.202
39.671 0.198
39.960 0.193
40.248 0.189
40.537 0.185
40.825 0.182
41.114 0.179
41.402 0.175
41.691 0.172
41.980 0.169
42.268 0.165
42.557 0.159
42.845 0.154
43.134 0.149
43.423 0.142
43.711 0.136
44.000 0.129
44.288 0.122
44.577 0.114
44.865 0.106
45.154 0.098
45.443 0.090
45.731 0.081
46.020 0.072
46.308 0.066
46.597 0.063
46.885 0.061
47.174 0.058
47.463 0.061
47.751 0.063
48.040 0.066
48.328 0.072
48.617 0.080
48.905 0.087
49.194 0.095
49.483 0.104
49.771 0.114
50.060 0.123
50.348 0.131
50.637 0.138
50.926 0.144
51.214 0.150
51.503 0.153
51.791 0.155
52.080 0.158
52.368 0.160
52.657 0.162
52.946 0.164
53.234 0.166
53.523 0.168
53.811 0.169
54.100 0.171
54.388 0.175
54.677 0.179
54.966 0.183
55.254 0.189
55.543 0.197
55.831 0.206
56.120 0.214
56.409 0.223
56.697 0.232
56.986 0.241
57.274 0.248
57.563 0.255
57.851 0.261
58.140 0.267
58.429 0.264
58.717 0.259
59.006 0.255
59.294 0.250
59.583 0.243
59.871 0.236
60.160 0.229
60.449 0.220
60.737 0.210
61.026 0.200
61.314 0.193
61.603 0.188
61.891 0.183
62.180 0.178
62.469 0.174
62.757 0.171
63.046 0.167
63.334 0.164
63.623 0.161
63.912 0.158
64.200 0.155
64.489 0.152
64.777 0.149
65.066 0.146
65.354 0.142
65.643 0.138
65.932 0.133
66.220 0.128
66.509 0.122
66.797 0.116
67.086 0.110
67.374 0.102
67.663 0.093
67.952 0.084
68.240 0.077
68.529 0.072
68.817 0.067
69.106 0.062
69.394 0.059
69.683 0.056
69.972 0.054
70.260 0.054
70.549 0.058
70.837 0.062
71.126 0.066
71.415 0.073
71.703 0.080
71.992 0.088
72.280 0.095
72.569 0.101
72.857 0.108
73.146 0.115
73.435 0.121
73.723 0.127
74.012 0.133
74.300 0.138
74.589 0.142
74.877 0.146
75.166 0.150
75.455 0.150
75.743 0.151
76.032 0.152
76.320 0.153
76.609 0.155
76.897 0.156
77.186 0.158
77.475 0.162
77.763 0.167
78.052 0.171
78.340 0.177
78.629 0.185
78.918 0.193
79.206 0.200
79.495 0.209
79.783 0.218
80.072 0.227
80.360 0.232
80.649 0.236
80.938 0.239
81.226 0.241
81.515 0.237
81.803 0.233
82.092 0.230
82.380 0.222
82.669 0.214
82.958 0.206
83.246 0.198
83.535 0.190
83.823 0.182
84.112 0.174
84.400 0.170
84.689 0.166
84.978 0.162
85.266 0.158
85.555 0.155
85.843 0.152
86.132 0.149
86.421 0.146
86.709 0.144
86.998 0.141
87.286 0.138
87.575 0.136
87.863 0.133
88.152 0.130
88.441 0.126
88.729 0.121
89.018 0.116
89.306 0.111
89.595 0.105
89.883 0.099
90.172 0.093
90.461 0.086
90.749 0.078
91.038 0.070
91.326 0.064
91.615 0.060
91.903 0.056
92.192 0.052
92.481 0.052
92.769 0.051
93.058 0.050
93.346 0.054
93.635 0.059
93.924 0.064
94.212 0.070
94.501 0.077
94.789 0.083
95.078 0.090
95.366 0.096
95.655 0.103
95.944 0.109
96.232 0.115
96.521 0.120
96.809 0.125
97.098 0.131
97.386 0.133
97.675 0.135
97.964 0.137
98.252 0.138
98.541 0.140
98.829 0.141
99.118 0.142
99.407 0.145
99.695 0.149
99.984 0.152
100.272 0.156
100.561 0.159
100.849 0.162
101.138 0.165
101.427 0.173
101.715 0.181
102.004 0.189
102.292 0.197
102.581 0.205
102.869 0.212
103.158 0.220
103.447 0.221
103.735 0.221
104.024 0.222
104.312 0.220
104.601 0.216
104.889 0.212
105.178 0.207
105.467 0.198
105.755 0.188
106.044 0.179
106.332 0.172
106.621 0.166
106.910 0.160
107.198 0.154
107.487 0.151
107.775 0.148
108.064 0.144
108.352 0.142
108.641 0.140
108.930 0.138
109.218 0.136
109.507 0.133
109.795 0.130
110.084 0.127
110.372 0.125
110.661 0.122
110.950 0.119
111.238 0.116
111.527 0.111
111.815 0.106
112.104 0.101
112.392 0.095
112.681 0.089
112.970 0.082
113.258 0.076
113.547 0.071
113.835 0.066
114.124 0.061
114.413 0.057
114.701 0.053
114.990 0.049
115.278 0.048
115.567 0.049
115.855 0.050
116.144 0.051
116.433 0.057
116.721 0.063
117.010 0.069
117.298 0.075
117.587 0.081
117.875 0.087
118.164 0.093
118.453 0.099
118.741 0.105
119.030 0.111
119.318 0.116
119.607 0.119
119.895 0.123
120.184 0.127
120.473 0.128
120.761 0.129
121.050 0.131
121.338 0.132
121.627 0.133
121.916 0.134
122.204 0.136
122.493 0.140
122.781 0.143
123.070 0.147
123.358 0.151
123.647 0.155
123.936 0.159
124.224 0.164
124.513 0.172
124.801 0.181
125.090 0.189
125.378 0.196
125.667 0.203
125.956 0.209
126.244 0.213
126.533 0.211
126.821 0.209
127.110 0.207
127.398 0.201
127.687 0.195
127.976 0.189
128.264 0.182
128.553 0.173
128.841 0.164
129.130 0.156
129.419 0.151
129.707 0.147
129.996 0.142
130.284 0.139
130.573 0.137
130.861 0.135
131.150 0.133
131.439 0.130
131.727 0.128
132.016 0.126
132.304 0.123
132.593 0.121
132.881 0.119
133.170 0.117
133.459 0.113
133.747 0.110
134.036 0.107
134.324 0.102
134.613 0.098
134.901 0.093
135.190 0.088
135.479 0.081
135.767 0.074
136.056 0.068
136.344 0.063
136.633 0.059
136.922 0.055
137.210 0.051
137.499 0.049
137.787 0.047
138.076 0.045
138.364 0.044
138.653 0.044
138.942 0.043
139.230 0.043
139.519 0.043
139.807 0.043
140.096 0.042
140.384 0.042
140.673 0.042
140.962 0.042
141.250 0.042
141.539 0.042
141.827 0.042
142.116 0.041
142.404 0.041
142.693 0.041
142.982 0.041
143.270 0.041
143.559 0.041
143.847 0.041
144.136 0.041
144.425 0.041
144.713 0.040
145.002 0.040
145.290 0.040
145.579 0.040
145.867 0.040
146.156 0.040
