290.591 14.298
294.535 14.309
298.479 14.319
302.423 14.329
306.367 14.339
310.310 14.349
314.254 14.359
318.198 14.369
322.142 14.379
326.086 14.389
330.030 14.400
333.974 14.410
337.917 14.420
341.861 14.430
345.805 14.440
349.749 14.450
353.693 14.460
357.637 14.470
361.581 14.480
365.525 14.490
369.468 14.501
373.412 14.511
377.356 14.521
381.300 14.531
385.244 14.541
389.188 14.551
393.132 14.561
397.075 14.571
401.019 14.581
404.963 14.592
408.907 14.602
412.851 14.612
416.795 14.622
420.739 14.632
424.683 14.642
428.626 14.652
432.570 14.662
436.514 14.672
440.458 14.683
444.507 14.693
449.098 14.703
453.689 14.713
458.280 14.723
462.872 14.733
467.463 14.743
472.054 14.753
476.645 14.763
481.236 14.778
485.827 14.793
490.419 14.807
495.010 14.822
499.601 14.837
504.192 14.851
508.783 14.866
513.375 14.881
517.966 14.895
522.557 14.910
527.148 14.925
531.739 14.939
536.330 14.954
540.922 14.969
545.513 14.983
550.104 14.998
554.695 15.013
559.286 15.027
563.877 15.042
568.469 15.057
573.060 15.071
577.651 15.086
582.242 15.101
586.833 15.115
591.425 15.130
596.016 15.145
600.607 15.159
605.198 15.174
609.789 15.189
614.380 15.203
618.972 15.218
623.563 15.233
628.154 15.247
632.745 15.262
637.336 15.277
641.927 15.292
646.519 15.306
651.110 15.321
655.765 15.336
660.798 15.350
665.831 15.365
670.864 15.380
675.897 15.394
680.930 15.409
685.963 15.424
690.995 15.438
696.028 15.453
701.061 15.468
706.094 15.482
711.127 15.497
716.160 15.512
721.192 15.526
726.225 15.541
731.258 15.556
736.291 15.570
741.324 15.585
746.357 15.600
751.390 15.614
756.422 15.629
761.455 15.644
766.488 15.658
771.521 15.673
776.554 15.688
781.587 15.702
786.619 15.717
791.652 15.732
796.685 15.746
801.718 15.761
806.751 15.776
811.784 15.790
816.817 15.805
821.849 15.820
826.882 15.834
831.915 15.849
836.948 15.864
841.981 15.878
847.014 15.893
852.046 15.908
857.079 15.922
862.112 15.937
867.145 15.952
872.178 15.966
877.211 15.981
882.244 15.996
887.290 16.010
892.424 16.025
897.558 16.040
902.692 16.054
907.826 16.069
912.960 16.084
918.094 16.098
923.228 16.113
928.362 16.126
933.496 16.139
938.630 16.151
943.764 16.164
948.898 16.177
954.032 16.190
959.166 16.202
964.300 16.215
969.434 16.228
974.568 16.240
979.702 16.253
984.836 16.266
989.970 16.279
995.104 16.291
1000.238 16.304
1005.372 16.317
1010.507 16.329
1015.641 16.342
1020.775 16.355
1025.909 16.368
1031.043 16.380
1036.177 16.393
1041.311 16.406
1046.445 16.418
1051.579 16.431
1056.713 16.444
1061.847 16.457
1066.981 16.469
1072.115 16.482
1077.249 16.495
1082.383 16.507
1087.517 16.520
1092.651 16.533
1097.785 16.546
1102.919 16.558
1108.053 16.571
1113.187 16.584
1118.321 16.596
1123.304 16.609
1127.101 16.622
1130.898 16.635
1134.695 16.647
1138.492 16.660
1142.290 16.673
1146.087 16.685
1149.884 16.698
1153.681 16.708
1157.478 16.718
1161.275 16.728
1165.073 16.738
1168.870 16.747
1172.667 16.757
1176.464 16.767
1180.261 16.777
1184.059 16.786
1187.856 16.796
1191.653 16.806
1195.450 16.816
1199.247 16.826
1203.045 16.835
1206.842 16.845
1210.639 16.855
1214.436 16.865
1218.233 16.874
1222.031 16.884
1225.828 16.894
1229.625 16.904
1233.422 16.914
1237.219 16.923
1241.016 16.933
1244.814 16.943
1248.611 16.953
1252.408 16.962
1256.205 16.972
1260.002 16.982
1263.800 16.992
1267.597 17.002
1271.394 17.011
1275.191 17.021
1278.988 17.031
1282.786 17.041
1286.583 17.051
1290.380 17.060
1294.177 17.070
1297.868 17.080
1300.570 17.090
1303.273 17.099
1305.976 17.109
1308.679 17.119
1311.381 17.129
1314.084 17.139
1316.787 17.148
1319.490 17.158
1322.192 17.167
1324.895 17.177
1327.598 17.186
1330.301 17.196
1333.003 17.205
1335.706 17.215
1338.409 17.224
1341.112 17.233
1343.814 17.243
1346.517 17.252
1349.220 17.262
1351.923 17.271
1354.625 17.281
1357.328 17.290
1360.031 17.300
1362.734 17.309
1365.436 17.319
1368.139 17.328
1370.842 17.337
1373.544 17.347
1376.247 17.356
1378.950 17.366
1381.653 17.375
1384.355 17.385
1387.058 17.394
1389.761 17.404
1392.464 17.413
1395.166 17.423
1397.869 17.432
1400.572 17.441
1403.275 17.451
1405.977 17.460
1408.680 17.470
1411.383 17.479
1414.086 17.489
1416.788 17.498
1419.491 17.508
1422.192 17.517
1424.873 17.527
1427.554 17.536
1430.235 17.545
1432.917 17.555
1435.598 17.564
1438.279 17.574
1440.960 17.583
1443.641 17.596
1446.322 17.610
1449.003 17.623
1451.685 17.636
1454.366 17.650
1457.047 17.663
1459.728 17.676
1462.409 17.690
1465.090 17.703
1467.771 17.717
1470.453 17.730
1473.134 17.743
1475.815 17.757
1478.496 17.770
1481.177 17.783
1483.858 17.797
1486.539 17.810
1489.221 17.824
1491.902 17.837
1494.583 17.850
1497.264 17.864
1499.945 17.877
1502.626 17.890
1505.307 17.904
1507.989 17.917
1510.670 17.930
1513.351 17.944
1516.032 17.957
1518.713 17.971
1521.394 17.984
1524.075 17.997
1526.757 18.011
1529.438 18.024
1532.119 18.037
1534.800 18.051
1537.481 18.064
1540.162 18.078
1542.843 18.091
1545.630 18.104
1549.934 18.118
1554.238 18.131
1558.543 18.144
1562.847 18.158
1567.151 18.171
1571.455 18.184
1575.760 18.198
1580.064 18.217
1584.368 18.238
1588.672 18.258
1592.977 18.278
1597.281 18.298
1601.585 18.318
1605.889 18.339
1610.194 18.359
1614.498 18.379
1618.802 18.399
1623.106 18.419
1627.410 18.440
1631.715 18.460
1636.019 18.480
1640.323 18.500
1644.627 18.521
1648.932 18.541
1653.236 18.561
1657.540 18.581
1661.844 18.601
1666.149 18.622
1670.453 18.642
1674.757 18.662
1679.061 18.682
1683.366 18.702
1687.670 18.723
1691.974 18.743
1696.278 18.763
1700.583 18.783
1704.887 18.804
1709.191 18.824
1713.495 18.844
1717.800 18.864
1722.104 18.884
1726.408 18.905
1730.712 18.925
1735.016 18.945
1739.321 18.965
1743.675 18.985
1749.016 19.006
1754.357 19.026
1759.697 19.046
1765.038 19.066
1770.378 19.087
1775.719 19.107
1781.059 19.127
1786.400 19.148
1791.741 19.169
1797.081 19.190
1802.422 19.212
1807.762 19.233
1813.103 19.254
1818.443 19.275
1823.784 19.296
1829.124 19.318
1834.465 19.339
1839.806 19.360
1845.146 19.381
1850.487 19.402
1855.827 19.424
1861.168 19.445
1866.508 19.466
1871.849 19.487
1877.190 19.508
1882.530 19.530
1887.871 19.551
1893.211 19.572
1898.552 19.593
1903.892 19.614
1909.233 19.635
1914.574 19.657
1919.914 19.678
1925.255 19.699
1930.595 19.720
1935.936 19.741
1941.276 19.763
1946.617 19.784
1951.958 19.805
1957.298 19.826
1962.639 19.847
1967.979 19.869
1973.320 19.890
1978.660 19.911
1984.001 19.932
1989.357 19.953
1995.189 19.975
2001.021 19.996
2006.852 20.017
2012.684 20.038
2018.516 20.059
2024.347 20.081
2030.179 20.102
2036.011 20.124
2041.842 20.147
2047.674 20.169
2053.506 20.192
2059.338 20.214
2065.169 20.237
2071.001 20.259
2076.833 20.282
2082.664 20.304
2088.496 20.327
2094.328 20.349
2100.159 20.372
2105.991 20.394
2111.823 20.417
2117.654 20.439
2123.486 20.462
2129.318 20.484
2135.149 20.506
2140.981 20.529
2146.813 20.551
2152.644 20.574
2158.476 20.596
2164.308 20.619
2170.139 20.641
2175.971 20.664
2181.803 20.686
2187.634 20.709
2193.466 20.731
2199.298 20.754
2205.129 20.776
2210.961 20.799
2216.793 20.821
2222.624 20.844
2228.456 20.866
2234.288 20.889
2240.119 20.911
2245.951 20.934
2251.783 20.956
2257.591 20.979
2261.956 21.001
2266.321 21.024
2270.687 21.046
2275.052 21.069
2279.417 21.091
2283.783 21.114
2288.148 21.136
2292.513 21.146
2296.879 21.153
2301.244 21.160
2305.609 21.168
2309.975 21.175
2314.340 21.182
2318.706 21.189
2323.071 21.196
2327.436 21.203
2331.802 21.211
2336.167 21.218
2340.532 21.225
2344.898 21.232
2349.263 21.239
2353.628 21.247
2357.994 21.254
2362.359 21.261
2366.724 21.268
2371.090 21.275
2375.455 21.282
2379.820 21.290
2384.186 21.297
2388.551 21.304
2392.916 21.311
2397.282 21.318
2401.647 21.325
2406.012 21.333
2410.378 21.340
2414.743 21.347
2419.108 21.354
2423.474 21.361
2427.839 21.368
2432.205 21.376
2436.570 21.383
2440.935 21.390
2445.301 21.397
2449.666 21.404
2454.031 21.411
2458.397 21.419
