2.156 1.513
2.445 1.655
2.733 1.798
3.022 1.944
3.310 2.123
3.599 2.332
3.887 2.546
4.176 2.762
4.465 2.951
4.753 3.145
5.042 3.342
5.330 3.495
5.619 3.620
5.908 3.746
6.196 3.864
6.485 3.923
6.773 3.983
7.062 4.043
7.350 4.092
7.639 4.137
7.928 4.182
8.216 4.246
8.505 4.380
8.793 4.517
9.082 4.655
9.370 4.889
9.659 5.161
9.948 5.438
10.236 5.724
10.525 6.021
10.813 6.325
11.102 6.635
11.390 6.956
11.679 7.284
11.968 7.619
12.256 7.811
12.545 7.723
12.833 7.633
13.122 7.543
13.411 7.402
13.699 7.254
13.988 7.105
14.276 6.931
14.565 6.723
14.853 6.515
15.142 6.306
15.431 6.091
15.719 5.876
16.008 5.661
16.296 5.490
16.585 5.368
16.873 5.245
17.162 5.122
17.451 5.029
17.739 4.936
18.028 4.842
18.316 4.748
18.605 4.654
18.893 4.559
19.182 4.462
19.471 4.342
19.759 4.221
20.048 4.101
20.336 3.941
20.625 3.757
20.914 3.574
21.202 3.384
21.491 3.161
21.779 2.939
22.068 2.719
22.356 2.501
22.645 2.286
22.934 2.072
23.222 1.876
23.511 1.736
23.799 1.596
24.088 1.457
24.376 1.469
24.665 1.528
24.954 1.587
25.242 1.685
25.531 1.879
25.819 2.074
26.108 2.271
26.396 2.480
26.685 2.692
26.974 2.907
27.262 3.135
27.551 3.383
27.839 3.634
28.128 3.888
28.417 3.996
28.705 4.089
28.994 4.182
29.282 4.265
29.571 4.336
29.859 4.407
30.148 4.478
30.437 4.540
30.725 4.601
31.014 4.662
31.302 4.781
31.591 4.958
31.879 5.136
32.168 5.320
32.457 5.587
32.745 5.858
33.034 6.133
33.322 6.412
33.611 6.697
33.899 6.986
34.188 7.274
34.477 7.532
34.765 7.793
35.054 8.057
35.342 8.098
35.631 8.015
35.920 7.931
36.208 7.834
36.497 7.681
36.785 7.527
37.074 7.372
37.362 7.126
37.651 6.844
37.940 6.562
38.228 6.305
38.517 6.119
38.805 5.933
39.094 5.747
39.382 5.615
39.671 5.497
39.960 5.379
40.248 5.271
40.537 5.183
40.825 5.094
41.114 5.006
41.402 4.921
41.691 4.836
41.980 4.752
42.268 4.642
42.557 4.494
42.845 4.346
43.134 4.198
43.423 4.017
43.711 3.833
44.000 3.650
44.288 3.445
44.577 3.216
44.865 2.988
45.154 2.760
45.443 2.506
45.731 2.252
46.020 1.999
46.308 1.839
46.597 1.762
46.885 1.685
47.174 1.618
47.463 1.693
47.751 1.768
48.040 1.843
48.328 2.006
48.617 2.229
48.905 2.454
49.194 2.688
49.483 2.978
49.771 3.273
50.060 3.573
50.348 3.810
50.637 4.014
50.926 4.219
51.214 4.401
51.503 4.489
51.791 4.578
52.080 4.668
52.368 4.744
52.657 4.815
52.946 4.887
53.234 4.957
53.523 5.023
53.811 5.089
54.100 5.155
54.388 5.291
54.677 5.444
54.966 5.598
55.254 5.802
55.543 6.102
55.831 6.405
56.120 6.712
56.409 7.034
56.697 7.362
56.986 7.694
57.274 7.995
57.563 8.251
57.851 8.509
58.140 8.770
58.429 8.679
58.717 8.567
59.006 8.454
59.294 8.291
59.583 8.073
59.871 7.855
60.160 7.635
60.449 7.303
60.737 6.973
61.026 6.643
61.314 6.405
61.603 6.242
61.891 6.079
62.180 5.920
62.469 5.813
62.757 5.706
63.046 5.598
63.334 5.499
63.623 5.405
63.912 5.311
64.200 5.217
64.489 5.122
64.777 5.028
65.066 4.933
65.354 4.798
65.643 4.646
65.932 4.494
66.220 4.330
66.509 4.127
66.797 3.924
67.086 3.721
67.374 3.438
67.663 3.132
67.952 2.827
68.240 2.563
68.529 2.398
68.817 2.233
69.106 2.067
69.394 1.966
69.683 1.878
69.972 1.790
70.260 1.785
70.549 1.924
70.837 2.063
71.126 2.203
71.415 2.443
71.703 2.696
71.992 2.949
72.280 3.195
72.569 3.429
72.857 3.663
73.146 3.900
73.435 4.122
73.723 4.345
74.012 4.570
74.300 4.762
74.589 4.920
74.877 5.078
75.166 5.234
75.455 5.269
75.743 5.305
76.032 5.341
76.320 5.394
76.609 5.462
76.897 5.529
77.186 5.607
77.475 5.772
77.763 5.939
78.052 6.106
78.340 6.364
78.629 6.674
78.918 6.986
79.206 7.311
79.495 7.687
79.783 8.067
80.072 8.451
80.360 8.689
80.649 8.867
80.938 9.045
81.226 9.154
81.515 9.037
81.803 8.920
82.092 8.802
82.380 8.532
82.669 8.219
82.958 7.905
83.246 7.595
83.535 7.289
83.823 6.984
84.112 6.679
84.400 6.513
84.689 6.372
84.978 6.230
85.266 6.100
85.555 5.991
85.843 5.882
86.132 5.772
86.421 5.670
86.709 5.568
86.998 5.465
87.286 5.364
87.575 5.264
87.863 5.164
88.152 5.064
88.441 4.887
88.729 4.708
89.018 4.529
89.306 4.323
89.595 4.093
89.883 3.863
90.172 3.629
90.461 3.319
90.749 3.010
91.038 2.702
91.326 2.480
91.615 2.317
91.903 2.154
92.192 2.009
92.481 1.985
92.769 1.961
93.058 1.937
93.346 2.069
93.635 2.282
93.924 2.497
94.212 2.720
94.501 2.981
94.789 3.241
95.078 3.503
95.366 3.760
95.655 4.018
95.944 4.277
96.232 4.527
96.521 4.746
96.809 4.967
97.098 5.189
97.386 5.300
97.675 5.383
97.964 5.467
98.252 5.544
98.541 5.606
98.829 5.668
99.118 5.730
99.407 5.869
99.695 6.021
99.984 6.173
100.272 6.325
100.561 6.476
100.849 6.629
101.138 6.782
101.427 7.134
101.715 7.502
102.004 7.872
102.292 8.237
102.581 8.595
102.869 8.957
103.158 9.319
103.447 9.384
103.735 9.449
104.024 9.515
104.312 9.450
104.601 9.275
104.889 9.100
105.178 8.907
105.467 8.500
105.755 8.093
106.044 7.687
106.332 7.376
106.621 7.127
106.910 6.877
107.198 6.644
107.487 6.502
107.775 6.361
108.064 6.219
108.352 6.121
108.641 6.043
108.930 5.965
109.218 5.878
109.507 5.757
109.795 5.636
110.084 5.515
110.372 5.399
110.661 5.283
110.950 5.167
111.238 5.025
111.527 4.820
111.815 4.614
112.104 4.409
112.392 4.131
112.681 3.839
112.970 3.547
113.258 3.282
113.547 3.068
113.835 2.854
114.124 2.640
114.413 2.468
114.701 2.301
114.990 2.135
115.278 2.061
115.567 2.114
115.855 2.167
116.144 2.220
116.433 2.476
116.721 2.741
117.010 3.008
117.298 3.276
117.587 3.545
117.875 3.816
118.164 4.088
118.453 4.350
118.741 4.613
119.030 4.878
119.318 5.096
119.607 5.279
119.895 5.462
120.184 5.635
120.473 5.697
120.761 5.760
121.050 5.823
121.338 5.885
121.627 5.946
121.916 6.008
122.204 6.090
122.493 6.276
122.781 6.463
123.070 6.652
123.358 6.845
123.647 7.040
123.936 7.236
124.224 7.488
124.513 7.918
124.801 8.352
125.090 8.790
125.378 9.148
125.667 9.483
125.956 9.820
126.244 10.030
126.533 9.948
126.821 9.864
127.110 9.781
127.398 9.527
127.687 9.240
127.976 8.952
128.264 8.617
128.553 8.201
128.841 7.787
129.130 7.373
129.419 7.156
129.707 6.959
129.996 6.761
130.284 6.609
130.573 6.512
130.861 6.416
131.150 6.319
131.439 6.207
131.727 6.095
132.016 5.982
132.304 5.877
132.593 5.780
132.881 5.683
133.170 5.582
133.459 5.418
133.747 5.254
134.036 5.089
134.324 4.889
134.613 4.663
134.901 4.437
135.190 4.200
135.479 3.875
135.767 3.551
136.056 3.228
136.344 2.993
136.633 2.805
136.922 2.616
137.210 2.444
137.499 2.339
137.787 2.235
138.076 2.131
138.364 2.090
138.653 2.074
138.942 2.058
139.230 2.043
139.519 2.031
139.807 2.020
140.096 2.009
140.384 2.002
140.673 1.996
140.962 1.989
141.250 1.984
141.539 1.979
141.827 1.973
142.116 1.968
142.404 1.962
142.693 1.956
142.982 1.950
143.270 1.945
143.559 1.941
143.847 1.937
144.136 1.933
144.425 1.928
144.713 1.922
145.002 1.917
145.290 1.913
145.579 1.909
145.867 1.905
146.156 1.900
