2.357 -16.054
2.637 -15.982
2.917 -15.911
3.197 -15.840
3.476 -15.750
3.756 -15.637
4.036 -15.524
4.316 -15.410
4.596 -15.261
4.876 -15.106
5.155 -14.950
5.435 -14.808
5.715 -14.699
5.995 -14.590
6.275 -14.481
6.555 -14.345
6.835 -14.198
7.114 -14.051
7.394 -13.904
7.674 -13.762
7.954 -13.619
8.234 -13.476
8.514 -13.336
8.793 -13.197
9.073 -13.059
9.353 -12.920
9.633 -12.781
9.913 -12.643
10.193 -12.504
10.473 -12.359
10.752 -12.203
11.032 -12.048
11.312 -11.893
11.592 -11.709
11.872 -11.520
12.152 -11.331
12.431 -11.138
12.711 -10.932
12.991 -10.726
13.271 -10.521
13.551 -10.338
13.831 -10.166
14.111 -9.994
14.390 -9.828
14.670 -9.711
14.950 -9.593
15.230 -9.476
15.510 -9.374
15.790 -9.286
16.069 -9.198
16.349 -9.110
16.629 -9.034
16.909 -8.958
17.189 -8.883
17.469 -8.807
17.749 -8.731
18.028 -8.656
18.308 -8.580
18.588 -8.515
18.868 -8.452
19.148 -8.389
19.428 -8.329
19.707 -8.279
19.987 -8.229
20.267 -8.178
20.547 -8.139
20.827 -8.106
21.107 -8.072
21.387 -8.041
21.666 -8.028
21.946 -8.015
22.226 -8.003
22.506 -7.999
22.786 -8.003
23.066 -8.008
23.345 -8.012
23.625 -8.040
23.905 -8.069
24.185 -8.099
24.465 -8.138
24.745 -8.193
25.025 -8.247
25.304 -8.302
25.584 -8.312
25.864 -8.312
26.144 -8.312
26.424 -8.297
26.704 -8.234
26.983 -8.171
27.263 -8.108
27.543 -8.031
27.823 -7.947
28.103 -7.863
28.383 -7.779
28.662 -7.691
28.942 -7.602
29.222 -7.514
29.502 -7.409
29.782 -7.287
30.062 -7.165
30.342 -7.043
30.621 -6.969
30.901 -6.898
31.181 -6.826
31.461 -6.749
31.741 -6.661
32.021 -6.573
32.300 -6.484
32.580 -6.393
32.860 -6.300
33.140 -6.208
33.420 -6.113
33.700 -6.008
33.980 -5.903
34.259 -5.798
34.539 -5.677
34.819 -5.546
35.099 -5.416
35.379 -5.285
35.659 -5.142
35.938 -5.000
36.218 -4.857
36.498 -4.720
36.778 -4.590
37.058 -4.460
37.338 -4.330
37.618 -4.239
37.897 -4.151
38.177 -4.063
38.457 -3.983
38.737 -3.920
39.017 -3.857
39.297 -3.794
39.576 -3.741
39.856 -3.691
40.136 -3.641
40.416 -3.591
40.696 -3.545
40.976 -3.499
41.256 -3.453
41.535 -3.409
41.815 -3.367
42.095 -3.325
42.375 -3.284
42.655 -3.250
42.935 -3.216
43.214 -3.183
43.494 -3.160
43.774 -3.147
44.054 -3.134
44.334 -3.122
44.614 -3.121
44.894 -3.121
45.173 -3.121
45.453 -3.128
45.733 -3.149
46.013 -3.170
46.293 -3.191
46.573 -3.238
46.852 -3.292
47.132 -3.347
47.412 -3.399
47.692 -3.441
47.972 -3.483
48.252 -3.525
48.532 -3.543
48.811 -3.548
49.091 -3.552
49.371 -3.553
49.651 -3.494
49.931 -3.435
50.211 -3.377
50.490 -3.312
50.770 -3.240
51.050 -3.169
51.330 -3.098
51.610 -3.019
51.890 -2.939
52.170 -2.859
52.449 -2.778
52.729 -2.694
53.009 -2.610
53.289 -2.526
53.569 -2.423
53.849 -2.314
54.128 -2.205
54.408 -2.104
54.688 -2.041
54.968 -1.978
55.248 -1.915
55.528 -1.845
55.808 -1.770
56.087 -1.695
56.367 -1.620
56.647 -1.542
56.927 -1.464
57.207 -1.385
57.487 -1.289
57.766 -1.173
58.046 -1.056
58.326 -0.939
58.606 -0.811
58.886 -0.681
59.166 -0.551
59.446 -0.422
59.725 -0.294
60.005 -0.166
60.285 -0.038
60.565 0.043
60.845 0.107
61.125 0.171
61.404 0.231
61.684 0.271
61.964 0.311
62.244 0.351
62.524 0.388
62.804 0.423
63.084 0.459
63.363 0.495
63.643 0.566
63.923 0.636
64.203 0.707
64.483 0.755
64.763 0.777
65.042 0.798
65.322 0.820
65.602 0.845
65.882 0.870
66.162 0.895
66.442 0.915
66.722 0.922
67.001 0.929
67.281 0.936
67.561 0.933
67.841 0.925
68.121 0.918
68.401 0.906
68.680 0.874
68.960 0.842
69.240 0.811
69.520 0.774
69.800 0.733
70.080 0.693
70.360 0.653
70.639 0.599
70.919 0.546
71.199 0.492
71.479 0.460
71.759 0.454
72.039 0.447
72.318 0.441
72.598 0.493
72.878 0.555
73.158 0.616
73.438 0.681
73.718 0.754
73.997 0.826
74.277 0.899
74.557 0.971
74.837 1.043
75.117 1.116
75.397 1.189
75.677 1.271
75.956 1.352
76.236 1.434
76.516 1.510
76.796 1.582
77.076 1.654
77.356 1.727
77.635 1.792
77.915 1.857
78.195 1.922
78.475 1.989
78.755 2.060
79.035 2.130
79.315 2.200
79.594 2.299
79.874 2.402
80.154 2.506
80.434 2.604
80.714 2.687
80.994 2.770
81.273 2.853
81.553 2.984
81.833 3.136
82.113 3.288
82.393 3.429
82.673 3.497
82.953 3.564
83.232 3.631
83.512 3.698
83.792 3.765
84.072 3.833
84.352 3.900
84.632 3.946
84.911 3.992
85.191 4.039
85.471 4.080
85.751 4.113
86.031 4.147
86.311 4.180
86.591 4.214
86.870 4.248
87.150 4.281
87.430 4.314
87.710 4.343
87.990 4.372
88.270 4.402
88.549 4.425
88.829 4.446
89.109 4.467
89.389 4.486
89.669 4.486
89.949 4.486
90.229 4.486
90.508 4.477
90.788 4.460
91.068 4.443
91.348 4.427
91.628 4.402
91.908 4.376
92.187 4.351
92.467 4.316
92.747 4.266
93.027 4.215
93.307 4.165
93.587 4.118
93.867 4.072
94.146 4.026
94.426 3.993
94.706 4.001
94.986 4.010
95.266 4.018
95.546 4.063
95.825 4.126
96.105 4.189
96.385 4.253
96.665 4.320
96.945 4.387
97.225 4.454
97.505 4.524
97.784 4.595
98.064 4.666
98.344 4.738
98.624 4.813
98.904 4.889
99.184 4.964
99.463 5.037
99.743 5.104
100.023 5.171
100.303 5.238
100.583 5.305
100.863 5.373
101.143 5.440
101.422 5.508
101.702 5.579
101.982 5.651
102.262 5.722
102.542 5.810
102.822 5.907
103.101 6.003
103.381 6.099
103.661 6.183
103.941 6.267
104.221 6.351
104.501 6.441
104.781 6.538
105.060 6.634
105.340 6.731
105.620 6.812
105.900 6.891
106.180 6.971
106.460 7.040
106.739 7.091
107.019 7.141
107.299 7.191
107.579 7.232
107.859 7.269
108.139 7.307
108.419 7.344
108.698 7.378
108.978 7.411
109.258 7.445
109.538 7.479
109.818 7.512
110.098 7.546
110.377 7.579
110.657 7.604
110.937 7.629
111.217 7.654
111.497 7.673
111.777 7.686
112.057 7.698
112.336 7.711
112.616 7.716
112.896 7.720
113.176 7.724
113.456 7.719
113.736 7.698
114.015 7.677
114.295 7.656
114.575 7.629
114.855 7.600
115.135 7.570
115.415 7.536
115.695 7.481
115.974 7.426
116.254 7.372
116.534 7.331
116.814 7.297
117.094 7.263
117.374 7.233
117.653 7.254
117.933 7.275
118.213 7.296
118.493 7.339
118.773 7.407
119.053 7.474
119.332 7.541
119.612 7.608
119.892 7.675
120.172 7.742
120.452 7.811
120.732 7.882
121.012 7.954
121.291 8.025
121.571 8.093
121.851 8.161
122.131 8.228
122.411 8.295
122.691 8.362
122.970 8.429
123.250 8.496
123.530 8.564
123.810 8.631
124.090 8.698
124.370 8.765
124.650 8.832
124.929 8.900
125.209 8.967
125.489 9.040
125.769 9.120
126.049 9.199
126.329 9.279
126.608 9.397
126.888 9.518
127.168 9.640
127.448 9.750
127.728 9.834
128.008 9.918
128.288 10.002
128.567 10.076
128.847 10.147
129.127 10.219
129.407 10.285
129.687 10.327
129.967 10.369
130.246 10.411
130.526 10.445
130.806 10.475
131.086 10.504
131.366 10.534
131.646 10.567
131.926 10.601
132.205 10.634
132.485 10.662
132.765 10.683
133.045 10.704
133.325 10.725
133.605 10.746
133.884 10.767
134.164 10.788
134.444 10.805
134.724 10.814
135.004 10.822
135.284 10.830
135.564 10.823
135.843 10.811
136.123 10.798
136.403 10.785
136.683 10.768
136.963 10.751
137.243 10.734
137.522 10.703
137.802 10.661
138.082 10.619
138.362 10.576
138.642 10.518
138.922 10.459
139.202 10.400
139.481 10.358
139.761 10.337
140.041 10.316
140.321 10.295
140.601 10.281
140.881 10.269
141.160 10.256
141.440 10.245
141.720 10.237
142.000 10.228
