-16.054 0.076
-15.982 0.083
-15.911 0.090
-15.840 0.097
-15.750 0.105
-15.637 0.115
-15.524 0.124
-15.410 0.133
-15.261 0.145
-15.106 0.157
-14.950 0.170
-14.808 0.180
-14.699 0.185
-14.590 0.191
-14.481 0.196
-14.345 0.205
-14.198 0.217
-14.051 0.228
-13.904 0.238
-13.762 0.241
-13.619 0.245
-13.476 0.248
-13.336 0.251
-13.197 0.253
-13.059 0.255
-12.920 0.258
-12.781 0.259
-12.643 0.261
-12.504 0.262
-12.359 0.265
-12.203 0.269
-12.048 0.274
-11.893 0.279
-11.709 0.287
-11.520 0.295
-11.331 0.304
-11.138 0.313
-10.932 0.321
-10.726 0.329
-10.521 0.338
-10.338 0.340
-10.166 0.339
-9.994 0.338
-9.828 0.336
-9.711 0.327
-9.593 0.318
-9.476 0.309
-9.374 0.300
-9.286 0.290
-9.198 0.281
-9.110 0.272
-9.034 0.265
-8.958 0.257
-8.883 0.250
-8.807 0.243
-8.731 0.238
-8.656 0.234
-8.580 0.229
-8.515 0.224
-8.452 0.220
-8.389 0.215
-8.329 0.210
-8.279 0.205
-8.229 0.199
-8.178 0.194
-8.139 0.188
-8.106 0.182
-8.072 0.175
-8.041 0.169
-8.028 0.162
-8.015 0.155
-8.003 0.147
-7.999 0.140
-8.003 0.134
-8.008 0.127
-8.012 0.121
-8.040 0.113
-8.069 0.106
-8.099 0.098
-8.138 0.090
-8.193 0.083
-8.247 0.075
-8.302 0.068
-8.312 0.066
-8.312 0.065
-8.312 0.064
-8.297 0.065
-8.234 0.072
-8.171 0.078
-8.108 0.084
-8.031 0.092
-7.947 0.100
-7.863 0.108
-7.779 0.116
-7.691 0.122
-7.602 0.128
-7.514 0.135
-7.409 0.142
-7.287 0.151
-7.165 0.159
-7.043 0.168
-6.969 0.170
-6.898 0.172
-6.826 0.174
-6.749 0.176
-6.661 0.179
-6.573 0.182
-6.484 0.184
-6.393 0.186
-6.300 0.188
-6.208 0.189
-6.113 0.192
-6.008 0.196
-5.903 0.201
-5.798 0.205
-5.677 0.211
-5.546 0.218
-5.416 0.224
-5.285 0.231
-5.142 0.237
-5.000 0.244
-4.857 0.251
-4.720 0.254
-4.590 0.254
-4.460 0.254
-4.330 0.254
-4.239 0.248
-4.151 0.242
-4.063 0.236
-3.983 0.230
-3.920 0.224
-3.857 0.217
-3.794 0.211
-3.741 0.205
-3.691 0.199
-3.641 0.193
-3.591 0.187
-3.545 0.183
-3.499 0.179
-3.453 0.175
-3.409 0.171
-3.367 0.168
-3.325 0.165
-3.284 0.161
-3.250 0.157
-3.216 0.154
-3.183 0.150
-3.160 0.145
-3.147 0.141
-3.134 0.136
-3.122 0.132
-3.121 0.126
-3.121 0.121
-3.121 0.115
-3.128 0.110
-3.149 0.105
-3.170 0.100
-3.191 0.094
-3.238 0.088
-3.292 0.081
-3.347 0.074
-3.399 0.068
-3.441 0.064
-3.483 0.060
-3.525 0.056
-3.543 0.054
-3.548 0.053
-3.552 0.053
-3.553 0.052
-3.494 0.058
-3.435 0.063
-3.377 0.069
-3.312 0.075
-3.240 0.081
-3.169 0.088
-3.098 0.094
-3.019 0.100
-2.939 0.105
-2.859 0.110
-2.778 0.115
-2.694 0.121
-2.610 0.127
-2.526 0.132
-2.423 0.137
-2.314 0.141
-2.205 0.145
-2.104 0.149
-2.041 0.150
-1.978 0.152
-1.915 0.153
-1.845 0.155
-1.770 0.157
-1.695 0.158
-1.620 0.160
-1.542 0.164
-1.464 0.167
-1.385 0.170
-1.289 0.175
-1.173 0.181
-1.056 0.186
-0.939 0.192
-0.811 0.199
-0.681 0.206
-0.551 0.212
-0.422 0.217
-0.294 0.216
-0.166 0.215
-0.038 0.214
0.043 0.211
0.107 0.207
0.171 0.202
0.231 0.198
0.271 0.192
0.311 0.186
0.351 0.180
0.388 0.175
0.423 0.170
0.459 0.166
0.495 0.161
0.566 0.157
0.636 0.153
0.707 0.149
0.755 0.146
0.777 0.143
0.798 0.141
0.820 0.139
0.845 0.136
0.870 0.133
0.895 0.130
0.915 0.126
0.922 0.122
0.929 0.118
0.936 0.114
0.933 0.109
0.925 0.105
0.918 0.101
0.906 0.096
0.874 0.090
0.842 0.085
0.811 0.079
0.774 0.074
0.733 0.070
0.693 0.066
0.653 0.062
0.599 0.058
0.546 0.053
0.492 0.049
0.460 0.047
0.454 0.047
0.447 0.047
0.441 0.046
0.493 0.051
0.555 0.056
0.616 0.061
0.681 0.067
0.754 0.072
0.826 0.078
0.899 0.084
0.971 0.089
1.043 0.094
1.116 0.099
1.189 0.104
1.271 0.108
1.352 0.113
1.434 0.118
1.510 0.121
1.582 0.124
1.654 0.127
1.727 0.130
1.792 0.132
1.857 0.134
1.922 0.136
1.989 0.138
2.060 0.139
2.130 0.141
2.200 0.142
2.299 0.147
2.402 0.152
2.506 0.157
2.604 0.162
2.687 0.165
2.770 0.169
2.853 0.173
2.984 0.178
3.136 0.185
3.288 0.192
3.429 0.198
3.497 0.196
3.564 0.194
3.631 0.192
3.698 0.189
3.765 0.185
3.833 0.180
3.900 0.176
3.946 0.171
3.992 0.165
4.039 0.160
4.080 0.155
4.113 0.151
4.147 0.147
4.180 0.142
4.214 0.139
4.248 0.137
4.281 0.134
4.314 0.132
4.343 0.129
4.372 0.127
4.402 0.124
4.425 0.122
4.446 0.119
4.467 0.116
4.486 0.113
4.486 0.109
4.486 0.105
4.486 0.102
4.477 0.097
4.460 0.093
4.443 0.088
4.427 0.083
4.402 0.080
4.376 0.076
4.351 0.073
4.316 0.069
4.266 0.064
4.215 0.059
4.165 0.054
4.118 0.051
4.072 0.048
4.026 0.044
3.993 0.042
4.001 0.043
4.010 0.044
4.018 0.045
4.063 0.049
4.126 0.054
4.189 0.060
4.253 0.065
4.320 0.070
4.387 0.075
4.454 0.080
4.524 0.084
4.595 0.089
4.666 0.093
4.738 0.098
4.813 0.102
4.889 0.106
4.964 0.110
5.037 0.113
5.104 0.116
5.171 0.118
5.238 0.120
5.305 0.122
5.373 0.124
5.440 0.126
5.508 0.128
5.579 0.129
5.651 0.131
5.722 0.133
5.810 0.137
5.907 0.142
6.003 0.147
6.099 0.152
6.183 0.156
6.267 0.159
6.351 0.163
6.441 0.167
6.538 0.173
6.634 0.178
6.731 0.184
6.812 0.182
6.891 0.179
6.971 0.177
7.040 0.173
7.091 0.169
7.141 0.165
7.191 0.160
7.232 0.155
7.269 0.150
7.307 0.145
7.344 0.141
7.378 0.138
7.411 0.135
7.445 0.132
7.479 0.129
7.512 0.127
7.546 0.124
7.579 0.122
7.604 0.120
7.629 0.117
7.654 0.115
7.673 0.113
7.686 0.110
7.698 0.108
7.711 0.105
7.716 0.102
7.720 0.099
7.724 0.095
7.719 0.092
7.698 0.087
7.677 0.082
7.656 0.078
7.629 0.074
7.600 0.070
7.570 0.067
7.536 0.063
7.481 0.059
7.426 0.054
7.372 0.050
7.331 0.046
7.297 0.044
7.263 0.041
7.233 0.039
7.254 0.041
7.275 0.044
7.296 0.046
7.339 0.050
7.407 0.055
7.474 0.060
7.541 0.065
7.608 0.070
7.675 0.074
7.742 0.079
7.811 0.083
7.882 0.088
7.954 0.093
8.025 0.097
8.093 0.101
8.161 0.104
8.228 0.107
8.295 0.110
8.362 0.112
8.429 0.113
8.496 0.115
8.564 0.117
8.631 0.118
8.698 0.120
8.765 0.121
8.832 0.123
8.900 0.125
8.967 0.127
9.040 0.130
9.120 0.134
9.199 0.138
9.279 0.142
9.397 0.148
9.518 0.156
9.640 0.163
9.750 0.168
9.834 0.170
9.918 0.172
10.002 0.174
10.076 0.172
10.147 0.168
10.219 0.165
10.285 0.161
10.327 0.156
10.369 0.150
10.411 0.145
10.445 0.141
10.475 0.136
10.504 0.132
10.534 0.128
10.567 0.125
10.601 0.123
10.634 0.120
10.662 0.117
10.683 0.115
10.704 0.113
10.725 0.111
10.746 0.108
10.767 0.106
10.788 0.104
10.805 0.102
10.814 0.099
10.822 0.097
10.830 0.094
10.823 0.090
10.811 0.086
10.798 0.082
10.785 0.079
10.768 0.076
10.751 0.073
10.734 0.069
10.703 0.066
10.661 0.062
10.619 0.057
10.576 0.053
10.518 0.049
10.459 0.046
10.400 0.042
10.358 0.039
10.337 0.038
10.316 0.037
10.295 0.036
10.281 0.035
10.269 0.035
10.256 0.034
10.245 0.034
10.237 0.034
10.228 0.034
