2.357 414.087
2.637 491.770
2.917 569.453
3.197 647.376
3.476 725.400
3.756 803.425
4.036 881.403
4.316 959.071
4.596 1036.739
4.876 1114.407
5.155 1191.946
5.435 1269.382
5.715 1346.818
5.995 1424.254
6.275 1501.762
6.555 1579.271
6.835 1656.781
7.114 1734.545
7.394 1812.678
7.674 1890.811
7.954 1968.944
8.234 2046.603
8.514 2124.170
8.793 2201.736
9.073 2279.273
9.353 2356.728
9.633 2434.183
9.913 2511.638
10.193 2589.444
10.473 2667.407
10.752 2745.371
11.032 2823.329
11.312 2901.252
11.592 2979.174
11.872 3057.096
12.152 3134.834
12.431 3212.415
12.711 3289.996
12.991 3367.577
13.271 3445.169
13.551 3522.761
13.831 3600.353
14.111 3674.813
14.390 3744.473
14.670 3814.134
14.950 3883.794
15.230 3831.073
15.510 3751.765
15.790 3672.457
16.069 3593.103
16.349 3513.608
16.629 3434.113
16.909 3354.619
17.189 3276.651
17.469 3199.419
17.749 3122.188
18.028 3044.925
18.308 2967.380
18.588 2889.836
18.868 2812.292
19.148 2734.027
19.428 2655.119
19.707 2576.211
19.987 2497.302
20.267 2420.204
20.547 2343.192
20.827 2266.180
21.107 2188.958
21.387 2111.396
21.666 2033.835
21.946 1956.273
22.226 1877.645
22.506 1798.762
22.786 1719.880
23.066 1641.468
23.345 1564.590
23.625 1487.713
23.905 1410.835
24.185 1333.609
24.465 1256.203
24.745 1178.798
25.025 1101.376
25.304 1023.787
25.584 946.197
25.864 868.607
26.144 840.137
26.424 858.083
26.704 876.029
26.983 893.975
27.263 968.473
27.543 1046.532
27.823 1124.591
28.103 1202.822
28.383 1281.348
28.662 1359.874
28.942 1438.400
29.222 1515.502
29.502 1592.234
29.782 1668.966
30.062 1746.020
30.342 1824.211
30.621 1902.403
30.901 1980.594
31.181 2059.307
31.461 2138.305
31.741 2217.302
32.021 2296.121
32.300 2372.703
32.580 2449.285
32.860 2525.868
33.140 2603.045
33.420 2680.818
33.700 2758.590
33.980 2836.362
34.259 2915.389
34.539 2994.515
34.819 3073.640
35.099 3151.822
35.379 3228.281
35.659 3304.739
35.938 3381.198
36.218 3458.493
36.498 3536.024
36.778 3613.556
37.058 3688.034
37.338 3750.804
37.618 3813.573
37.897 3876.342
38.177 3848.122
38.457 3767.235
38.737 3686.349
39.017 3605.624
39.297 3527.443
39.576 3449.263
39.856 3371.082
40.136 3292.701
40.416 3214.107
40.696 3135.514
40.976 3056.920
41.256 2979.347
41.535 2901.870
41.815 2824.393
42.095 2747.107
42.375 2670.192
42.655 2593.278
42.935 2516.363
43.214 2437.889
43.494 2358.940
43.774 2279.990
44.054 2201.360
44.334 2124.065
44.614 2046.771
44.894 1969.476
45.173 1892.440
45.453 1815.563
45.733 1738.685
46.013 1661.705
46.293 1582.605
46.573 1503.506
46.852 1424.407
47.132 1346.315
47.412 1269.346
47.692 1192.377
47.972 1115.408
48.252 1037.455
48.532 959.392
48.811 881.328
49.091 837.534
49.371 864.591
49.651 891.648
49.931 918.706
50.211 984.731
50.490 1063.565
50.770 1142.399
51.050 1221.238
51.330 1300.096
51.610 1378.955
51.890 1457.813
52.170 1535.583
52.449 1612.645
52.729 1689.708
53.009 1766.768
53.289 1843.789
53.569 1920.810
53.849 1997.831
54.128 2075.316
54.408 2153.346
54.688 2231.377
54.968 2309.408
55.248 2387.500
55.528 2465.601
55.808 2543.701
56.087 2621.473
56.367 2698.522
56.647 2775.572
56.927 2852.621
57.207 2930.406
57.487 3008.452
57.766 3086.498
58.046 3164.520
58.326 3242.416
58.606 3320.312
58.886 3398.208
59.166 3475.572
59.446 3552.569
59.725 3629.566
60.005 3706.058
60.285 3755.917
60.565 3805.777
60.845 3855.636
61.125 3846.960
61.404 3765.345
61.684 3683.731
61.964 3602.117
62.244 3523.327
62.524 3444.953
62.804 3366.579
63.084 3288.629
63.363 3211.673
63.643 3134.717
63.923 3057.761
64.203 2979.629
64.483 2901.051
64.763 2822.473
65.042 2744.040
65.322 2666.417
65.602 2588.795
65.882 2511.172
66.162 2434.041
66.442 2357.267
66.722 2280.494
67.001 2203.711
67.281 2124.813
67.561 2045.916
67.841 1967.018
68.121 1888.756
68.401 1811.331
68.680 1733.907
68.960 1656.482
69.240 1579.886
69.520 1503.428
69.800 1426.969
70.080 1349.665
70.360 1270.233
70.639 1190.801
70.919 1111.370
71.199 1033.385
71.479 955.989
71.759 878.592
72.039 817.588
72.318 859.103
72.598 900.618
72.878 942.133
73.158 1003.931
73.438 1081.380
73.718 1158.829
73.997 1236.278
74.277 1314.273
74.557 1392.273
74.837 1470.274
75.117 1548.264
75.397 1626.241
75.677 1704.217
75.956 1782.194
76.236 1859.989
76.516 1937.750
76.796 2015.512
77.076 2093.063
77.356 2170.047
77.635 2247.031
77.915 2324.015
78.195 2401.852
78.475 2480.058
78.755 2558.265
79.035 2636.521
79.315 2715.128
79.594 2793.734
79.874 2872.341
80.154 2949.951
80.434 3026.748
80.714 3103.545
80.994 3180.342
81.273 3258.330
81.553 3336.346
81.833 3414.361
82.113 3492.526
82.393 3570.911
82.673 3649.296
82.953 3727.681
83.232 3760.752
83.512 3784.573
83.792 3808.394
84.072 3805.706
84.352 3726.411
84.632 3647.116
84.911 3567.822
85.191 3489.285
85.471 3411.100
85.751 3332.915
86.031 3254.703
86.311 3176.270
86.591 3097.838
86.870 3019.405
87.150 2941.561
87.430 2864.226
87.710 2786.890
87.990 2709.554
88.270 2632.086
88.549 2554.614
88.829 2477.141
89.109 2399.340
89.389 2321.027
89.669 2242.714
89.949 2164.401
90.229 2086.987
90.508 2009.775
90.788 1932.563
91.068 1855.061
91.348 1776.656
91.628 1698.252
91.908 1619.848
92.187 1541.922
92.467 1464.232
92.747 1386.542
93.027 1308.942
93.307 1232.184
93.587 1155.426
93.867 1078.668
94.146 1001.146
94.426 922.929
94.706 844.711
94.986 766.494
95.266 833.241
95.546 907.667
95.825 982.092
96.105 1058.201
96.385 1137.101
96.665 1216.001
96.945 1294.900
97.225 1372.234
97.505 1449.183
97.784 1526.132
98.064 1603.412
98.344 1681.801
98.624 1760.190
98.904 1838.580
99.184 1916.768
99.463 1994.851
99.743 2072.934
100.023 2150.909
100.303 2227.689
100.583 2304.469
100.863 2381.248
101.143 2458.878
101.422 2537.326
101.702 2615.773
101.982 2694.221
102.262 2772.248
102.542 2850.246
102.822 2928.245
103.101 3005.805
103.381 3082.596
103.661 3159.387
103.941 3236.177
104.221 3314.325
104.501 3392.836
104.781 3471.347
105.060 3549.698
105.340 3627.468
105.620 3705.238
105.900 3783.009
106.180 3799.284
106.460 3781.316
106.739 3763.348
107.019 3741.261
107.299 3663.528
107.579 3585.795
107.859 3508.061
108.139 3430.880
108.419 3354.261
108.698 3277.642
108.978 3201.023
109.258 3122.108
109.538 3043.000
109.818 2963.892
110.098 2885.187
110.377 2807.235
110.657 2729.282
110.937 2651.329
111.217 2574.340
111.497 2497.629
111.777 2420.919
112.057 2343.794
112.336 2265.029
112.616 2186.264
112.896 2107.499
113.176 2029.290
113.456 1951.409
113.736 1873.528
114.015 1795.724
114.295 1719.246
114.575 1642.768
114.855 1566.290
115.135 1488.338
115.415 1408.800
115.695 1329.262
115.974 1249.724
116.254 1172.435
116.534 1095.373
116.814 1018.311
117.094 955.892
117.374 922.550
117.653 889.207
117.933 855.865
118.213 908.518
118.493 988.097
118.773 1067.676
119.053 1146.950
119.332 1224.902
119.612 1302.855
119.892 1380.808
120.172 1458.309
120.452 1535.528
120.732 1612.746
121.012 1690.004
121.291 1768.176
121.571 1846.348
121.851 1924.520
122.131 2002.809
122.411 2081.231
122.691 2159.653
122.970 2238.074
123.250 2315.117
123.530 2391.996
123.810 2468.876
124.090 2546.105
124.370 2624.073
124.650 2702.041
124.929 2780.009
125.209 2858.280
125.489 2936.654
125.769 3015.028
126.049 3093.111
126.329 3169.812
126.608 3246.514
126.888 3323.216
127.168 3400.960
127.448 3479.397
127.728 3557.834
128.008 3636.254
128.288 3714.061
128.567 3791.868
128.847 3869.675
129.127 3877.278
129.407 3800.509
129.687 3723.740
129.967 3646.971
130.246 3568.739
130.526 3490.308
130.806 3411.878
131.086 3333.541
131.366 3255.414
131.646 3177.288
131.926 3099.162
132.205 3021.606
132.485 2944.257
132.765 2866.908
133.045 2789.409
133.325 2711.122
133.605 2632.834
133.884 2554.547
134.164 2476.818
134.444 2399.480
134.724 2322.142
135.004 2244.801
135.284 2167.265
135.564 2089.730
135.843 2012.194
136.123 1934.350
136.403 1856.115
136.683 1777.880
136.963 1699.645
137.243 1622.107
137.522 1544.676
137.802 1467.244
138.082 1389.829
138.362 1312.455
138.642 1235.080
138.922 1157.705
139.202 1080.406
139.481 1003.138
139.761 925.869
140.041 856.376
140.321 832.070
140.601 807.765
140.881 783.460
141.160 773.134
141.440 773.210
141.720 773.287
142.000 773.363
