2.357 1.219
2.637 1.328
2.917 1.436
3.197 1.543
3.476 1.661
3.756 1.792
4.036 1.921
4.316 2.048
4.596 2.211
4.876 2.377
5.155 2.539
5.435 2.669
5.715 2.726
5.995 2.782
6.275 2.837
6.555 2.946
6.835 3.075
7.114 3.202
7.394 3.310
7.674 3.322
7.954 3.333
8.234 3.343
8.514 3.345
8.793 3.340
9.073 3.335
9.353 3.329
9.633 3.313
9.913 3.295
10.193 3.277
10.473 3.273
10.752 3.288
11.032 3.301
11.312 3.313
11.592 3.357
11.872 3.403
12.152 3.447
12.431 3.484
12.711 3.511
12.991 3.534
13.271 3.554
13.551 3.513
13.831 3.446
14.111 3.379
14.390 3.305
14.670 3.177
14.950 3.050
15.230 2.926
15.510 2.809
15.790 2.697
16.069 2.587
16.349 2.479
16.629 2.390
16.909 2.303
17.189 2.217
17.469 2.142
17.749 2.081
18.028 2.022
18.308 1.963
18.588 1.909
18.868 1.856
19.148 1.804
19.428 1.751
19.707 1.695
19.987 1.640
20.267 1.586
20.547 1.530
20.827 1.473
21.107 1.416
21.387 1.360
21.666 1.299
21.946 1.238
22.226 1.178
22.506 1.123
22.786 1.072
23.066 1.021
23.345 0.969
23.625 0.911
23.905 0.852
24.185 0.793
24.465 0.735
24.745 0.679
25.025 0.622
25.304 0.564
25.584 0.548
25.864 0.542
26.144 0.536
26.424 0.543
26.704 0.590
26.983 0.637
27.263 0.682
27.543 0.736
27.823 0.792
28.103 0.846
28.383 0.899
28.662 0.938
28.942 0.976
29.222 1.012
29.502 1.054
29.782 1.099
30.062 1.142
30.342 1.183
30.621 1.186
30.901 1.187
31.181 1.187
31.461 1.188
31.741 1.191
32.021 1.193
32.300 1.194
32.580 1.190
32.860 1.183
33.140 1.176
33.420 1.172
33.700 1.180
33.980 1.186
34.259 1.191
34.539 1.199
34.819 1.208
35.099 1.214
35.379 1.219
35.659 1.221
35.938 1.220
36.218 1.218
36.498 1.199
36.778 1.166
37.058 1.133
37.338 1.100
37.618 1.053
37.897 1.006
38.177 0.960
38.457 0.917
38.737 0.877
39.017 0.838
39.297 0.800
39.576 0.765
39.856 0.733
40.136 0.701
40.416 0.671
40.696 0.649
40.976 0.626
41.256 0.604
41.535 0.585
41.815 0.566
42.095 0.548
42.375 0.530
42.655 0.512
42.935 0.494
43.214 0.476
43.494 0.459
43.774 0.443
44.054 0.427
44.334 0.411
44.614 0.394
44.894 0.377
45.173 0.360
45.453 0.344
45.733 0.330
46.013 0.316
46.293 0.301
46.573 0.284
46.852 0.266
47.132 0.247
47.412 0.229
47.692 0.219
47.972 0.209
48.252 0.198
48.532 0.192
48.811 0.190
49.091 0.187
49.371 0.186
49.651 0.201
49.931 0.217
50.211 0.231
50.490 0.247
50.770 0.263
51.050 0.278
51.330 0.292
51.610 0.301
51.890 0.308
52.170 0.314
52.449 0.320
52.729 0.326
53.009 0.330
53.289 0.334
53.569 0.332
53.849 0.327
54.128 0.321
54.408 0.314
54.688 0.307
54.968 0.300
55.248 0.293
55.528 0.285
55.808 0.277
56.087 0.268
56.367 0.260
56.647 0.252
56.927 0.244
57.207 0.236
57.487 0.225
57.766 0.212
58.046 0.197
58.326 0.181
58.606 0.161
58.886 0.140
59.166 0.117
59.446 0.091
59.725 0.063
60.005 0.036
60.285 0.008
60.565 0.009
60.845 0.022
61.125 0.035
61.404 0.046
61.684 0.052
61.964 0.058
62.244 0.063
62.524 0.068
62.804 0.072
63.084 0.076
63.363 0.080
63.643 0.089
63.923 0.097
64.203 0.105
64.483 0.110
64.763 0.111
65.042 0.113
65.322 0.114
65.602 0.115
65.882 0.115
66.162 0.116
66.442 0.115
66.722 0.112
67.001 0.109
67.281 0.106
67.561 0.102
67.841 0.097
68.121 0.092
68.401 0.087
68.680 0.079
68.960 0.071
69.240 0.064
69.520 0.058
69.800 0.051
70.080 0.046
70.360 0.040
70.639 0.035
70.919 0.029
71.199 0.024
71.479 0.022
71.759 0.021
72.039 0.021
72.318 0.020
72.598 0.025
72.878 0.031
73.158 0.038
73.438 0.045
73.718 0.055
73.997 0.065
74.277 0.076
74.557 0.087
74.837 0.098
75.117 0.110
75.397 0.123
75.677 0.138
75.956 0.153
76.236 0.169
76.516 0.183
76.796 0.196
77.076 0.210
77.356 0.225
77.635 0.237
77.915 0.249
78.195 0.261
78.475 0.274
78.755 0.287
79.035 0.299
79.315 0.313
79.594 0.337
79.874 0.365
80.154 0.394
80.434 0.422
80.714 0.445
80.994 0.468
81.273 0.492
81.553 0.532
81.833 0.581
82.113 0.632
82.393 0.679
82.673 0.685
82.953 0.692
83.232 0.698
83.512 0.699
83.792 0.695
84.072 0.691
84.352 0.686
84.632 0.674
84.911 0.661
85.191 0.647
85.471 0.634
85.751 0.621
86.031 0.608
86.311 0.595
86.591 0.588
86.870 0.582
87.150 0.576
87.430 0.569
87.710 0.562
87.990 0.555
88.270 0.548
88.549 0.539
88.829 0.528
89.109 0.518
89.389 0.506
89.669 0.489
89.949 0.473
90.229 0.456
90.508 0.436
90.788 0.413
91.068 0.390
91.348 0.368
91.628 0.351
91.908 0.334
92.187 0.317
92.467 0.297
92.747 0.273
93.027 0.249
93.307 0.226
93.587 0.209
93.867 0.194
94.146 0.179
94.426 0.169
94.706 0.172
94.986 0.176
95.266 0.179
95.546 0.197
95.825 0.223
96.105 0.250
96.385 0.276
96.665 0.302
96.945 0.328
97.225 0.355
97.505 0.381
97.784 0.408
98.064 0.435
98.344 0.463
98.624 0.490
98.904 0.518
99.184 0.546
99.463 0.571
99.743 0.590
100.023 0.609
100.303 0.628
100.583 0.646
100.863 0.665
101.143 0.685
101.422 0.704
101.702 0.722
101.982 0.741
102.262 0.760
102.542 0.795
102.822 0.839
103.101 0.884
103.381 0.929
103.661 0.964
103.941 0.999
104.221 1.035
104.501 1.078
104.781 1.130
105.060 1.183
105.340 1.236
105.620 1.237
105.900 1.235
106.180 1.232
106.460 1.221
106.739 1.199
107.019 1.176
107.299 1.153
107.579 1.124
107.859 1.094
108.139 1.063
108.419 1.035
108.698 1.016
108.978 0.998
109.258 0.979
109.538 0.964
109.818 0.951
110.098 0.938
110.377 0.925
110.657 0.911
110.937 0.896
111.217 0.881
111.497 0.865
111.777 0.847
112.057 0.830
112.336 0.812
112.616 0.787
112.896 0.762
113.176 0.736
113.456 0.707
113.736 0.669
114.015 0.631
114.295 0.594
114.575 0.564
114.855 0.535
115.135 0.507
115.415 0.477
115.695 0.439
115.974 0.402
116.254 0.365
116.534 0.339
116.814 0.320
117.094 0.300
117.374 0.283
117.653 0.301
117.933 0.319
118.213 0.337
118.493 0.366
118.773 0.407
119.053 0.449
119.332 0.492
119.612 0.531
119.892 0.570
120.172 0.609
120.452 0.650
120.732 0.693
121.012 0.737
121.291 0.781
121.571 0.817
121.851 0.849
122.131 0.882
122.411 0.913
122.691 0.935
122.970 0.956
123.250 0.979
123.530 1.000
123.810 1.021
124.090 1.042
124.370 1.063
124.650 1.089
124.929 1.115
125.209 1.141
125.489 1.176
125.769 1.222
126.049 1.267
126.329 1.314
126.608 1.395
126.888 1.481
127.168 1.569
127.448 1.640
127.728 1.673
128.008 1.706
128.288 1.739
128.567 1.730
128.847 1.706
129.127 1.682
129.407 1.653
129.687 1.606
129.967 1.559
130.246 1.511
130.526 1.468
130.806 1.428
131.086 1.389
131.366 1.349
131.646 1.325
131.926 1.300
132.205 1.276
132.485 1.252
132.765 1.230
133.045 1.208
133.325 1.186
133.605 1.165
133.884 1.145
134.164 1.125
134.444 1.102
134.724 1.074
135.004 1.045
135.284 1.017
135.564 0.977
135.843 0.933
136.123 0.889
136.403 0.847
136.683 0.813
136.963 0.779
137.243 0.746
137.522 0.704
137.802 0.657
138.082 0.610
138.362 0.564
138.642 0.520
138.922 0.476
139.202 0.433
139.481 0.404
139.761 0.392
140.041 0.379
140.321 0.367
140.601 0.361
140.881 0.357
141.160 0.352
141.440 0.348
141.720 0.346
142.000 0.344
