414.087 122.305
491.770 138.666
569.453 155.026
647.376 178.859
725.400 205.860
803.425 232.861
881.403 261.379
959.071 300.144
1036.739 338.909
1114.407 377.675
1191.946 423.364
1269.382 474.595
1346.818 525.825
1424.254 577.056
1501.762 636.059
1579.271 695.204
1656.781 754.348
1734.545 815.389
1812.678 879.173
1890.811 942.958
1968.944 1006.742
2046.603 1068.603
2124.170 1130.084
2201.736 1191.565
2279.273 1248.320
2356.728 1291.754
2434.183 1335.189
2511.638 1378.623
2589.444 1422.086
2667.407 1465.561
2745.371 1509.036
2823.329 1552.521
2901.252 1596.083
2979.174 1639.645
3057.096 1683.207
3134.834 1737.996
3212.415 1802.283
3289.996 1866.570
3367.577 1930.857
3445.169 2005.851
3522.761 2081.195
3600.353 2156.539
3674.813 2231.039
3744.473 2304.244
3814.134 2377.450
3883.794 2450.655
3831.073 2448.349
3751.765 2429.639
3672.457 2410.928
3593.103 2376.863
3513.608 2296.272
3434.113 2215.680
3354.619 2135.089
3276.651 2057.251
3199.419 1980.741
3122.188 1904.230
3044.925 1829.397
2967.380 1769.436
2889.836 1709.474
2812.292 1649.513
2734.027 1601.511
2655.119 1564.204
2576.211 1526.896
2497.302 1489.589
2420.204 1444.416
2343.192 1398.868
2266.180 1353.321
2188.958 1304.648
2111.396 1250.903
2033.835 1197.157
1956.273 1143.411
1877.645 1077.209
1798.762 1008.043
1719.880 938.876
1641.468 870.832
1564.590 806.454
1487.713 742.075
1410.835 677.697
1333.609 617.799
1256.203 560.198
1178.798 502.598
1101.376 446.061
1023.787 400.602
946.197 355.143
868.607 309.685
840.137 281.829
858.083 270.607
876.029 259.384
893.975 248.162
968.473 272.738
1046.532 299.568
1124.591 326.398
1202.822 363.004
1281.348 416.446
1359.874 469.889
1438.400 523.331
1515.502 581.698
1592.234 641.343
1668.966 700.988
1746.020 761.866
1824.211 827.100
1902.403 892.335
1980.594 957.569
2059.307 1021.778
2138.305 1085.427
2217.302 1149.077
2296.121 1211.388
2372.703 1256.888
2449.285 1302.388
2525.868 1347.888
2603.045 1393.002
2680.818 1437.731
2758.590 1482.460
2836.362 1527.188
2915.389 1573.574
2994.515 1620.090
3073.640 1666.606
3151.822 1719.885
3228.281 1785.528
3304.739 1851.171
3381.198 1916.814
3458.493 1992.111
3536.024 2070.128
3613.556 2148.145
3688.034 2224.895
3750.804 2296.788
3813.573 2368.680
3876.342 2440.572
3848.122 2452.606
3767.235 2429.991
3686.349 2407.376
3605.624 2381.288
3527.443 2300.783
3449.263 2220.278
3371.082 2139.772
3292.701 2060.308
3214.107 1981.942
3135.514 1903.576
3056.920 1825.210
2979.347 1765.028
2901.870 1706.574
2824.393 1648.120
2747.107 1597.198
2670.192 1560.911
2593.278 1524.623
2516.363 1488.336
2437.889 1443.884
2358.940 1396.944
2279.990 1350.003
2201.360 1301.553
2124.065 1246.788
2046.771 1192.023
1969.476 1137.258
1892.440 1074.415
1815.563 1006.612
1738.685 938.808
1661.705 871.051
1582.605 804.233
1503.506 737.416
1424.407 670.599
1346.315 608.348
1269.346 551.189
1192.377 494.031
1115.408 436.873
1037.455 392.374
959.392 349.292
881.328 306.210
837.534 274.510
864.591 266.342
891.648 258.175
918.706 250.007
984.731 270.767
1063.565 301.035
1142.399 331.304
1221.238 365.927
1300.096 420.495
1378.955 475.062
1457.813 529.630
1535.583 587.520
1612.645 647.573
1689.708 707.625
1766.768 767.838
1843.789 832.845
1920.810 897.851
1997.831 962.858
2075.316 1026.303
2153.346 1087.908
2231.377 1149.513
2309.408 1211.119
2387.500 1258.874
2465.601 1304.840
2543.701 1350.806
2621.473 1396.165
2698.522 1440.184
2775.572 1484.204
2852.621 1528.224
2930.406 1575.084
3008.452 1622.949
3086.498 1670.814
3164.520 1722.083
3242.416 1790.533
3320.312 1858.982
3398.208 1927.432
3475.572 2002.046
3552.569 2080.909
3629.566 2159.772
3706.058 2238.327
3755.917 2300.660
3805.777 2362.992
3855.636 2425.325
3846.960 2447.755
3765.345 2420.465
3683.731 2393.175
3602.117 2365.885
3523.327 2291.032
3444.953 2209.186
3366.579 2127.341
3288.629 2047.127
3211.673 1970.747
3134.717 1894.368
3057.761 1817.988
2979.629 1756.392
2901.051 1700.403
2822.473 1644.414
2744.040 1591.241
2666.417 1553.819
2588.795 1516.397
2511.172 1478.974
2434.041 1436.593
2357.267 1390.595
2280.494 1344.597
2203.711 1298.544
2124.813 1241.215
2045.916 1183.887
1967.018 1126.558
1888.756 1064.146
1811.331 995.033
1733.907 925.920
1656.482 856.807
1579.886 792.053
1503.428 728.019
1426.969 663.986
1349.665 601.677
1270.233 543.704
1190.801 485.731
1111.370 427.758
1033.385 382.098
955.989 341.437
878.592 300.776
817.588 265.159
859.103 261.094
900.618 257.029
942.133 252.963
1003.931 271.829
1081.380 308.390
1158.829 344.951
1236.278 381.511
1314.273 436.147
1392.273 490.946
1470.274 545.745
1548.264 603.460
1626.241 665.243
1704.217 727.025
1782.194 788.808
1859.989 853.895
1937.750 919.590
2015.512 985.286
2093.063 1048.844
2170.047 1106.646
2247.031 1164.448
2324.015 1222.250
2401.852 1272.006
2480.058 1318.273
2558.265 1364.540
2636.521 1410.402
2715.128 1453.408
2793.734 1496.413
2872.341 1539.419
2949.951 1586.504
3026.748 1636.917
3103.545 1687.331
3180.342 1737.745
3258.330 1808.527
3336.346 1879.783
3414.361 1951.039
3492.526 2026.103
3570.911 2106.786
3649.296 2187.470
3727.681 2268.154
3760.752 2322.105
3784.573 2370.598
3808.394 2419.092
3805.706 2444.432
3726.411 2402.863
3647.116 2361.293
3567.822 2319.723
3489.285 2250.052
3411.100 2167.379
3332.915 2084.707
3254.703 2002.873
3176.270 1927.804
3097.838 1852.736
3019.405 1777.667
2941.561 1716.984
2864.226 1668.711
2786.890 1620.438
2709.554 1572.165
2632.086 1532.120
2554.614 1492.386
2477.141 1452.653
2399.340 1410.020
2321.027 1362.852
2242.714 1315.685
2164.401 1268.517
2086.987 1210.486
2009.775 1150.017
1932.563 1089.548
1855.061 1026.918
1776.656 957.567
1698.252 888.217
1619.848 818.867
1541.922 753.176
1464.232 689.289
1386.542 625.401
1308.942 562.509
1232.184 508.928
1155.426 455.348
1078.668 401.767
1001.146 356.494
922.929 318.795
844.711 281.095
766.494 243.396
833.241 248.456
907.667 255.780
982.092 263.105
1058.201 284.745
1137.101 330.113
1216.001 375.481
1294.900 420.849
1372.234 475.102
1449.183 531.536
1526.132 587.970
1603.412 645.895
1681.801 708.826
1760.190 771.756
1838.580 834.687
1916.768 899.967
1994.851 966.478
2072.934 1032.989
2150.909 1098.426
2227.689 1151.945
2304.469 1205.465
2381.248 1258.985
2458.878 1308.799
2537.326 1355.044
2615.773 1401.288
2694.221 1447.533
2772.248 1488.453
2850.246 1529.008
2928.245 1569.564
3005.805 1615.791
3082.596 1671.994
3159.387 1728.196
3236.177 1784.398
3314.325 1856.095
3392.836 1931.933
3471.347 2007.770
3549.698 2084.775
3627.468 2166.022
3705.238 2247.269
3783.009 2328.516
3799.284 2374.496
3781.316 2400.837
3763.348 2427.179
3741.261 2447.266
3663.528 2382.872
3585.795 2318.479
3508.061 2254.086
3430.880 2181.922
3354.261 2101.848
3277.642 2021.774
3201.023 1941.700
3122.108 1868.897
3043.000 1796.707
2963.892 1724.517
2885.187 1663.472
2807.235 1623.239
2729.282 1583.006
2651.329 1542.772
2574.340 1500.141
2497.629 1456.814
2420.919 1413.488
2343.794 1369.153
2265.029 1320.830
2186.264 1272.508
2107.499 1224.185
2029.290 1164.928
1951.409 1099.208
1873.528 1033.489
1795.724 967.710
1719.246 900.924
1642.768 834.138
1566.290 767.352
1488.338 702.362
1408.800 639.304
1329.262 576.247
1249.724 513.189
1172.435 461.920
1095.373 411.841
1018.311 361.762
955.892 320.799
922.550 297.935
889.207 275.072
855.865 252.209
908.518 261.555
988.097 280.985
1067.676 300.415
1146.950 325.738
1224.902 376.484
1302.855 427.230
1380.808 477.976
1458.309 533.679
1535.528 592.490
1612.746 651.300
1690.004 710.358
1768.176 775.142
1846.348 839.926
1924.520 904.709
2002.809 969.586
2081.231 1034.567
2159.653 1099.549
2238.074 1164.530
2315.117 1213.716
2391.996 1261.039
2468.876 1308.363
2546.105 1355.383
2624.073 1401.763
2702.041 1448.143
2780.009 1494.523
2858.280 1538.728
2936.654 1582.200
3015.028 1625.672
3093.111 1672.608
3169.812 1735.943
3246.514 1799.277
3323.216 1862.612
3400.960 1935.761
3479.397 2015.424
3557.834 2095.088
3636.254 2174.796
3714.061 2256.062
3791.868 2337.328
3869.675 2418.594
3877.278 2453.603
3800.509 2433.020
3723.740 2412.437
3646.971 2391.854
3568.739 2317.032
3490.308 2234.868
3411.878 2152.703
3333.541 2071.831
3255.414 1993.870
3177.288 1915.909
3099.162 1837.948
3021.606 1774.091
2944.257 1715.347
2866.908 1656.602
2789.409 1601.313
2711.122 1564.092
2632.834 1526.870
2554.547 1489.649
2476.818 1447.462
2399.480 1401.784
2322.142 1356.106
2244.801 1310.300
2167.265 1255.349
2089.730 1200.399
2012.194 1145.449
1934.350 1084.084
1856.115 1014.567
1777.880 945.051
1699.645 875.535
1622.107 809.645
1544.676 744.312
1467.244 678.978
1389.829 615.943
1312.455 558.440
1235.080 500.937
1157.705 443.434
1080.406 396.068
1003.138 352.640
925.869 309.213
856.376 270.748
832.070 261.129
807.765 251.510
783.460 241.891
773.134 238.147
773.210 238.773
773.287 239.399
773.363 240.025
