2.357 0.076
2.637 0.083
2.917 0.090
3.197 0.097
3.476 0.105
3.756 0.115
4.036 0.124
4.316 0.133
4.596 0.145
4.876 0.157
5.155 0.170
5.435 0.180
5.715 0.185
5.995 0.191
6.275 0.196
6.555 0.205
6.835 0.217
7.114 0.228
7.394 0.238
7.674 0.241
7.954 0.245
8.234 0.248
8.514 0.251
8.793 0.253
9.073 0.255
9.353 0.258
9.633 0.259
9.913 0.261
10.193 0.262
10.473 0.265
10.752 0.269
11.032 0.274
11.312 0.279
11.592 0.287
11.872 0.295
12.152 0.304
12.431 0.313
12.711 0.321
12.991 0.329
13.271 0.338
13.551 0.340
13.831 0.339
14.111 0.338
14.390 0.336
14.670 0.327
14.950 0.318
15.230 0.309
15.510 0.300
15.790 0.290
16.069 0.281
16.349 0.272
16.629 0.265
16.909 0.257
17.189 0.250
17.469 0.243
17.749 0.238
18.028 0.234
18.308 0.229
18.588 0.224
18.868 0.220
19.148 0.215
19.428 0.210
19.707 0.205
19.987 0.199
20.267 0.194
20.547 0.188
20.827 0.182
21.107 0.175
21.387 0.169
21.666 0.162
21.946 0.155
22.226 0.147
22.506 0.140
22.786 0.134
23.066 0.127
23.345 0.121
23.625 0.113
23.905 0.106
24.185 0.098
24.465 0.090
24.745 0.083
25.025 0.075
25.304 0.068
25.584 0.066
25.864 0.065
26.144 0.064
26.424 0.065
26.704 0.072
26.983 0.078
27.263 0.084
27.543 0.092
27.823 0.100
28.103 0.108
28.383 0.116
28.662 0.122
28.942 0.128
29.222 0.135
29.502 0.142
29.782 0.151
30.062 0.159
30.342 0.168
30.621 0.170
30.901 0.172
31.181 0.174
31.461 0.176
31.741 0.179
32.021 0.182
32.300 0.184
32.580 0.186
32.860 0.188
33.140 0.189
33.420 0.192
33.700 0.196
33.980 0.201
34.259 0.205
34.539 0.211
34.819 0.218
35.099 0.224
35.379 0.231
35.659 0.237
35.938 0.244
36.218 0.251
36.498 0.254
36.778 0.254
37.058 0.254
37.338 0.254
37.618 0.248
37.897 0.242
38.177 0.236
38.457 0.230
38.737 0.224
39.017 0.217
39.297 0.211
39.576 0.205
39.856 0.199
40.136 0.193
40.416 0.187
40.696 0.183
40.976 0.179
41.256 0.175
41.535 0.171
41.815 0.168
42.095 0.165
42.375 0.161
42.655 0.157
42.935 0.154
43.214 0.150
43.494 0.145
43.774 0.141
44.054 0.136
44.334 0.132
44.614 0.126
44.894 0.121
45.173 0.115
45.453 0.110
45.733 0.105
46.013 0.100
46.293 0.094
46.573 0.088
46.852 0.081
47.132 0.074
47.412 0.068
47.692 0.064
47.972 0.060
48.252 0.056
48.532 0.054
48.811 0.053
49.091 0.053
49.371 0.052
49.651 0.058
49.931 0.063
50.211 0.069
50.490 0.075
50.770 0.081
51.050 0.088
51.330 0.094
51.610 0.100
51.890 0.105
52.170 0.110
52.449 0.115
52.729 0.121
53.009 0.127
53.289 0.132
53.569 0.137
53.849 0.141
54.128 0.145
54.408 0.149
54.688 0.150
54.968 0.152
55.248 0.153
55.528 0.155
55.808 0.157
56.087 0.158
56.367 0.160
56.647 0.164
56.927 0.167
57.207 0.170
57.487 0.175
57.766 0.181
58.046 0.186
58.326 0.192
58.606 0.199
58.886 0.206
59.166 0.212
59.446 0.217
59.725 0.216
60.005 0.215
60.285 0.214
60.565 0.211
60.845 0.207
61.125 0.202
61.404 0.198
61.684 0.192
61.964 0.186
62.244 0.180
62.524 0.175
62.804 0.170
63.084 0.166
63.363 0.161
63.643 0.157
63.923 0.153
64.203 0.149
64.483 0.146
64.763 0.143
65.042 0.141
65.322 0.139
65.602 0.136
65.882 0.133
66.162 0.130
66.442 0.126
66.722 0.122
67.001 0.118
67.281 0.114
67.561 0.109
67.841 0.105
68.121 0.101
68.401 0.096
68.680 0.090
68.960 0.085
69.240 0.079
69.520 0.074
69.800 0.070
70.080 0.066
70.360 0.062
70.639 0.058
70.919 0.053
71.199 0.049
71.479 0.047
71.759 0.047
72.039 0.047
72.318 0.046
72.598 0.051
72.878 0.056
73.158 0.061
73.438 0.067
73.718 0.072
73.997 0.078
74.277 0.084
74.557 0.089
74.837 0.094
75.117 0.099
75.397 0.104
75.677 0.108
75.956 0.113
76.236 0.118
76.516 0.121
76.796 0.124
77.076 0.127
77.356 0.130
77.635 0.132
77.915 0.134
78.195 0.136
78.475 0.138
78.755 0.139
79.035 0.141
79.315 0.142
79.594 0.147
79.874 0.152
80.154 0.157
80.434 0.162
80.714 0.165
80.994 0.169
81.273 0.173
81.553 0.178
81.833 0.185
82.113 0.192
82.393 0.198
82.673 0.196
82.953 0.194
83.232 0.192
83.512 0.189
83.792 0.185
84.072 0.180
84.352 0.176
84.632 0.171
84.911 0.165
85.191 0.160
85.471 0.155
85.751 0.151
86.031 0.147
86.311 0.142
86.591 0.139
86.870 0.137
87.150 0.134
87.430 0.132
87.710 0.129
87.990 0.127
88.270 0.124
88.549 0.122
88.829 0.119
89.109 0.116
89.389 0.113
89.669 0.109
89.949 0.105
90.229 0.102
90.508 0.097
90.788 0.093
91.068 0.088
91.348 0.083
91.628 0.080
91.908 0.076
92.187 0.073
92.467 0.069
92.747 0.064
93.027 0.059
93.307 0.054
93.587 0.051
93.867 0.048
94.146 0.044
94.426 0.042
94.706 0.043
94.986 0.044
95.266 0.045
95.546 0.049
95.825 0.054
96.105 0.060
96.385 0.065
96.665 0.070
96.945 0.075
97.225 0.080
97.505 0.084
97.784 0.089
98.064 0.093
98.344 0.098
98.624 0.102
98.904 0.106
99.184 0.110
99.463 0.113
99.743 0.116
100.023 0.118
100.303 0.120
100.583 0.122
100.863 0.124
101.143 0.126
101.422 0.128
101.702 0.129
101.982 0.131
102.262 0.133
102.542 0.137
102.822 0.142
103.101 0.147
103.381 0.152
103.661 0.156
103.941 0.159
104.221 0.163
104.501 0.167
104.781 0.173
105.060 0.178
105.340 0.184
105.620 0.182
105.900 0.179
106.180 0.177
106.460 0.173
106.739 0.169
107.019 0.165
107.299 0.160
107.579 0.155
107.859 0.150
108.139 0.145
108.419 0.141
108.698 0.138
108.978 0.135
109.258 0.132
109.538 0.129
109.818 0.127
110.098 0.124
110.377 0.122
110.657 0.120
110.937 0.117
111.217 0.115
111.497 0.113
111.777 0.110
112.057 0.108
112.336 0.105
112.616 0.102
112.896 0.099
113.176 0.095
113.456 0.092
113.736 0.087
114.015 0.082
114.295 0.078
114.575 0.074
114.855 0.070
115.135 0.067
115.415 0.063
115.695 0.059
115.974 0.054
116.254 0.050
116.534 0.046
116.814 0.044
117.094 0.041
117.374 0.039
117.653 0.041
117.933 0.044
118.213 0.046
118.493 0.050
118.773 0.055
119.053 0.060
119.332 0.065
119.612 0.070
119.892 0.074
120.172 0.079
120.452 0.083
120.732 0.088
121.012 0.093
121.291 0.097
121.571 0.101
121.851 0.104
122.131 0.107
122.411 0.110
122.691 0.112
122.970 0.113
123.250 0.115
123.530 0.117
123.810 0.118
124.090 0.120
124.370 0.121
124.650 0.123
124.929 0.125
125.209 0.127
125.489 0.130
125.769 0.134
126.049 0.138
126.329 0.142
126.608 0.148
126.888 0.156
127.168 0.163
127.448 0.168
127.728 0.170
128.008 0.172
128.288 0.174
128.567 0.172
128.847 0.168
129.127 0.165
129.407 0.161
129.687 0.156
129.967 0.150
130.246 0.145
130.526 0.141
130.806 0.136
131.086 0.132
131.366 0.128
131.646 0.125
131.926 0.123
132.205 0.120
132.485 0.117
132.765 0.115
133.045 0.113
133.325 0.111
133.605 0.108
133.884 0.106
134.164 0.104
134.444 0.102
134.724 0.099
135.004 0.097
135.284 0.094
135.564 0.090
135.843 0.086
136.123 0.082
136.403 0.079
136.683 0.076
136.963 0.073
137.243 0.069
137.522 0.066
137.802 0.062
138.082 0.057
138.362 0.053
138.642 0.049
138.922 0.046
139.202 0.042
139.481 0.039
139.761 0.038
140.041 0.037
140.321 0.036
140.601 0.035
140.881 0.035
141.160 0.034
141.440 0.034
141.720 0.034
142.000 0.034
