2.357 0.039
2.653 0.040
2.949 0.040
3.245 0.041
3.541 0.043
3.836 0.045
4.132 0.048
4.428 0.050
4.724 0.050
5.020 0.051
5.316 0.052
5.612 0.052
5.908 0.053
6.203 0.053
6.499 0.054
6.795 0.056
7.091 0.058
7.387 0.060
7.683 0.062
7.979 0.065
8.275 0.068
8.570 0.074
8.866 0.080
9.162 0.087
9.458 0.095
9.754 0.107
10.050 0.118
10.346 0.130
10.642 0.143
10.937 0.156
11.233 0.170
11.529 0.179
11.825 0.186
12.121 0.192
12.417 0.199
12.713 0.209
13.009 0.219
13.304 0.228
13.600 0.234
13.896 0.239
14.192 0.244
14.488 0.248
14.784 0.252
15.080 0.256
15.376 0.260
15.671 0.266
15.967 0.272
16.263 0.278
16.559 0.285
16.855 0.292
17.151 0.300
17.447 0.308
17.743 0.320
18.039 0.331
18.334 0.342
18.630 0.357
18.926 0.372
19.222 0.387
19.518 0.394
19.814 0.396
20.110 0.398
20.406 0.397
20.701 0.383
20.997 0.369
21.293 0.355
21.589 0.341
21.885 0.328
22.181 0.315
22.477 0.303
22.773 0.293
23.068 0.283
23.364 0.272
23.660 0.264
23.956 0.255
24.252 0.247
24.548 0.240
24.844 0.233
25.140 0.227
25.435 0.221
25.731 0.214
26.027 0.207
26.323 0.200
26.619 0.194
26.915 0.188
27.211 0.182
27.507 0.177
27.802 0.172
28.098 0.166
28.394 0.161
28.690 0.155
28.986 0.150
29.282 0.144
29.578 0.138
29.874 0.131
30.170 0.124
30.465 0.116
30.761 0.106
31.057 0.097
31.353 0.087
31.649 0.079
31.945 0.071
32.241 0.064
32.537 0.059
32.832 0.056
33.128 0.053
33.424 0.051
33.720 0.049
34.016 0.047
34.312 0.045
34.608 0.047
34.904 0.049
35.199 0.052
35.495 0.056
35.791 0.063
36.087 0.070
36.383 0.077
36.679 0.085
36.975 0.094
37.271 0.102
37.566 0.110
37.862 0.118
38.158 0.126
38.454 0.134
38.750 0.143
39.046 0.152
39.342 0.160
39.638 0.165
39.933 0.169
40.229 0.173
40.525 0.177
40.821 0.180
41.117 0.183
41.413 0.186
41.709 0.191
42.005 0.196
42.300 0.200
42.596 0.205
42.892 0.209
43.188 0.213
43.484 0.218
43.780 0.223
44.076 0.229
44.372 0.235
44.668 0.244
44.963 0.253
45.259 0.262
45.555 0.271
45.851 0.281
46.147 0.291
46.443 0.297
46.739 0.292
47.035 0.288
47.330 0.283
47.626 0.274
47.922 0.265
48.218 0.255
48.514 0.246
48.810 0.237
49.106 0.229
49.402 0.221
49.697 0.214
49.993 0.206
50.289 0.199
50.585 0.194
50.881 0.188
51.177 0.183
51.473 0.179
51.769 0.174
52.064 0.170
52.360 0.166
52.656 0.161
52.952 0.156
53.248 0.152
53.544 0.147
53.840 0.143
54.136 0.138
54.431 0.134
54.727 0.129
55.023 0.125
55.319 0.121
55.615 0.115
55.911 0.110
56.207 0.104
56.503 0.097
56.799 0.089
57.094 0.081
57.390 0.073
57.686 0.067
57.982 0.060
58.278 0.054
58.574 0.050
58.870 0.047
59.166 0.044
59.461 0.041
59.757 0.040
60.053 0.038
60.349 0.036
60.645 0.037
60.941 0.038
61.237 0.038
61.533 0.041
61.828 0.044
62.124 0.047
62.420 0.051
62.716 0.059
63.012 0.067
63.308 0.075
63.604 0.082
63.900 0.089
64.195 0.096
64.491 0.103
64.787 0.110
65.083 0.117
65.379 0.124
65.675 0.131
65.971 0.138
66.267 0.145
66.562 0.149
66.858 0.151
67.154 0.152
67.450 0.155
67.746 0.158
68.042 0.161
68.338 0.164
68.634 0.168
68.929 0.171
69.225 0.174
69.521 0.177
69.817 0.182
70.113 0.186
70.409 0.190
70.705 0.196
71.001 0.202
71.297 0.208
71.592 0.216
71.888 0.224
72.184 0.232
72.480 0.238
72.776 0.240
73.072 0.243
73.368 0.245
73.664 0.237
73.959 0.229
74.255 0.222
74.551 0.214
74.847 0.205
75.143 0.197
75.439 0.189
75.735 0.183
76.031 0.177
76.326 0.171
76.622 0.167
76.918 0.163
77.214 0.158
77.510 0.155
77.806 0.151
78.102 0.148
78.398 0.144
78.693 0.140
78.989 0.137
79.285 0.133
79.581 0.129
79.877 0.125
80.173 0.121
80.469 0.117
80.765 0.113
81.060 0.110
81.356 0.106
81.652 0.101
81.948 0.097
82.244 0.092
82.540 0.086
82.836 0.079
83.132 0.072
83.428 0.066
83.723 0.060
84.019 0.054
84.315 0.048
84.611 0.045
84.907 0.042
85.203 0.039
85.499 0.036
85.795 0.035
86.090 0.033
86.386 0.032
86.682 0.032
86.978 0.032
87.274 0.032
87.570 0.033
87.866 0.036
88.162 0.038
88.457 0.042
88.753 0.048
89.049 0.054
89.345 0.061
89.641 0.067
89.937 0.073
90.233 0.080
90.529 0.086
90.824 0.093
91.120 0.099
91.416 0.105
91.712 0.110
92.008 0.115
92.304 0.120
92.600 0.124
92.896 0.128
93.191 0.133
93.487 0.136
93.783 0.138
94.079 0.140
94.375 0.142
94.671 0.146
94.967 0.150
95.263 0.154
95.558 0.157
95.854 0.159
96.150 0.160
96.446 0.163
96.742 0.167
97.038 0.171
97.334 0.175
97.630 0.182
97.926 0.189
98.221 0.196
98.517 0.203
98.813 0.210
99.109 0.218
99.405 0.223
99.701 0.216
99.997 0.209
100.293 0.202
100.588 0.194
100.884 0.187
101.180 0.179
101.476 0.172
101.772 0.167
102.068 0.161
102.364 0.156
102.660 0.151
102.955 0.147
103.251 0.143
103.547 0.140
103.843 0.137
104.139 0.133
104.435 0.130
104.731 0.127
105.027 0.124
105.322 0.121
105.618 0.118
105.914 0.114
106.210 0.111
106.506 0.107
106.802 0.104
107.098 0.101
107.394 0.097
107.689 0.092
107.985 0.087
108.281 0.082
108.577 0.079
108.873 0.075
109.169 0.071
109.465 0.067
109.761 0.061
110.057 0.054
110.352 0.048
110.648 0.044
110.944 0.040
111.240 0.036
111.536 0.034
111.832 0.032
112.128 0.031
112.424 0.030
112.719 0.029
113.015 0.028
113.311 0.028
113.607 0.029
113.903 0.031
114.199 0.033
114.495 0.037
114.791 0.042
115.086 0.048
115.382 0.053
115.678 0.059
115.974 0.065
116.270 0.070
116.566 0.076
116.862 0.081
117.158 0.087
117.453 0.092
117.749 0.097
118.045 0.102
118.341 0.107
118.637 0.110
118.933 0.114
119.229 0.118
119.525 0.121
119.820 0.123
120.116 0.125
120.412 0.128
120.708 0.131
121.004 0.134
121.300 0.137
121.596 0.141
121.892 0.145
122.187 0.149
122.483 0.152
122.779 0.154
123.075 0.156
123.371 0.157
123.667 0.164
123.963 0.170
124.259 0.176
124.555 0.183
124.850 0.190
125.146 0.197
125.442 0.201
125.738 0.196
126.034 0.191
126.330 0.185
126.626 0.178
126.922 0.171
127.217 0.164
127.513 0.157
127.809 0.152
128.105 0.146
128.401 0.141
128.697 0.138
128.993 0.134
129.289 0.131
129.584 0.128
129.880 0.125
130.176 0.122
130.472 0.120
130.768 0.116
131.064 0.113
131.360 0.110
131.656 0.107
131.951 0.105
132.247 0.102
132.543 0.099
132.839 0.095
133.135 0.092
133.431 0.088
133.727 0.084
134.023 0.080
134.318 0.076
134.614 0.072
134.910 0.069
135.206 0.065
135.502 0.061
135.798 0.056
136.094 0.050
136.390 0.045
136.686 0.041
136.981 0.037
137.277 0.033
137.573 0.031
137.869 0.030
138.165 0.028
138.461 0.027
138.757 0.027
139.053 0.026
139.348 0.025
139.644 0.027
139.940 0.028
140.236 0.030
140.532 0.034
140.828 0.039
141.124 0.043
141.420 0.048
141.715 0.054
142.011 0.059
142.307 0.065
142.603 0.070
142.899 0.076
143.195 0.081
143.491 0.086
143.787 0.090
144.082 0.094
144.378 0.097
144.674 0.101
144.970 0.105
145.266 0.109
145.562 0.111
145.858 0.113
146.154 0.115
146.449 0.118
146.745 0.120
147.041 0.123
147.337 0.125
147.633 0.127
147.929 0.130
148.225 0.132
148.521 0.135
148.816 0.140
149.112 0.145
149.408 0.149
149.704 0.153
150.000 0.157
