2.357 4.186
2.653 4.208
2.949 4.230
3.245 4.253
3.541 4.283
3.836 4.319
4.132 4.354
4.428 4.390
4.724 4.425
5.020 4.461
5.316 4.496
5.612 4.535
5.908 4.575
6.203 4.615
6.499 4.660
6.795 4.708
7.091 4.757
7.387 4.807
7.683 4.865
7.979 4.922
8.275 4.980
8.570 5.086
8.866 5.210
9.162 5.334
9.458 5.475
9.754 5.649
10.050 5.822
10.346 5.995
10.642 6.198
10.937 6.402
11.233 6.606
11.529 6.767
11.825 6.895
12.121 7.024
12.417 7.165
12.713 7.356
13.009 7.547
13.304 7.738
13.600 7.918
13.896 8.095
14.192 8.273
14.488 8.449
14.784 8.622
15.080 8.795
15.376 8.969
15.671 9.155
15.967 9.342
16.263 9.528
16.559 9.727
16.855 9.931
17.151 10.135
17.447 10.350
17.743 10.590
18.039 10.830
18.334 11.069
18.630 11.342
18.926 11.617
19.222 11.892
19.518 12.165
19.814 12.436
20.110 12.707
20.406 12.962
20.701 13.135
20.997 13.308
21.293 13.481
21.589 13.619
21.885 13.748
22.181 13.877
22.477 13.996
22.773 14.103
23.068 14.210
23.364 14.316
23.660 14.400
23.956 14.484
24.252 14.569
24.548 14.644
24.844 14.715
25.140 14.786
25.435 14.853
25.731 14.906
26.027 14.959
26.323 15.013
26.619 15.050
26.915 15.086
27.211 15.121
27.507 15.143
27.802 15.152
28.098 15.161
28.394 15.168
28.690 15.159
28.986 15.150
29.282 15.141
29.578 15.115
29.874 15.084
30.170 15.053
30.465 14.998
30.761 14.900
31.057 14.803
31.353 14.705
31.649 14.651
31.945 14.598
32.241 14.544
32.537 14.513
32.832 14.495
33.128 14.477
33.424 14.460
33.720 14.447
34.016 14.434
34.312 14.420
34.608 14.434
34.904 14.451
35.199 14.469
35.495 14.524
35.791 14.622
36.087 14.719
36.383 14.820
36.679 14.949
36.975 15.077
37.271 15.206
37.566 15.329
37.862 15.448
38.158 15.568
38.454 15.706
38.750 15.879
39.046 16.052
39.342 16.225
39.638 16.343
39.933 16.459
40.229 16.574
40.525 16.700
40.821 16.833
41.117 16.966
41.413 17.101
41.709 17.243
42.005 17.385
42.300 17.527
42.596 17.673
42.892 17.819
43.188 17.966
43.484 18.120
43.780 18.284
44.076 18.448
44.372 18.614
44.668 18.809
44.963 19.005
45.259 19.200
45.555 19.407
45.851 19.620
46.147 19.833
46.443 20.035
46.739 20.208
47.035 20.381
47.330 20.554
47.626 20.679
47.922 20.799
48.218 20.919
48.514 21.020
48.810 21.104
49.106 21.188
49.402 21.270
49.697 21.337
49.993 21.403
50.289 21.470
50.585 21.526
50.881 21.579
51.177 21.633
51.473 21.684
51.769 21.733
52.064 21.782
52.360 21.831
52.656 21.857
52.952 21.884
53.248 21.910
53.544 21.929
53.840 21.942
54.136 21.955
54.431 21.963
54.727 21.954
55.023 21.945
55.319 21.936
55.615 21.904
55.911 21.869
56.207 21.833
56.503 21.776
56.799 21.696
57.094 21.616
57.390 21.536
57.686 21.456
57.982 21.376
58.278 21.296
58.574 21.256
58.870 21.229
59.166 21.202
59.461 21.177
59.757 21.155
60.053 21.133
60.349 21.111
60.645 21.106
60.941 21.101
61.237 21.097
61.533 21.111
61.828 21.138
62.124 21.164
62.420 21.213
62.716 21.341
63.012 21.470
63.308 21.599
63.604 21.709
63.900 21.816
64.195 21.922
64.491 22.037
64.787 22.161
65.083 22.285
65.379 22.412
65.675 22.563
65.971 22.713
66.267 22.864
66.562 22.981
66.858 23.084
67.154 23.186
67.450 23.293
67.746 23.413
68.042 23.533
68.338 23.653
68.634 23.781
68.929 23.910
69.225 24.039
69.521 24.170
69.817 24.303
70.113 24.436
70.409 24.573
70.705 24.729
71.001 24.884
71.297 25.039
71.592 25.212
71.888 25.390
72.184 25.567
72.480 25.745
72.776 25.923
73.072 26.100
73.368 26.275
73.664 26.391
73.959 26.506
74.255 26.622
74.551 26.711
74.847 26.786
75.143 26.862
75.439 26.932
75.735 26.990
76.031 27.048
76.326 27.106
76.622 27.155
76.918 27.204
77.214 27.253
77.510 27.297
77.806 27.337
78.102 27.377
78.398 27.416
78.693 27.447
78.989 27.478
79.285 27.509
79.581 27.523
79.877 27.532
80.173 27.541
80.469 27.543
80.765 27.534
81.060 27.526
81.356 27.517
81.652 27.481
81.948 27.446
82.244 27.410
82.540 27.358
82.836 27.296
83.132 27.234
83.428 27.166
83.723 27.082
84.019 26.998
84.315 26.913
84.611 26.871
84.907 26.835
85.203 26.800
85.499 26.769
85.795 26.742
86.090 26.715
86.386 26.690
86.682 26.677
86.978 26.663
87.274 26.650
87.570 26.653
87.866 26.662
88.162 26.671
88.457 26.711
88.753 26.813
89.049 26.915
89.345 27.017
89.641 27.115
89.937 27.213
90.233 27.311
90.529 27.416
90.824 27.527
91.120 27.638
91.416 27.749
91.712 27.860
92.008 27.971
92.304 28.082
92.600 28.312
92.896 28.568
93.191 28.824
93.487 28.967
93.783 28.967
94.079 28.967
94.375 28.978
94.671 29.154
94.967 29.331
95.263 29.508
95.558 29.624
95.854 29.713
96.150 29.801
96.446 29.903
96.742 30.035
97.038 30.168
97.334 30.300
97.630 30.474
97.926 30.650
98.221 30.827
98.517 31.004
98.813 31.180
99.109 31.357
99.405 31.520
99.701 31.608
99.997 31.696
100.293 31.785
100.588 31.873
100.884 31.961
101.180 32.050
101.476 32.120
101.772 32.164
102.068 32.209
102.364 32.253
102.660 32.297
102.955 32.341
103.251 32.385
103.547 32.430
103.843 32.474
104.139 32.518
104.435 32.562
104.731 32.606
105.027 32.650
105.322 32.695
105.618 32.700
105.914 32.700
106.210 32.700
106.506 32.700
106.802 32.700
107.098 32.700
107.394 32.694
107.689 32.650
107.985 32.606
108.281 32.562
108.577 32.518
108.873 32.473
109.169 32.429
109.465 32.369
109.761 32.281
110.057 32.192
110.352 32.104
110.648 32.059
110.944 32.015
111.240 31.971
111.536 31.926
111.832 31.882
112.128 31.838
112.424 31.804
112.719 31.804
113.015 31.804
113.311 31.804
113.607 31.804
113.903 31.804
114.199 31.804
114.495 31.845
114.791 31.933
115.086 32.022
115.382 32.110
115.678 32.198
115.974 32.287
116.270 32.375
116.566 32.463
116.862 32.552
117.158 32.640
117.453 32.729
117.749 32.817
118.045 32.905
118.341 32.994
118.637 33.124
118.933 33.256
119.229 33.389
119.525 33.496
119.820 33.585
120.116 33.673
120.412 33.770
120.708 33.902
121.004 34.035
121.300 34.167
121.596 34.300
121.892 34.432
122.187 34.565
122.483 34.679
122.779 34.767
123.075 34.855
123.371 34.946
123.667 35.078
123.963 35.211
124.259 35.343
124.555 35.505
124.850 35.682
125.146 35.859
125.442 36.023
125.738 36.155
126.034 36.288
126.330 36.420
126.626 36.473
126.922 36.517
127.217 36.561
127.513 36.605
127.809 36.649
128.105 36.694
128.401 36.738
128.697 36.782
128.993 36.826
129.289 36.870
129.584 36.915
129.880 36.959
130.176 37.003
130.472 37.047
130.768 37.091
131.064 37.135
131.360 37.179
131.656 37.179
131.951 37.179
132.247 37.179
132.543 37.179
132.839 37.179
133.135 37.179
133.431 37.168
133.727 37.124
134.023 37.080
134.318 37.036
134.614 36.991
134.910 36.947
135.206 36.903
135.502 36.837
135.798 36.749
136.094 36.661
136.390 36.577
136.686 36.533
136.981 36.489
137.277 36.445
137.573 36.400
137.869 36.356
138.165 36.312
138.461 36.283
138.757 36.283
139.053 36.283
139.348 36.283
139.644 36.283
139.940 36.283
140.236 36.283
140.532 36.336
140.828 36.424
141.124 36.512
141.420 36.601
141.715 36.689
142.011 36.777
142.307 36.866
142.603 36.954
142.899 37.042
143.195 37.131
143.491 37.219
143.787 37.307
144.082 37.396
144.378 37.487
144.674 37.620
144.970 37.752
145.266 37.885
145.562 38.018
145.858 38.150
146.154 38.283
146.449 38.415
146.745 38.548
147.041 38.680
147.337 38.813
147.633 38.904
147.929 38.992
148.225 39.081
148.521 39.194
148.816 39.326
149.112 39.459
149.408 39.591
149.704 39.724
150.000 39.856
