2.357 0.163
2.653 0.166
2.949 0.170
3.245 0.174
3.541 0.183
3.836 0.196
4.132 0.208
4.428 0.218
4.724 0.223
5.020 0.227
5.316 0.232
5.612 0.236
5.908 0.241
6.203 0.245
6.499 0.253
6.795 0.263
7.091 0.274
7.387 0.286
7.683 0.304
7.979 0.321
8.275 0.340
8.570 0.375
8.866 0.419
9.162 0.465
9.458 0.522
9.754 0.604
10.050 0.689
10.346 0.778
10.642 0.886
10.937 1.000
11.233 1.120
11.529 1.211
11.825 1.279
12.121 1.350
12.417 1.429
12.713 1.538
13.009 1.651
13.304 1.768
13.600 1.854
13.896 1.935
14.192 2.017
14.488 2.098
14.784 2.175
15.080 2.254
15.376 2.335
15.671 2.438
15.967 2.543
16.263 2.651
16.559 2.772
16.855 2.903
17.151 3.036
17.447 3.189
17.743 3.384
18.039 3.585
18.334 3.791
18.630 4.049
18.926 4.319
19.222 4.597
19.518 4.796
19.814 4.924
20.110 5.054
20.406 5.144
20.701 5.028
20.997 4.907
21.293 4.780
21.589 4.647
21.885 4.509
22.181 4.368
22.477 4.238
22.773 4.127
23.068 4.014
23.364 3.900
23.660 3.799
23.956 3.697
24.252 3.593
24.548 3.509
24.844 3.435
25.140 3.360
25.435 3.281
25.731 3.191
26.027 3.100
26.323 3.009
26.619 2.925
26.915 2.843
27.211 2.759
27.507 2.678
27.802 2.600
28.098 2.521
28.394 2.442
28.690 2.357
28.986 2.272
29.282 2.187
29.578 2.085
29.874 1.978
30.170 1.871
30.465 1.745
30.761 1.586
31.057 1.429
31.353 1.273
31.649 1.158
31.945 1.043
32.241 0.930
32.537 0.859
32.832 0.815
33.128 0.772
33.424 0.732
33.720 0.707
34.016 0.681
34.312 0.655
34.608 0.680
34.904 0.713
35.199 0.747
35.495 0.814
35.791 0.919
36.087 1.026
36.383 1.136
36.679 1.272
36.975 1.410
37.271 1.551
37.566 1.686
37.862 1.821
38.158 1.957
38.454 2.103
38.750 2.267
39.046 2.434
39.342 2.604
39.638 2.695
39.933 2.783
40.229 2.872
40.525 2.953
40.821 3.028
41.117 3.105
41.413 3.187
41.709 3.293
42.005 3.401
42.300 3.510
42.596 3.615
42.892 3.719
43.188 3.825
43.484 3.946
43.780 4.086
44.076 4.228
44.372 4.376
44.668 4.588
44.963 4.803
45.259 5.021
45.555 5.261
45.851 5.513
46.147 5.770
46.443 5.944
46.739 5.906
47.035 5.867
47.330 5.826
47.626 5.671
47.922 5.502
48.218 5.331
48.514 5.168
48.810 5.012
49.106 4.854
49.402 4.698
49.697 4.558
49.993 4.417
50.289 4.274
50.585 4.166
50.881 4.066
51.177 3.967
51.473 3.874
51.769 3.792
52.064 3.709
52.360 3.626
52.656 3.524
52.952 3.422
53.248 3.320
53.544 3.223
53.840 3.128
54.136 3.033
54.431 2.938
54.727 2.840
55.023 2.742
55.319 2.644
55.615 2.523
55.911 2.398
56.207 2.274
56.503 2.119
56.799 1.933
57.094 1.747
57.390 1.569
57.686 1.430
57.982 1.292
58.278 1.156
58.574 1.069
58.870 1.001
59.166 0.933
59.461 0.876
59.757 0.840
60.053 0.804
60.349 0.767
60.645 0.780
60.941 0.794
61.237 0.809
61.533 0.856
61.828 0.926
62.124 0.996
62.420 1.089
62.716 1.267
63.012 1.447
63.308 1.629
63.604 1.790
63.900 1.948
64.195 2.108
64.491 2.270
64.787 2.436
65.083 2.603
65.379 2.773
65.675 2.954
65.971 3.137
66.267 3.323
66.562 3.418
66.858 3.474
67.154 3.531
67.450 3.599
67.746 3.695
68.042 3.792
68.338 3.889
68.634 3.984
68.929 4.079
69.225 4.176
69.521 4.288
69.817 4.413
70.113 4.540
70.409 4.675
70.705 4.852
71.001 5.031
71.297 5.211
71.592 5.441
71.888 5.687
72.184 5.935
72.480 6.124
72.776 6.230
73.072 6.335
73.368 6.432
73.664 6.257
73.959 6.080
74.255 5.901
74.551 5.703
74.847 5.495
75.143 5.286
75.439 5.092
75.735 4.942
76.031 4.792
76.326 4.641
76.622 4.531
76.918 4.425
77.214 4.319
77.510 4.221
77.806 4.131
78.102 4.041
78.398 3.949
78.693 3.850
78.989 3.752
79.285 3.653
79.581 3.547
79.877 3.439
80.173 3.331
80.469 3.225
80.765 3.120
81.060 3.016
81.356 2.912
81.652 2.781
81.948 2.651
82.244 2.521
82.540 2.353
82.836 2.163
83.132 1.974
83.428 1.791
83.723 1.622
84.019 1.455
84.315 1.288
84.611 1.196
84.907 1.116
85.203 1.036
85.499 0.974
85.795 0.932
86.090 0.890
86.386 0.851
86.682 0.849
86.978 0.847
87.274 0.845
87.570 0.888
87.866 0.950
88.162 1.011
88.457 1.111
88.753 1.285
89.049 1.461
89.345 1.638
89.641 1.817
89.937 1.997
90.233 2.179
90.529 2.363
90.824 2.549
91.120 2.736
91.416 2.917
91.712 3.063
92.008 3.211
92.304 3.360
92.600 3.512
92.896 3.668
93.191 3.825
93.487 3.939
93.783 3.997
94.079 4.054
94.375 4.117
94.671 4.262
94.967 4.408
95.263 4.556
95.558 4.649
95.854 4.715
96.150 4.781
96.446 4.872
96.742 5.020
97.038 5.168
97.334 5.317
97.630 5.550
97.926 5.791
98.221 6.035
98.517 6.293
98.813 6.562
99.109 6.834
99.405 7.031
99.701 6.828
99.997 6.624
100.293 6.418
100.588 6.195
100.884 5.966
101.180 5.735
101.476 5.528
101.772 5.359
102.068 5.189
102.364 5.019
102.660 4.891
102.955 4.762
103.251 4.633
103.547 4.527
103.843 4.433
104.139 4.338
104.435 4.244
104.731 4.149
105.027 4.054
105.322 3.959
105.618 3.846
105.914 3.730
106.210 3.615
106.506 3.503
106.802 3.395
107.098 3.287
107.394 3.172
107.689 3.009
107.985 2.845
108.281 2.682
108.577 2.553
108.873 2.435
109.169 2.317
109.465 2.167
109.761 1.960
110.057 1.754
110.352 1.549
110.648 1.419
110.944 1.291
111.240 1.163
111.536 1.083
111.832 1.033
112.128 0.984
112.424 0.942
112.719 0.923
113.015 0.904
113.311 0.885
113.607 0.932
113.903 0.991
114.199 1.050
114.495 1.166
114.791 1.348
115.086 1.532
115.382 1.717
115.678 1.904
115.974 2.092
116.270 2.281
116.566 2.465
116.862 2.647
117.158 2.831
117.453 3.009
117.749 3.177
118.045 3.346
118.341 3.516
118.637 3.658
118.933 3.801
119.229 3.944
119.525 4.054
119.820 4.139
120.116 4.224
120.412 4.316
120.708 4.439
121.004 4.563
121.300 4.687
121.596 4.837
121.892 4.992
122.187 5.149
122.483 5.271
122.779 5.346
123.075 5.421
123.371 5.504
123.667 5.741
123.963 5.980
124.259 6.221
124.555 6.494
124.850 6.786
125.146 7.080
125.442 7.244
125.738 7.080
126.034 6.914
126.330 6.747
126.626 6.498
126.922 6.240
127.217 5.982
127.513 5.757
127.809 5.562
128.105 5.367
128.401 5.183
128.697 5.068
128.993 4.952
129.289 4.836
129.584 4.732
129.880 4.632
130.176 4.532
130.472 4.428
130.768 4.319
131.064 4.209
131.360 4.100
131.656 3.993
131.951 3.887
132.247 3.780
132.543 3.663
132.839 3.541
133.135 3.418
133.431 3.286
133.727 3.126
134.023 2.966
134.318 2.807
134.614 2.672
134.910 2.541
135.206 2.410
135.502 2.247
135.798 2.048
136.094 1.851
136.390 1.660
136.686 1.512
136.981 1.364
137.277 1.216
137.573 1.138
137.869 1.085
138.165 1.032
138.461 0.990
138.757 0.966
139.053 0.942
139.348 0.918
139.644 0.975
139.940 1.034
140.236 1.093
140.532 1.223
140.828 1.402
141.124 1.583
141.420 1.770
141.715 1.978
142.011 2.186
142.307 2.396
142.603 2.599
142.899 2.801
143.195 3.004
143.491 3.186
143.787 3.342
144.082 3.498
144.378 3.654
144.674 3.808
144.970 3.963
145.266 4.119
145.562 4.230
145.858 4.322
146.154 4.415
146.449 4.515
146.745 4.630
147.041 4.745
147.337 4.862
147.633 4.960
147.929 5.057
148.225 5.155
148.521 5.307
148.816 5.504
149.112 5.702
149.408 5.897
149.704 6.075
150.000 6.253
