13.253 22.845
13.747 22.845
14.240 22.845
14.734 22.845
15.228 22.845
15.722 22.845
16.215 22.845
16.709 22.845
17.203 22.845
17.697 22.845
18.191 22.845
18.684 22.845
19.178 22.845
19.672 22.845
20.166 22.845
20.659 22.845
21.153 22.845
21.682 22.845
22.228 22.845
22.774 22.845
23.321 22.845
23.867 22.845
24.413 22.845
24.960 22.845
25.506 22.845
26.052 22.845
26.599 22.845
27.145 22.845
27.691 22.845
28.237 22.845
28.784 22.845
29.330 22.845
29.876 22.845
30.423 22.845
30.969 22.845
31.515 22.845
32.062 22.845
32.608 22.845
33.154 22.845
33.701 22.845
34.247 22.845
34.793 22.845
35.363 22.845
35.999 22.845
36.636 22.845
37.272 22.845
37.909 22.845
38.545 22.845
39.182 22.845
39.818 22.845
40.454 22.845
41.091 22.846
41.727 22.852
42.364 22.858
43.000 22.864
43.637 22.870
44.273 22.876
44.909 22.881
45.546 22.887
46.182 22.893
46.819 22.899
47.455 22.905
48.092 22.911
48.728 22.917
49.364 22.923
50.001 22.928
50.637 22.934
51.274 22.940
51.951 22.946
52.636 22.952
53.320 22.958
54.005 22.964
54.689 22.970
55.374 22.975
56.058 22.981
56.743 22.987
57.427 22.993
58.112 22.994
58.796 22.994
59.481 22.994
60.165 22.994
60.850 22.994
61.534 22.994
62.219 22.994
62.903 22.994
63.588 22.994
64.272 22.994
64.957 22.994
65.641 22.994
66.326 22.994
67.010 22.994
67.695 22.994
68.379 22.994
69.125 22.994
69.944 22.994
70.764 22.994
71.583 22.994
72.403 22.994
73.222 22.994
74.041 22.994
74.861 22.994
75.680 22.994
76.499 22.997
77.319 23.002
78.138 23.008
78.957 23.014
79.777 23.020
80.596 23.026
81.416 23.032
82.235 23.038
83.054 23.044
83.874 23.050
84.693 23.055
85.512 23.061
86.332 23.067
87.151 23.073
87.970 23.079
88.790 23.085
89.608 23.091
90.406 23.097
91.204 23.102
92.001 23.108
92.799 23.114
93.597 23.120
94.395 23.126
95.193 23.132
95.990 23.138
96.788 23.144
97.586 23.149
98.384 23.155
99.181 23.161
99.979 23.167
100.777 23.173
101.575 23.179
102.373 23.185
103.170 23.191
103.968 23.196
104.766 23.202
105.564 23.208
106.362 23.214
107.159 23.220
107.957 23.226
108.755 23.232
109.553 23.238
110.125 23.243
110.575 23.249
111.024 23.255
111.474 23.261
111.924 23.267
112.374 23.273
112.824 23.279
113.273 23.285
113.723 23.291
114.173 23.300
114.623 23.312
115.072 23.323
115.522 23.335
115.972 23.347
116.422 23.359
116.872 23.370
117.321 23.382
117.771 23.394
118.221 23.406
118.671 23.417
119.121 23.429
119.570 23.441
120.020 23.453
120.470 23.464
120.920 23.476
121.625 23.488
123.117 23.500
124.610 23.511
126.102 23.523
127.595 23.535
129.087 23.547
130.580 23.558
132.072 23.570
133.565 23.582
135.057 23.595
136.550 23.612
138.042 23.630
139.535 23.648
141.027 23.665
142.520 23.683
144.012 23.701
145.505 23.718
146.997 23.736
148.490 23.753
149.982 23.771
151.475 23.789
152.967 23.806
154.460 23.824
155.952 23.842
157.445 23.859
158.937 23.877
161.944 23.894
165.236 23.912
168.528 23.930
171.820 23.947
175.113 23.965
178.405 23.983
181.697 24.000
184.989 24.018
188.281 24.036
191.573 24.053
194.865 24.071
198.157 24.088
201.450 24.106
204.742 24.124
208.034 24.141
211.326 24.159
214.618 24.177
217.910 24.194
221.202 24.212
224.495 24.230
227.787 24.247
231.079 24.265
234.371 24.282
237.663 24.300
240.955 24.318
245.507 24.335
251.676 24.353
257.845 24.371
264.014 24.388
270.183 24.406
276.352 24.423
282.521 24.441
288.690 24.459
294.859 24.476
301.028 24.496
307.197 24.520
313.366 24.543
319.535 24.567
325.704 24.590
331.873 24.614
338.042 24.637
344.211 24.661
350.380 24.684
356.549 24.708
362.718 24.731
368.886 24.755
375.055 24.778
381.224 24.802
387.393 24.825
393.562 24.849
399.801 24.872
407.990 24.896
416.179 24.919
424.368 24.943
432.557 24.966
440.746 24.990
448.935 25.013
457.124 25.037
465.313 25.060
473.502 25.084
481.691 25.107
489.880 25.131
498.069 25.154
506.258 25.178
514.447 25.201
522.636 25.225
530.825 25.249
539.014 25.272
547.203 25.296
555.392 25.319
563.581 25.343
571.770 25.366
579.959 25.390
588.148 25.413
596.337 25.437
604.526 25.460
613.111 25.484
621.928 25.507
630.744 25.531
639.560 25.554
648.377 25.578
657.193 25.601
666.009 25.625
674.825 25.648
683.642 25.672
692.458 25.692
701.274 25.710
710.091 25.727
718.907 25.745
727.723 25.762
736.540 25.780
745.356 25.798
754.172 25.815
762.988 25.833
771.805 25.851
780.621 25.868
789.437 25.886
798.254 25.904
807.070 25.921
815.886 25.939
824.702 25.956
833.650 25.974
843.044 25.992
852.438 26.009
861.833 26.027
871.227 26.045
880.621 26.062
890.015 26.080
899.409 26.097
908.803 26.115
918.197 26.133
927.591 26.150
936.985 26.168
946.379 26.186
955.774 26.203
965.168 26.221
974.562 26.239
983.956 26.256
993.350 26.274
1002.744 26.291
1012.138 26.309
1021.532 26.327
1030.926 26.344
1040.320 26.362
1049.715 26.380
1059.109 26.397
1068.503 26.415
1076.866 26.433
1085.010 26.450
1093.153 26.468
1101.297 26.485
1109.440 26.503
1117.584 26.521
1125.728 26.538
1133.871 26.556
1142.015 26.574
1150.158 26.591
1158.302 26.609
1166.446 26.626
1174.589 26.644
1182.733 26.662
1190.876 26.679
1199.020 26.697
1207.163 26.715
1215.307 26.732
1223.451 26.750
1231.594 26.768
1239.738 26.785
1247.881 26.803
1256.025 26.820
1264.168 26.838
1272.312 26.856
1279.335 26.873
1284.813 26.891
1290.292 26.909
1295.771 26.926
1301.250 26.944
1306.729 26.961
1312.207 26.979
1317.686 26.997
1323.165 27.014
1328.644 27.032
1334.123 27.050
1339.601 27.067
1345.080 27.085
1350.559 27.103
1356.038 27.120
1361.517 27.138
1366.996 27.155
1372.474 27.173
1377.953 27.191
1383.432 27.208
1388.911 27.226
1394.390 27.244
1399.868 27.261
1405.347 27.279
1410.826 27.297
1416.308 27.314
1421.971 27.332
1427.634 27.349
1433.297 27.367
1438.960 27.385
1444.624 27.402
1450.287 27.420
1455.950 27.438
1461.613 27.455
1467.276 27.473
1472.939 27.496
1478.602 27.520
1484.265 27.543
1489.928 27.567
1495.592 27.590
1501.255 27.614
1506.918 27.637
1512.581 27.661
1518.244 27.684
1523.907 27.708
1529.570 27.731
1535.233 27.755
1540.896 27.778
1546.559 27.802
1552.223 27.825
1557.886 27.849
1564.753 27.872
1572.377 27.896
1580.002 27.919
1587.626 27.943
1595.251 27.966
1602.875 27.990
1610.500 28.013
1618.124 28.037
1625.748 28.060
1633.373 28.084
1640.997 28.107
1648.622 28.131
1656.246 28.154
1663.871 28.178
1671.495 28.201
1679.120 28.225
1686.744 28.248
1694.369 28.272
1701.993 28.295
1709.618 28.319
1717.242 28.342
1724.867 28.366
1732.491 28.389
1740.116 28.413
1747.740 28.437
1755.846 28.460
1765.757 28.484
1775.669 28.507
1785.580 28.531
1795.492 28.554
1805.403 28.578
1815.315 28.601
1825.226 28.625
1835.138 28.648
1845.049 28.672
1854.960 28.702
1864.872 28.731
1874.783 28.761
1884.695 28.790
1894.606 28.819
1904.518 28.849
1914.429 28.878
1924.341 28.908
1934.252 28.937
1944.164 28.966
1954.075 28.996
1963.987 29.025
1973.898 29.054
1983.810 29.084
1993.721 29.113
2003.633 29.143
2014.554 29.172
2025.717 29.201
2036.880 29.231
2048.043 29.260
2059.205 29.290
2070.368 29.319
2081.531 29.348
2092.694 29.378
2103.857 29.407
2115.020 29.424
2126.182 29.435
2137.345 29.447
2148.508 29.459
2159.671 29.471
2170.834 29.482
2181.997 29.494
2193.159 29.506
2204.322 29.518
2215.485 29.529
2226.648 29.541
2237.811 29.553
2248.974 29.565
2260.136 29.576
2271.299 29.588
2282.462 29.600
2291.747 29.612
2298.256 29.623
2304.765 29.635
2311.274 29.647
2317.783 29.659
2324.292 29.670
2330.801 29.682
2337.310 29.694
2343.819 29.706
2350.328 29.717
2356.837 29.729
2363.346 29.741
2369.854 29.753
2376.363 29.764
2382.872 29.776
2389.381 29.788
2395.890 29.800
2402.399 29.811
2408.908 29.823
2415.417 29.835
2421.926 29.847
2428.435 29.858
2434.944 29.870
2441.453 29.882
2447.962 29.894
2454.471 29.906
