2.357 0.198
2.653 0.218
2.949 0.238
3.245 0.258
3.541 0.286
3.836 0.319
4.132 0.352
4.428 0.382
4.724 0.406
5.020 0.429
5.316 0.453
5.612 0.493
5.908 0.536
6.203 0.580
6.499 0.607
6.795 0.618
7.091 0.629
7.387 0.645
7.683 0.707
7.979 0.769
8.275 0.832
8.570 0.946
8.866 1.081
9.162 1.218
9.458 1.371
9.754 1.555
10.050 1.742
10.346 1.931
10.642 2.163
10.937 2.399
11.233 2.637
11.529 2.868
11.825 3.093
12.121 3.321
12.417 3.560
12.713 3.833
13.009 4.109
13.304 4.389
13.600 4.519
13.896 4.616
14.192 4.714
14.488 4.775
14.784 4.787
15.080 4.800
15.376 4.813
15.671 4.837
15.967 4.861
16.263 4.885
16.559 4.987
16.855 5.125
17.151 5.265
17.447 5.435
17.743 5.678
18.039 5.923
18.334 6.171
18.630 6.432
18.926 6.698
19.222 6.966
19.518 7.254
19.814 7.559
20.110 7.868
20.406 8.078
20.701 7.771
20.997 7.462
21.293 7.150
21.589 6.914
21.885 6.698
22.181 6.480
22.477 6.271
22.773 6.077
23.068 5.882
23.364 5.688
23.660 5.577
23.956 5.466
24.252 5.353
24.548 5.249
24.844 5.148
25.140 5.047
25.435 4.951
25.731 4.870
26.027 4.789
26.323 4.707
26.619 4.649
26.915 4.595
27.211 4.540
27.507 4.467
27.802 4.378
28.098 4.288
28.394 4.193
28.690 4.069
28.986 3.946
29.282 3.822
29.578 3.657
29.874 3.478
30.170 3.300
30.465 3.055
30.761 2.698
31.057 2.345
31.353 1.994
31.649 1.956
31.945 1.922
32.241 1.888
32.537 2.020
32.832 2.260
33.128 2.501
33.424 2.741
33.720 2.973
34.016 3.208
34.312 3.444
34.608 3.645
34.904 3.841
35.199 4.038
35.495 4.234
35.791 4.429
36.087 4.625
36.383 4.808
36.679 4.836
36.975 4.863
37.271 4.891
37.566 4.934
37.862 4.983
38.158 5.033
38.454 5.097
38.750 5.190
39.046 5.284
39.342 5.379
39.638 5.543
39.933 5.713
40.229 5.883
40.525 6.084
40.821 6.309
41.117 6.536
41.413 6.770
41.709 7.030
42.005 7.291
42.300 7.555
42.596 7.450
42.892 7.257
43.188 7.062
43.484 6.871
43.780 6.688
44.076 6.503
44.372 6.318
44.668 6.148
44.963 5.976
45.259 5.804
45.555 5.674
45.851 5.564
46.147 5.453
46.443 5.350
46.739 5.262
47.035 5.174
47.330 5.087
47.626 5.006
47.922 4.925
48.218 4.844
48.514 4.773
48.810 4.710
49.106 4.647
49.402 4.582
49.697 4.508
49.993 4.435
50.289 4.361
50.585 4.234
50.881 4.091
51.177 3.949
51.473 3.782
51.769 3.580
52.064 3.378
52.360 3.175
52.656 2.819
52.952 2.465
53.248 2.114
53.544 1.972
53.840 1.951
54.136 1.930
54.431 1.982
54.727 2.252
55.023 2.524
55.319 2.796
55.615 3.028
55.911 3.254
56.207 3.481
56.503 3.691
56.799 3.881
57.094 4.073
57.390 4.262
57.686 4.430
57.982 4.599
58.278 4.770
58.574 4.855
58.870 4.910
59.166 4.965
59.461 5.015
59.757 5.058
60.053 5.100
60.349 5.143
60.645 5.308
60.941 5.479
61.237 5.649
61.533 5.775
61.828 5.871
62.124 5.967
62.420 6.086
62.716 6.293
63.012 6.501
63.308 6.710
63.604 6.948
63.900 7.194
64.195 7.441
64.491 7.495
64.787 7.313
65.083 7.130
65.379 6.946
65.675 6.763
65.971 6.579
66.267 6.395
66.562 6.228
66.858 6.069
67.154 5.910
67.450 5.769
67.746 5.670
68.042 5.571
68.338 5.472
68.634 5.389
68.929 5.307
69.225 5.225
69.521 5.139
69.817 5.051
70.113 4.963
70.409 4.880
70.705 4.824
71.001 4.767
71.297 4.711
71.592 4.615
71.888 4.509
72.184 4.402
72.480 4.281
72.776 4.140
73.072 3.998
73.368 3.852
73.664 3.586
73.959 3.320
74.255 3.054
74.551 2.789
74.847 2.525
75.143 2.262
75.439 2.075
75.735 2.082
76.031 2.090
76.326 2.098
76.622 2.357
76.918 2.647
77.214 2.938
77.510 3.198
77.806 3.427
78.102 3.657
78.398 3.883
78.693 4.078
78.989 4.275
79.285 4.472
79.581 4.622
79.877 4.756
80.173 4.892
80.469 4.999
80.765 5.058
81.060 5.118
81.356 5.178
81.652 5.218
81.948 5.259
82.244 5.299
82.540 5.395
82.836 5.526
83.132 5.658
83.428 5.813
83.723 6.038
84.019 6.265
84.315 6.493
84.611 6.633
84.907 6.758
85.203 6.885
85.499 7.038
85.795 7.221
86.090 7.405
86.386 7.553
86.682 7.361
86.978 7.168
87.274 6.975
87.570 6.782
87.866 6.590
88.162 6.397
88.457 6.223
88.753 6.087
89.049 5.950
89.345 5.813
89.641 5.703
89.937 5.594
90.233 5.485
90.529 5.393
90.824 5.312
91.120 5.231
91.416 5.151
91.712 5.074
92.008 4.997
92.304 4.920
92.600 4.859
92.896 4.801
93.191 4.744
93.487 4.656
93.783 4.532
94.079 4.407
94.375 4.280
94.671 4.126
94.967 3.973
95.263 3.819
95.558 3.574
95.854 3.286
96.150 3.000
96.446 2.731
96.742 2.502
97.038 2.273
97.334 2.044
97.630 2.122
97.926 2.227
98.221 2.332
98.517 2.534
98.813 2.821
99.109 3.108
99.405 3.387
99.701 3.610
99.997 3.835
100.293 4.060
100.588 4.256
100.884 4.443
101.180 4.632
101.476 4.795
101.772 4.920
102.068 5.046
102.364 5.170
102.660 5.209
102.955 5.248
103.251 5.287
103.547 5.331
103.843 5.379
104.139 5.427
104.435 5.499
104.731 5.642
105.027 5.785
105.322 5.928
105.618 6.080
105.914 6.234
106.210 6.388
106.506 6.629
106.802 6.959
107.098 7.290
107.394 7.579
107.689 7.553
107.985 7.527
108.281 7.500
108.577 7.353
108.873 7.163
109.169 6.972
109.465 6.784
109.761 6.599
110.057 6.415
110.352 6.231
110.648 6.103
110.944 5.976
111.240 5.848
111.536 5.732
111.832 5.625
112.128 5.517
112.424 5.416
112.719 5.338
113.015 5.261
113.311 5.183
113.607 5.119
113.903 5.057
114.199 4.995
114.495 4.930
114.791 4.862
115.086 4.794
115.382 4.721
115.678 4.586
115.974 4.451
116.270 4.317
116.566 4.117
116.862 3.892
117.158 3.668
117.453 3.448
117.749 3.237
118.045 3.026
118.341 2.816
118.637 2.590
118.933 2.364
119.229 2.140
119.525 2.162
119.820 2.373
120.116 2.585
120.412 2.808
120.708 3.079
121.004 3.351
121.300 3.625
121.596 3.856
121.892 4.078
122.187 4.301
122.483 4.505
122.779 4.684
123.075 4.865
123.371 5.041
123.667 5.134
123.963 5.226
124.259 5.319
124.555 5.370
124.850 5.400
125.146 5.430
125.442 5.476
125.738 5.559
126.034 5.642
126.330 5.726
126.626 5.843
126.922 5.963
127.217 6.083
127.513 6.236
127.809 6.417
128.105 6.599
128.401 6.805
128.697 7.143
128.993 7.484
129.289 7.826
129.584 7.786
129.880 7.631
130.176 7.475
130.472 7.308
130.768 7.126
131.064 6.942
131.360 6.758
131.656 6.583
131.951 6.408
132.247 6.234
132.543 6.097
132.839 5.982
133.135 5.867
133.431 5.757
133.727 5.663
134.023 5.570
134.318 5.476
134.614 5.387
134.910 5.299
135.206 5.211
135.502 5.139
135.798 5.084
136.094 5.029
136.390 4.970
136.686 4.876
136.981 4.781
137.277 4.686
137.573 4.531
137.869 4.355
138.165 4.179
138.461 4.008
138.757 3.845
139.053 3.682
139.348 3.520
139.644 3.212
139.940 2.901
140.236 2.590
140.532 2.389
140.828 2.261
141.124 2.134
141.420 2.031
141.715 2.016
142.011 2.001
142.307 1.986
142.603 1.975
142.899 1.965
143.195 1.956
143.491 1.947
143.787 1.941
144.082 1.934
144.378 1.928
144.674 1.920
144.970 1.913
145.266 1.906
145.562 1.901
145.858 1.897
146.154 1.892
146.449 1.888
146.745 1.884
147.041 1.879
147.337 1.875
147.633 1.872
147.929 1.868
148.225 1.865
148.521 1.863
148.816 1.860
149.112 1.858
149.408 1.856
149.704 1.853
150.000 1.849
