2.357 22.845
2.653 22.845
2.949 22.845
3.245 22.845
3.541 22.845
3.836 22.845
4.132 22.845
4.428 22.856
4.724 22.900
5.020 22.944
5.316 22.988
5.612 22.994
5.908 22.994
6.203 22.994
6.499 23.016
6.795 23.060
7.091 23.104
7.387 23.148
7.683 23.192
7.979 23.236
8.275 23.281
8.570 23.357
8.866 23.445
9.162 23.533
9.458 23.637
9.754 23.769
10.050 23.902
10.346 24.034
10.642 24.167
10.937 24.300
11.233 24.432
11.529 24.590
11.825 24.767
12.121 24.944
12.417 25.120
12.713 25.297
13.009 25.474
13.304 25.651
13.600 25.791
13.896 25.924
14.192 26.056
14.488 26.189
14.784 26.321
15.080 26.454
15.376 26.586
15.671 26.719
15.967 26.851
16.263 26.984
16.559 27.116
16.855 27.249
17.151 27.381
17.447 27.527
17.743 27.704
18.039 27.881
18.334 28.058
18.630 28.234
18.926 28.411
19.222 28.588
19.518 28.788
19.814 29.009
20.110 29.230
20.406 29.429
20.701 29.518
20.997 29.606
21.293 29.694
21.589 29.783
21.885 29.871
22.181 29.959
22.477 30.048
22.773 30.136
23.068 30.225
23.364 30.313
23.660 30.401
23.956 30.490
24.252 30.578
24.548 30.638
24.844 30.682
25.140 30.726
25.435 30.770
25.731 30.815
26.027 30.859
26.323 30.903
26.619 30.947
26.915 30.991
27.211 31.035
27.507 31.080
27.802 31.124
28.098 31.168
28.394 31.207
28.690 31.207
28.986 31.207
29.282 31.207
29.578 31.207
29.874 31.207
30.170 31.207
30.465 31.158
30.761 31.026
31.057 30.893
31.353 30.760
31.649 30.759
31.945 30.759
32.241 30.759
32.537 30.812
32.832 30.901
33.128 30.989
33.424 31.087
33.720 31.220
34.016 31.352
34.312 31.485
34.608 31.580
34.904 31.668
35.199 31.757
35.495 31.866
35.791 31.998
36.087 32.131
36.383 32.260
36.679 32.348
36.975 32.436
37.271 32.525
37.566 32.613
37.862 32.701
38.158 32.790
38.454 32.878
38.750 32.966
39.046 33.055
39.342 33.143
39.638 33.273
39.933 33.406
40.229 33.538
40.525 33.671
40.821 33.804
41.117 33.936
41.413 34.069
41.709 34.201
42.005 34.334
42.300 34.466
42.596 34.599
42.892 34.731
43.188 34.864
43.484 34.977
43.780 35.066
44.076 35.154
44.372 35.240
44.668 35.284
44.963 35.329
45.259 35.373
45.555 35.417
45.851 35.461
46.147 35.505
46.443 35.550
46.739 35.594
47.035 35.638
47.330 35.682
47.626 35.726
47.922 35.770
48.218 35.815
48.514 35.835
48.810 35.835
49.106 35.835
49.402 35.842
49.697 35.886
49.993 35.930
50.289 35.975
50.585 35.985
50.881 35.985
51.177 35.985
51.473 35.967
51.769 35.923
52.064 35.879
52.360 35.834
52.656 35.701
52.952 35.569
53.248 35.436
53.544 35.387
53.840 35.387
54.136 35.387
54.431 35.410
54.727 35.498
55.023 35.586
55.319 35.675
55.615 35.763
55.911 35.851
56.207 35.940
56.503 36.028
56.799 36.117
57.094 36.205
57.390 36.298
57.686 36.431
57.982 36.563
58.278 36.696
58.574 36.796
58.870 36.884
59.166 36.973
59.461 37.061
59.757 37.149
60.053 37.238
60.349 37.326
60.645 37.414
60.941 37.503
61.237 37.591
61.533 37.706
61.828 37.838
62.124 37.971
62.420 38.103
62.716 38.236
63.012 38.368
63.308 38.501
63.604 38.670
63.900 38.847
64.195 39.024
64.491 39.160
64.787 39.249
65.083 39.337
65.379 39.422
65.675 39.466
65.971 39.511
66.267 39.555
66.562 39.599
66.858 39.643
67.154 39.687
67.450 39.731
67.746 39.776
68.042 39.820
68.338 39.864
68.634 39.908
68.929 39.952
69.225 39.996
69.521 40.016
69.817 40.016
70.113 40.016
70.409 40.024
70.705 40.068
71.001 40.112
71.297 40.156
71.592 40.165
71.888 40.165
72.184 40.165
72.480 40.165
72.776 40.165
73.072 40.165
73.368 40.164
73.664 40.120
73.959 40.076
74.255 40.031
74.551 39.929
74.847 39.797
75.143 39.664
75.439 39.580
75.735 39.625
76.031 39.669
76.326 39.713
76.622 39.797
76.918 39.885
77.214 39.973
77.510 40.062
77.806 40.150
78.102 40.239
78.398 40.327
78.693 40.415
78.989 40.504
79.285 40.592
79.581 40.680
79.877 40.769
80.173 40.857
80.469 40.945
80.765 41.034
81.060 41.122
81.356 41.210
81.652 41.255
81.948 41.299
82.244 41.343
82.540 41.415
82.836 41.503
83.132 41.591
83.428 41.690
83.723 41.823
84.019 41.955
84.315 42.088
84.611 42.182
84.907 42.271
85.203 42.359
85.499 42.447
85.795 42.536
86.090 42.624
86.386 42.713
86.682 42.801
86.978 42.889
87.274 42.978
87.570 43.034
87.866 43.078
88.162 43.123
88.457 43.167
88.753 43.211
89.049 43.255
89.345 43.299
89.641 43.343
89.937 43.388
90.233 43.432
90.529 43.476
90.824 43.520
91.120 43.564
91.416 43.600
91.712 43.600
92.008 43.600
92.304 43.600
92.600 43.600
92.896 43.600
93.191 43.600
93.487 43.600
93.783 43.600
94.079 43.600
94.375 43.600
94.671 43.600
94.967 43.600
95.263 43.600
95.558 43.540
95.854 43.451
96.150 43.363
96.446 43.288
96.742 43.244
97.038 43.199
97.334 43.155
97.630 43.152
97.926 43.152
98.221 43.152
98.517 43.200
98.813 43.288
99.109 43.376
99.405 43.465
99.701 43.553
99.997 43.641
100.293 43.730
100.588 43.818
100.884 43.906
101.180 43.995
101.476 44.083
101.772 44.172
102.068 44.260
102.364 44.348
102.660 44.437
102.955 44.525
103.251 44.613
103.547 44.673
103.843 44.717
104.139 44.762
104.435 44.817
104.731 44.906
105.027 44.994
105.322 45.083
105.618 45.171
105.914 45.259
106.210 45.348
106.506 45.458
106.802 45.591
107.098 45.723
107.394 45.850
107.689 45.939
107.985 46.027
108.281 46.115
108.577 46.204
108.873 46.292
109.169 46.380
109.465 46.437
109.761 46.437
110.057 46.437
110.352 46.437
110.648 46.480
110.944 46.524
111.240 46.569
111.536 46.613
111.832 46.657
112.128 46.701
112.424 46.745
112.719 46.789
113.015 46.834
113.311 46.878
113.607 46.885
113.903 46.885
114.199 46.885
114.495 46.905
114.791 46.949
115.086 46.994
115.382 47.034
115.678 47.034
115.974 47.034
116.270 47.034
116.566 46.972
116.862 46.883
117.158 46.795
117.453 46.721
117.749 46.677
118.045 46.633
118.341 46.588
118.637 46.502
118.933 46.414
119.229 46.326
119.525 46.312
119.820 46.357
120.116 46.401
120.412 46.461
120.708 46.594
121.004 46.726
121.300 46.859
121.596 46.956
121.892 47.044
122.187 47.133
122.483 47.221
122.779 47.309
123.075 47.398
123.371 47.484
123.667 47.528
123.963 47.572
124.259 47.616
124.555 47.690
124.850 47.779
125.146 47.867
125.442 47.955
125.738 48.044
126.034 48.132
126.330 48.220
126.626 48.269
126.922 48.313
127.217 48.357
127.513 48.424
127.809 48.513
128.105 48.601
128.401 48.696
128.697 48.829
128.993 48.961
129.289 49.094
129.584 49.158
129.880 49.202
130.176 49.247
130.472 49.308
130.768 49.396
131.064 49.485
131.360 49.572
131.656 49.572
131.951 49.572
132.247 49.572
132.543 49.600
132.839 49.644
133.135 49.688
133.431 49.733
133.727 49.777
134.023 49.821
134.318 49.865
134.614 49.871
134.910 49.871
135.206 49.871
135.502 49.871
135.798 49.871
136.094 49.871
136.390 49.876
136.686 49.920
136.981 49.964
137.277 50.008
137.573 49.988
137.869 49.944
138.165 49.900
138.461 49.871
138.757 49.871
139.053 49.871
139.348 49.871
139.644 49.785
139.940 49.697
140.236 49.608
140.532 49.520
140.828 49.432
141.124 49.343
141.420 49.274
141.715 49.274
142.011 49.274
142.307 49.274
142.603 49.274
142.899 49.274
143.195 49.274
143.491 49.274
143.787 49.274
144.082 49.274
144.378 49.270
144.674 49.226
144.970 49.182
145.266 49.138
145.562 49.124
145.858 49.124
146.154 49.124
146.449 49.124
146.745 49.124
147.041 49.124
147.337 49.124
147.633 49.124
147.929 49.124
148.225 49.124
148.521 49.124
148.816 49.124
149.112 49.124
149.408 49.124
149.704 49.124
150.000 49.124
