2.759 0.000
3.038 0.000
3.316 0.000
3.595 -0.000
3.873 -0.002
4.152 -0.008
4.430 -0.014
4.709 -0.019
4.987 -0.022
5.266 -0.024
5.545 -0.026
5.823 -0.027
6.102 -0.029
6.380 -0.030
6.659 -0.031
6.937 -0.047
7.216 -0.069
7.494 -0.091
7.773 -0.112
8.052 -0.107
8.330 -0.103
8.609 -0.099
8.887 -0.103
9.166 -0.117
9.444 -0.131
9.723 -0.145
10.001 -0.167
10.280 -0.188
10.559 -0.209
10.837 -0.228
11.116 -0.245
11.394 -0.261
11.673 -0.275
11.951 -0.288
12.230 -0.298
12.508 -0.305
12.787 -0.309
13.066 -0.306
13.344 -0.302
13.623 -0.298
13.901 -0.290
14.180 -0.281
14.458 -0.271
14.737 -0.261
15.016 -0.250
15.294 -0.238
15.573 -0.225
15.851 -0.212
16.130 -0.198
16.408 -0.184
16.687 -0.167
16.965 -0.150
17.244 -0.130
17.523 -0.110
17.801 -0.087
18.080 -0.055
18.358 -0.019
18.637 0.019
18.915 0.051
19.194 0.077
19.472 0.105
19.751 0.133
20.030 0.163
20.308 0.192
20.587 0.218
20.865 0.237
21.144 0.245
21.422 0.252
21.701 0.258
21.979 0.263
22.258 0.267
22.537 0.271
22.815 0.274
23.094 0.275
23.372 0.276
23.651 0.276
23.929 0.276
24.208 0.275
24.486 0.275
24.765 0.274
25.044 0.272
25.322 0.270
25.601 0.267
25.879 0.264
26.158 0.261
26.436 0.257
26.715 0.252
26.993 0.245
27.272 0.238
27.551 0.230
27.829 0.221
28.108 0.209
28.386 0.196
28.665 0.183
28.943 0.164
29.222 0.143
29.500 0.123
29.779 0.104
30.058 0.095
30.336 0.087
30.615 0.078
30.893 0.077
31.172 0.083
31.450 0.089
31.729 0.096
32.007 0.110
32.286 0.125
32.565 0.142
32.843 0.158
33.122 0.175
33.400 0.193
33.679 0.211
33.957 0.228
34.236 0.245
34.515 0.263
34.793 0.280
35.072 0.292
35.350 0.304
35.629 0.316
35.907 0.332
36.186 0.350
36.464 0.369
36.743 0.389
37.022 0.402
37.300 0.415
37.579 0.429
37.857 0.446
38.136 0.469
38.414 0.493
38.693 0.518
38.971 0.553
39.250 0.593
39.529 0.633
39.807 0.673
40.086 0.702
40.364 0.733
40.643 0.764
40.921 0.773
41.200 0.767
41.478 0.760
41.757 0.753
42.036 0.740
42.314 0.726
42.593 0.712
42.871 0.698
43.150 0.683
43.428 0.668
43.707 0.653
43.985 0.640
44.264 0.627
44.543 0.614
44.821 0.601
45.100 0.592
45.378 0.582
45.657 0.572
45.935 0.561
46.214 0.550
46.492 0.539
46.771 0.527
47.050 0.515
47.328 0.502
47.607 0.490
47.885 0.474
48.164 0.453
48.442 0.431
48.721 0.411
48.999 0.377
49.278 0.342
49.557 0.307
49.835 0.275
50.114 0.250
50.392 0.225
50.671 0.201
50.949 0.183
51.228 0.168
51.506 0.154
51.785 0.143
52.064 0.165
52.342 0.187
52.621 0.209
52.899 0.234
53.178 0.263
53.456 0.292
53.735 0.322
54.014 0.351
54.292 0.381
54.571 0.411
54.849 0.440
55.128 0.464
55.406 0.489
55.685 0.514
55.963 0.531
56.242 0.544
56.521 0.558
56.799 0.573
57.078 0.589
57.356 0.606
57.635 0.623
57.913 0.644
58.192 0.668
58.470 0.692
58.749 0.717
59.028 0.757
59.306 0.798
59.585 0.840
59.863 0.876
60.142 0.902
60.420 0.928
60.699 0.955
60.977 0.985
61.256 1.017
61.535 1.049
61.813 1.072
62.092 1.056
62.370 1.040
62.649 1.024
62.927 1.002
63.206 0.976
63.484 0.949
63.763 0.922
64.042 0.900
64.320 0.877
64.599 0.854
64.877 0.834
65.156 0.817
65.434 0.800
65.713 0.783
65.991 0.767
66.270 0.751
66.549 0.735
66.827 0.719
67.106 0.703
67.384 0.687
67.663 0.670
67.941 0.653
68.220 0.636
68.498 0.619
68.777 0.600
69.056 0.562
69.334 0.525
69.613 0.487
69.891 0.453
70.170 0.421
70.448 0.390
70.727 0.359
71.005 0.321
71.284 0.282
71.563 0.244
71.841 0.215
72.120 0.207
72.398 0.200
72.677 0.192
72.955 0.216
73.234 0.255
73.513 0.293
73.791 0.332
74.070 0.370
74.348 0.409
74.627 0.449
74.905 0.486
75.184 0.522
75.462 0.559
75.741 0.596
76.020 0.618
76.298 0.640
76.577 0.662
76.855 0.682
77.134 0.698
77.412 0.713
77.691 0.729
77.969 0.749
78.248 0.770
78.527 0.791
78.805 0.814
79.084 0.843
79.362 0.872
79.641 0.902
79.919 0.935
80.198 0.970
80.476 1.006
80.755 1.043
81.034 1.103
81.312 1.164
81.591 1.227
81.869 1.263
82.148 1.258
82.426 1.254
82.705 1.249
82.983 1.228
83.262 1.203
83.541 1.177
83.819 1.151
84.098 1.121
84.376 1.091
84.655 1.061
84.933 1.033
85.212 1.007
85.490 0.981
85.769 0.954
86.048 0.934
86.326 0.913
86.605 0.893
86.883 0.873
87.162 0.854
87.440 0.835
87.719 0.815
87.997 0.797
88.276 0.778
88.555 0.759
88.833 0.737
89.112 0.704
89.390 0.672
89.669 0.639
89.947 0.608
90.226 0.578
90.504 0.547
90.783 0.515
91.062 0.467
91.340 0.420
91.619 0.372
91.897 0.331
92.176 0.294
92.454 0.258
92.733 0.223
93.012 0.233
93.290 0.248
93.569 0.263
93.847 0.289
94.126 0.337
94.404 0.386
94.683 0.435
94.961 0.481
95.240 0.527
95.519 0.572
95.797 0.618
96.076 0.656
96.354 0.694
96.633 0.733
96.911 0.762
97.190 0.781
97.468 0.800
97.747 0.820
98.026 0.839
98.304 0.857
98.583 0.876
98.861 0.898
99.140 0.925
99.418 0.953
99.697 0.980
99.975 1.012
100.254 1.044
100.533 1.077
100.811 1.112
101.090 1.156
101.368 1.200
101.647 1.244
101.925 1.305
102.204 1.379
102.482 1.453
102.761 1.528
103.040 1.496
103.318 1.463
103.597 1.430
103.875 1.393
104.154 1.350
104.432 1.307
104.711 1.264
104.989 1.228
105.268 1.194
105.547 1.160
105.825 1.128
106.104 1.103
106.382 1.078
106.661 1.053
106.939 1.030
107.218 1.009
107.496 0.987
107.775 0.965
108.054 0.943
108.332 0.920
108.611 0.898
108.889 0.873
109.168 0.846
109.446 0.819
109.725 0.791
110.003 0.761
110.282 0.730
110.561 0.699
110.839 0.664
111.118 0.618
111.396 0.572
111.675 0.527
111.953 0.475
112.232 0.420
112.511 0.366
112.789 0.315
113.068 0.294
113.346 0.273
113.625 0.252
113.903 0.265
114.182 0.309
114.460 0.354
114.739 0.399
115.018 0.451
115.296 0.503
115.575 0.556
115.853 0.608
116.132 0.656
116.410 0.705
116.689 0.754
116.967 0.792
117.246 0.827
117.525 0.862
117.803 0.895
118.082 0.912
118.360 0.929
118.639 0.947
118.917 0.968
119.196 0.992
119.474 1.016
119.753 1.040
120.032 1.072
120.310 1.104
120.589 1.137
120.867 1.172
121.146 1.211
121.424 1.250
121.703 1.290
121.981 1.339
122.260 1.391
122.539 1.444
122.817 1.493
123.096 1.529
123.374 1.565
123.653 1.602
123.931 1.594
124.210 1.560
124.488 1.525
124.767 1.489
125.046 1.445
125.324 1.400
125.603 1.356
125.881 1.315
126.160 1.280
126.438 1.245
126.717 1.210
126.995 1.182
127.274 1.156
127.553 1.130
127.831 1.105
128.110 1.082
128.388 1.059
128.667 1.036
128.945 1.013
129.224 0.990
129.502 0.966
129.781 0.942
130.060 0.912
130.338 0.882
130.617 0.852
130.895 0.815
131.174 0.771
131.452 0.726
131.731 0.682
132.010 0.627
132.288 0.570
132.567 0.514
132.845 0.459
133.124 0.404
133.402 0.350
133.681 0.296
133.959 0.277
134.238 0.271
134.517 0.266
134.795 0.260
135.074 0.258
135.352 0.256
135.631 0.254
135.909 0.253
136.188 0.252
136.466 0.251
136.745 0.250
137.024 0.249
137.302 0.248
137.581 0.247
137.859 0.246
138.138 0.245
138.416 0.244
138.695 0.244
138.973 0.243
139.252 0.242
139.531 0.241
139.809 0.240
140.088 0.240
140.366 0.239
140.645 0.238
140.923 0.237
141.202 0.237
141.480 0.236
141.759 0.235
