2.759 -0.000
3.038 -0.000
3.316 -0.000
3.595 0.000
3.873 0.001
4.152 0.003
4.430 0.004
4.709 0.006
4.987 0.007
5.266 0.008
5.545 0.008
5.823 0.009
6.102 0.009
6.380 0.010
6.659 0.010
6.937 0.015
7.216 0.023
7.494 0.030
7.773 0.038
8.052 0.036
8.330 0.035
8.609 0.034
8.887 0.035
9.166 0.041
9.444 0.046
9.723 0.052
10.001 0.061
10.280 0.070
10.559 0.080
10.837 0.089
11.116 0.098
11.394 0.108
11.673 0.117
11.951 0.128
12.230 0.140
12.508 0.152
12.787 0.163
13.066 0.167
13.344 0.171
13.623 0.175
13.901 0.178
14.180 0.179
14.458 0.180
14.737 0.181
15.016 0.184
15.294 0.188
15.573 0.192
15.851 0.196
16.130 0.202
16.408 0.207
16.687 0.213
16.965 0.218
17.244 0.223
17.523 0.228
17.801 0.234
18.080 0.244
18.358 0.254
18.637 0.264
18.915 0.272
19.194 0.278
19.472 0.285
19.751 0.291
20.030 0.283
20.308 0.274
20.587 0.266
20.865 0.258
21.144 0.252
21.422 0.245
21.701 0.238
21.979 0.231
22.258 0.224
22.537 0.217
22.815 0.210
23.094 0.204
23.372 0.197
23.651 0.191
23.929 0.186
24.208 0.181
24.486 0.176
24.765 0.171
25.044 0.167
25.322 0.163
25.601 0.159
25.879 0.155
26.158 0.151
26.436 0.147
26.715 0.143
26.993 0.138
27.272 0.134
27.551 0.129
27.829 0.123
28.108 0.117
28.386 0.110
28.665 0.103
28.943 0.094
29.222 0.083
29.500 0.073
29.779 0.063
30.058 0.058
30.336 0.053
30.615 0.049
30.893 0.048
31.172 0.051
31.450 0.055
31.729 0.058
32.007 0.066
32.286 0.073
32.565 0.081
32.843 0.088
33.122 0.095
33.400 0.102
33.679 0.108
33.957 0.114
34.236 0.119
34.515 0.124
34.793 0.129
35.072 0.131
35.350 0.133
35.629 0.135
35.907 0.138
36.186 0.142
36.464 0.145
36.743 0.149
37.022 0.151
37.300 0.153
37.579 0.155
37.857 0.158
38.136 0.162
38.414 0.167
38.693 0.171
38.971 0.177
39.250 0.183
39.529 0.190
39.807 0.196
40.086 0.201
40.364 0.206
40.643 0.211
40.921 0.210
41.200 0.205
41.478 0.200
41.757 0.194
42.036 0.189
42.314 0.183
42.593 0.178
42.871 0.172
43.150 0.167
43.428 0.162
43.707 0.157
43.985 0.153
44.264 0.149
44.543 0.145
44.821 0.141
45.100 0.138
45.378 0.135
45.657 0.132
45.935 0.129
46.214 0.126
46.492 0.123
46.771 0.120
47.050 0.117
47.328 0.114
47.607 0.111
47.885 0.107
48.164 0.102
48.442 0.098
48.721 0.093
48.999 0.086
49.278 0.078
49.557 0.071
49.835 0.064
50.114 0.058
50.392 0.053
50.671 0.048
50.949 0.044
51.228 0.040
51.506 0.037
51.785 0.035
52.064 0.040
52.342 0.045
52.621 0.050
52.899 0.055
53.178 0.062
53.456 0.068
53.735 0.074
54.014 0.080
54.292 0.086
54.571 0.091
54.849 0.097
55.128 0.101
55.406 0.105
55.685 0.109
55.963 0.111
56.242 0.113
56.521 0.115
56.799 0.117
57.078 0.119
57.356 0.121
57.635 0.123
57.913 0.126
58.192 0.130
58.470 0.133
58.749 0.136
59.028 0.142
59.306 0.147
59.585 0.153
59.863 0.158
60.142 0.161
60.420 0.164
60.699 0.167
60.977 0.170
61.256 0.174
61.535 0.177
61.813 0.179
62.092 0.175
62.370 0.171
62.649 0.167
62.927 0.162
63.206 0.157
63.484 0.152
63.763 0.147
64.042 0.143
64.320 0.138
64.599 0.134
64.877 0.131
65.156 0.127
65.434 0.124
65.713 0.121
65.991 0.118
66.270 0.116
66.549 0.113
66.827 0.110
67.106 0.108
67.384 0.105
67.663 0.102
67.941 0.100
68.220 0.097
68.498 0.094
68.777 0.091
69.056 0.086
69.334 0.080
69.613 0.075
69.891 0.070
70.170 0.065
70.448 0.060
70.727 0.056
71.005 0.050
71.284 0.044
71.563 0.039
71.841 0.034
72.120 0.033
72.398 0.032
72.677 0.031
72.955 0.035
73.234 0.040
73.513 0.046
73.791 0.052
74.070 0.058
74.348 0.064
74.627 0.069
74.905 0.074
75.184 0.079
75.462 0.084
75.741 0.089
76.020 0.092
76.298 0.095
76.577 0.098
76.855 0.100
77.134 0.102
77.412 0.104
77.691 0.105
77.969 0.107
78.248 0.110
78.527 0.112
78.805 0.114
79.084 0.118
79.362 0.121
79.641 0.124
79.919 0.128
80.198 0.131
80.476 0.135
80.755 0.139
81.034 0.145
81.312 0.152
81.591 0.158
81.869 0.162
82.148 0.160
82.426 0.159
82.705 0.157
82.983 0.154
83.262 0.150
83.541 0.146
83.819 0.142
84.098 0.138
84.376 0.134
84.655 0.130
84.933 0.126
85.212 0.122
85.490 0.119
85.769 0.115
86.048 0.113
86.326 0.110
86.605 0.107
86.883 0.105
87.162 0.102
87.440 0.100
87.719 0.097
87.997 0.095
88.276 0.093
88.555 0.090
88.833 0.088
89.112 0.084
89.390 0.080
89.669 0.076
89.947 0.073
90.226 0.069
90.504 0.066
90.783 0.062
91.062 0.056
91.340 0.051
91.619 0.045
91.897 0.040
92.176 0.036
92.454 0.032
92.733 0.028
93.012 0.029
93.290 0.031
93.569 0.033
93.847 0.036
94.126 0.041
94.404 0.047
94.683 0.053
94.961 0.058
95.240 0.063
95.519 0.069
95.797 0.074
96.076 0.078
96.354 0.082
96.633 0.086
96.911 0.089
97.190 0.090
97.468 0.092
97.747 0.094
98.026 0.096
98.304 0.097
98.583 0.099
98.861 0.101
99.140 0.104
99.418 0.106
99.697 0.109
99.975 0.112
100.254 0.115
100.533 0.118
100.811 0.121
101.090 0.125
101.368 0.129
101.647 0.133
101.925 0.138
102.204 0.145
102.482 0.151
102.761 0.158
103.040 0.154
103.318 0.150
103.597 0.146
103.875 0.142
104.154 0.137
104.432 0.132
104.711 0.128
104.989 0.124
105.268 0.120
105.547 0.116
105.825 0.113
106.104 0.110
106.382 0.107
106.661 0.105
106.939 0.102
107.218 0.100
107.496 0.098
107.775 0.095
108.054 0.093
108.332 0.091
108.611 0.088
108.889 0.086
109.168 0.083
109.446 0.081
109.725 0.078
110.003 0.075
110.282 0.072
110.561 0.069
110.839 0.065
111.118 0.061
111.396 0.057
111.675 0.052
111.953 0.047
112.232 0.042
112.511 0.037
112.789 0.032
113.068 0.030
113.346 0.028
113.625 0.026
113.903 0.027
114.182 0.031
114.460 0.036
114.739 0.040
115.018 0.045
115.296 0.050
115.575 0.056
115.853 0.060
116.132 0.065
116.410 0.069
116.689 0.074
116.967 0.077
117.246 0.080
117.525 0.083
117.803 0.086
118.082 0.087
118.360 0.089
118.639 0.090
118.917 0.092
119.196 0.094
119.474 0.096
119.753 0.097
120.032 0.100
120.310 0.103
120.589 0.105
120.867 0.108
121.146 0.111
121.424 0.114
121.703 0.117
121.981 0.121
122.260 0.125
122.539 0.129
122.817 0.133
123.096 0.136
123.374 0.138
123.653 0.141
123.931 0.139
124.210 0.136
124.488 0.132
124.767 0.129
125.046 0.125
125.324 0.121
125.603 0.116
125.881 0.113
126.160 0.110
126.438 0.106
126.717 0.103
126.995 0.101
127.274 0.098
127.553 0.096
127.831 0.094
128.110 0.092
128.388 0.090
128.667 0.088
128.945 0.086
129.224 0.084
129.502 0.082
129.781 0.080
130.060 0.077
130.338 0.074
130.617 0.072
130.895 0.069
131.174 0.065
131.452 0.062
131.731 0.058
132.010 0.053
132.288 0.049
132.567 0.044
132.845 0.039
133.124 0.035
133.402 0.030
133.681 0.026
133.959 0.024
134.238 0.024
134.517 0.023
134.795 0.023
135.074 0.022
135.352 0.022
135.631 0.022
135.909 0.022
136.188 0.022
136.466 0.022
136.745 0.022
137.024 0.022
137.302 0.022
137.581 0.022
137.859 0.022
138.138 0.021
138.416 0.021
138.695 0.021
138.973 0.021
139.252 0.021
139.531 0.021
139.809 0.021
140.088 0.021
140.366 0.021
140.645 0.021
140.923 0.021
141.202 0.021
141.480 0.021
141.759 0.021
