526.543 -1.101
603.613 -1.159
680.907 -1.380
758.200 -0.000
835.493 -0.980
912.871 -0.994
990.320 -0.996
1067.769 -0.997
1145.218 -0.998
1222.421 -0.998
1299.612 -0.998
1376.804 -0.998
1454.262 -0.998
1532.185 -0.998
1610.107 -0.999
1688.029 -0.999
1764.926 -0.999
1841.525 -1.000
1918.124 -1.000
1994.883 -1.000
2072.345 -1.000
2149.807 -1.000
2227.269 -1.000
2305.148 -1.000
2383.310 -1.000
2461.472 -1.000
2539.626 -1.000
2616.215 -1.000
2692.803 -1.000
2769.391 -1.000
2846.402 -1.000
2924.006 -1.000
3001.611 -1.000
3079.215 -1.000
3157.114 -1.000
3235.076 -1.000
3313.037 -1.000
3390.617 -1.000
3466.961 -1.000
3543.305 -1.000
3619.650 -1.000
3696.954 -1.000
3774.785 -1.000
3852.617 -1.000
3930.440 -1.000
4008.113 -1.000
4085.787 -1.000
4163.461 -1.000
4240.593 -1.000
4317.103 -1.000
4393.614 -1.000
4470.125 -1.000
4548.114 -1.000
4626.313 -1.000
4704.512 -1.000
4782.415 -1.000
4859.578 -1.000
4936.742 -1.000
5013.905 -1.000
5091.431 -1.000
5169.116 -1.000
5246.800 -1.000
5316.150 -1.000
5315.245 -1.000
5314.339 -1.000
5313.433 -1.000
5272.734 -1.000
5194.727 -1.000
5116.720 -1.000
5038.714 -1.000
4962.259 -1.000
4885.928 -1.000
4809.597 -1.000
4732.377 -1.000
4653.404 -1.000
4574.431 -1.000
4495.458 -1.000
4418.054 -1.000
4341.182 -1.000
4264.310 -1.000
4187.531 -1.000
4111.247 -1.000
4034.963 -1.000
3958.680 -1.000
3880.802 -1.000
3801.703 -1.000
3722.605 -1.000
3643.507 -1.000
3566.906 -1.000
3490.365 -1.000
3413.824 -1.000
3337.018 -1.000
3259.792 -1.000
3182.566 -1.000
3105.340 -1.000
3027.404 -1.000
2949.287 -1.000
2871.170 -1.000
2795.902 -1.000
2731.560 -1.000
2667.219 -1.000
2602.877 -1.000
2627.198 -1.000
2706.593 -1.000
2785.987 -1.000
2865.367 -1.000
2944.224 -1.000
3023.080 -1.000
3101.936 -1.000
3180.587 -1.000
3258.974 -1.000
3337.361 -1.000
3415.749 -1.000
3492.357 -1.000
3568.645 -1.000
3644.933 -1.000
3721.427 -1.000
3798.515 -1.000
3875.603 -1.000
3952.690 -1.000
4030.912 -1.000
4109.699 -1.000
4188.486 -1.000
4267.077 -1.000
4343.324 -1.000
4419.571 -1.000
4495.817 -1.000
4572.468 -1.000
4649.543 -1.000
4726.617 -1.000
4803.692 -1.000
4882.067 -1.000
4960.590 -1.000
5039.114 -1.000
5116.962 -1.000
5193.288 -1.000
5269.615 -1.000
5345.942 -1.000
5349.671 -1.000
5324.825 -1.000
5299.978 -1.000
5268.294 -1.000
5189.875 -1.000
5111.455 -1.000
5033.036 -1.000
4955.264 -1.000
4878.048 -1.000
4800.833 -1.000
4723.618 -1.000
4647.013 -1.000
4570.442 -1.000
4493.870 -1.000
4416.605 -1.000
4338.092 -1.000
4259.580 -1.000
4181.067 -1.000
4103.554 -1.000
4026.343 -1.000
3949.132 -1.000
3872.048 -1.000
3795.550 -1.000
3719.053 -1.000
3642.555 -1.000
3564.940 -1.000
3486.542 -1.000
3408.144 -1.000
3329.746 -1.000
3252.160 -1.000
3174.575 -1.000
3096.990 -1.000
3019.503 -1.000
2942.160 -1.000
2864.817 -1.000
2787.475 -1.000
2746.667 -1.001
2713.973 -1.001
2681.279 -1.001
2674.343 -1.001
2754.449 -1.000
2834.555 -1.000
2914.661 -1.000
2993.230 -1.000
3070.930 -1.000
3148.630 -1.000
3226.361 -1.000
3304.709 -1.000
3383.057 -1.000
3461.405 -1.000
3538.914 -1.000
3615.431 -1.000
3691.948 -1.000
3768.465 -1.000
3845.253 -1.000
3922.081 -1.000
3998.909 -1.000
4076.296 -1.000
4155.129 -1.000
4233.961 -1.000
4312.794 -1.000
4389.853 -1.000
4466.110 -1.000
4542.368 -1.000
4618.760 -1.000
4696.378 -1.000
4773.995 -1.000
4851.613 -1.000
4929.405 -1.000
5007.366 -1.000
5085.327 -1.000
5163.289 -1.000
5239.736 -1.000
5316.050 -1.000
5392.364 -1.000
5423.011 -1.000
5360.550 -1.000
5298.089 -1.000
5235.629 -1.000
5161.938 -1.000
5084.284 -1.000
5006.629 -1.000
4928.807 -1.000
4850.022 -1.000
4771.237 -1.000
4692.452 -1.000
4614.521 -1.000
4537.262 -1.000
4460.003 -1.000
4382.745 -1.000
4306.570 -1.000
4230.429 -1.000
4154.288 -1.000
4077.034 -1.000
3997.959 -1.000
3918.885 -1.000
3839.810 -1.000
3762.606 -1.000
3685.901 -1.000
3609.196 -1.000
3532.550 -1.000
3456.141 -1.000
3379.732 -1.000
3303.323 -1.000
3225.236 -1.000
3146.075 -1.001
3066.914 -1.001
2987.808 -1.001
2911.431 -1.001
2835.055 -1.001
2758.678 -1.001
2720.253 -1.001
2732.177 -1.001
2744.102 -1.001
2756.027 -1.001
2823.940 -1.001
2902.528 -1.001
2981.116 -1.001
3059.328 -1.001
3136.412 -1.000
3213.495 -1.000
3290.579 -1.000
3368.089 -1.000
3445.819 -1.000
3523.549 -1.000
3601.211 -1.000
3677.979 -1.000
3754.747 -1.000
3831.515 -1.000
3908.544 -1.000
3985.857 -1.000
4063.170 -1.000
4140.482 -1.000
4218.690 -1.000
4297.008 -1.000
4375.326 -1.000
4453.126 -1.000
4529.718 -1.000
4606.311 -1.000
4682.904 -1.000
4760.364 -1.000
4838.179 -1.000
4915.993 -1.000
4993.773 -1.000
5071.304 -1.000
5148.835 -1.000
5226.366 -1.000
5282.365 -1.000
5319.309 -1.000
5356.253 -1.000
5393.197 -1.000
5320.032 -1.000
5239.911 -1.000
5159.790 -1.000
5080.707 -1.000
5003.543 -1.000
4926.380 -1.000
4849.216 -1.000
4771.710 -1.000
4694.097 -1.000
4616.484 -1.000
4538.815 -1.000
4460.873 -1.000
4382.931 -1.000
4304.990 -1.000
4227.608 -1.000
4150.630 -1.000
4073.653 -1.000
3996.675 -1.000
3919.329 -1.000
3841.980 -1.000
3764.630 -1.000
3687.172 -1.000
3609.550 -1.001
3531.928 -1.001
3454.306 -1.001
3377.016 -1.001
3299.803 -1.001
3222.590 -1.001
3145.369 -1.001
3068.124 -1.001
2990.878 -1.001
2913.632 -1.001
2836.972 -1.001
2760.654 -1.001
2684.336 -1.001
2614.273 -1.001
2689.408 -1.001
2764.544 -1.001
2839.680 -1.001
2916.624 -1.001
2995.765 -1.001
3074.907 -1.001
3154.048 -1.001
3230.884 -1.001
3307.350 -1.001
3383.815 -1.001
3460.473 -1.001
3537.650 -1.001
3614.826 -1.000
3692.003 -1.000
3769.704 -1.000
3847.650 -1.000
3925.596 -1.000
4003.432 -1.000
4080.176 -1.000
4156.920 -1.000
4233.664 -1.000
4310.900 -1.000
4388.626 -1.000
4466.352 -1.000
4544.077 -1.000
4621.671 -1.000
4699.251 -1.000
4776.832 -1.000
4854.371 -1.000
4931.822 -1.000
5009.273 -1.000
5086.724 -1.000
5164.143 -1.000
5241.551 -1.000
5318.959 -1.000
5380.712 -1.000
5347.895 -1.000
5315.078 -1.000
5282.261 -1.000
5224.080 -1.000
5145.321 -1.000
5066.562 -1.000
4987.803 -1.000
4910.521 -1.000
4833.297 -1.000
4756.073 -1.000
4678.772 -1.000
4601.343 -1.000
4523.914 -1.000
4446.484 -1.000
4369.153 -1.000
4291.849 -1.001
4214.545 -1.001
4137.203 -1.001
4059.702 -1.001
3982.202 -1.001
3904.701 -1.001
3827.154 -1.001
3749.578 -1.001
3672.002 -1.001
3594.430 -1.001
3517.252 -1.001
3440.073 -1.001
3362.894 -1.001
3285.842 -1.001
3208.962 -1.001
3132.081 -1.001
3055.201 -1.001
2977.268 -1.001
2899.123 -1.001
2820.978 -1.002
2759.756 -1.002
2751.329 -1.002
2742.902 -1.002
2734.475 -1.002
2783.942 -1.002
2864.200 -1.001
2944.457 -1.001
3024.546 -1.001
3102.135 -1.001
3179.725 -1.001
3257.314 -1.001
3334.368 -1.001
3410.824 -1.001
3487.281 -1.001
3563.737 -1.001
3641.838 -1.001
3720.156 -1.001
3798.473 -1.001
3876.688 -1.001
3954.654 -1.001
4032.619 -1.001
4110.585 -1.001
4187.418 -1.001
4263.773 -1.001
4340.128 -1.001
4416.637 -1.001
4494.354 -1.001
4572.071 -1.001
4649.788 -1.000
4727.658 -1.000
4805.669 -1.000
4883.680 -1.000
4961.691 -1.000
5038.098 -1.000
5114.390 -1.000
5190.682 -1.000
5258.186 -1.000
5308.891 -1.000
5359.595 -1.000
5410.299 -1.000
5362.503 -1.000
5282.488 -1.000
5202.473 -1.000
5122.586 -1.000
5043.358 -1.000
4964.130 -1.000
4884.902 -1.001
4807.264 -1.001
4730.807 -1.001
4654.351 -1.001
4577.894 -1.001
4500.989 -1.001
4424.076 -1.001
4347.164 -1.001
4269.302 -1.001
4189.978 -1.001
4110.655 -1.001
4031.332 -1.001
3954.332 -1.001
3877.900 -1.001
3801.467 -1.001
3724.851 -1.001
3647.562 -1.001
3570.273 -1.001
3492.984 -1.001
3415.515 -1.001
3337.936 -1.001
3260.358 -1.001
3182.804 -1.001
3105.949 -1.001
3029.095 -1.001
2952.241 -1.001
2875.076 -1.002
2797.524 -1.002
2719.971 -1.002
2642.418 -1.002
2629.974 -1.002
2628.638 -1.002
2627.302 -1.002
2626.389 -1.003
2626.655 -1.003
2626.921 -1.003
2627.187 -1.003
2626.937 -1.003
2626.437 -1.003
2625.938 -1.003
2625.515 -1.003
2625.921 -1.003
2626.328 -1.003
2626.734 -1.003
2626.865 -1.003
2626.714 -1.003
2626.562 -1.003
2626.411 -1.003
2626.436 -1.003
2626.479 -1.003
2626.522 -1.003
2626.552 -1.003
2626.555 -1.003
2626.557 -1.003
2626.559 -1.003
2626.566 -1.003
2626.574 -1.003
2626.583 -1.003
