3366.876 0.119
3310.206 0.114
3253.537 0.109
3196.867 0.104
3140.198 0.098
3083.458 0.091
3026.134 0.083
2968.811 0.075
2911.488 0.068
2854.165 0.062
2799.022 0.058
2751.807 0.055
2704.593 0.051
2657.378 0.048
2610.164 0.048
2597.073 0.050
2655.334 0.053
2713.595 0.055
2771.856 0.058
2830.116 0.062
2888.207 0.068
2946.072 0.073
3003.938 0.079
3061.804 0.085
3119.670 0.090
3177.350 0.095
3234.871 0.100
3292.393 0.104
3349.914 0.109
3407.436 0.113
3463.960 0.117
3519.941 0.121
3575.922 0.124
3631.903 0.128
3687.885 0.130
3744.309 0.131
3800.877 0.133
3857.445 0.135
3914.013 0.136
3970.581 0.139
4028.225 0.142
4086.040 0.144
4143.855 0.147
4201.670 0.149
4259.485 0.151
4315.490 0.152
4371.441 0.154
4427.392 0.155
4483.343 0.157
4539.342 0.160
4595.900 0.164
4652.459 0.167
4709.017 0.170
4765.576 0.174
4822.332 0.179
4879.954 0.183
4937.575 0.188
4995.197 0.193
5052.818 0.197
5109.965 0.201
5165.975 0.204
5221.985 0.208
5277.994 0.212
5334.004 0.211
5360.171 0.207
5341.938 0.203
5323.706 0.199
5305.473 0.196
5287.241 0.192
5248.966 0.187
5191.421 0.183
5133.876 0.179
5076.331 0.175
5018.785 0.171
4961.786 0.168
4905.124 0.164
4848.463 0.160
4791.801 0.157
4735.139 0.154
4678.821 0.151
4622.632 0.148
4566.443 0.145
4510.254 0.142
4454.065 0.139
4396.689 0.137
4339.076 0.135
4281.462 0.133
4223.849 0.131
4166.235 0.129
4109.520 0.126
4052.862 0.124
3996.204 0.122
3939.545 0.119
3882.912 0.117
3826.777 0.115
3770.642 0.113
3714.507 0.110
3658.372 0.108
3602.019 0.104
3544.489 0.101
3486.960 0.098
3429.431 0.094
3371.901 0.090
3314.530 0.084
3257.597 0.079
3200.664 0.073
3143.731 0.068
3086.798 0.063
3029.931 0.059
2973.176 0.055
2916.421 0.051
2859.666 0.047
2802.910 0.044
2761.895 0.042
2737.903 0.040
2713.912 0.037
2689.921 0.035
2665.930 0.037
2690.629 0.041
2749.412 0.044
2808.194 0.048
2866.977 0.052
2925.760 0.056
2983.313 0.061
3040.330 0.065
3097.347 0.070
3154.364 0.074
3211.381 0.079
3268.781 0.083
3326.274 0.087
3383.767 0.092
3441.260 0.096
3498.753 0.099
3555.020 0.102
3611.170 0.105
3667.319 0.108
3723.468 0.110
3779.622 0.112
3835.999 0.113
3892.377 0.114
3948.755 0.116
4005.133 0.117
4061.698 0.119
4119.546 0.120
4177.394 0.122
4235.242 0.123
4293.091 0.125
4350.494 0.128
4406.453 0.130
4462.412 0.133
4518.371 0.135
4574.330 0.138
4630.631 0.143
4687.588 0.147
4744.545 0.151
4801.501 0.155
4858.458 0.158
4915.528 0.160
4972.737 0.162
5029.946 0.165
5087.155 0.167
5144.364 0.169
5200.898 0.172
5256.898 0.174
5312.898 0.177
5368.898 0.179
5424.898 0.177
5413.008 0.174
5367.174 0.171
5321.340 0.168
5275.505 0.166
5229.671 0.162
5175.201 0.158
5118.217 0.154
5061.234 0.150
5004.250 0.147
4947.266 0.144
4889.551 0.141
4831.737 0.137
4773.924 0.134
4716.111 0.132
4658.297 0.129
4601.593 0.127
4544.899 0.125
4488.206 0.122
4431.513 0.120
4374.900 0.118
4319.027 0.116
4263.153 0.114
4207.280 0.112
4151.407 0.110
4095.091 0.108
4037.065 0.106
3979.039 0.104
3921.013 0.102
3862.987 0.100
3805.506 0.098
3749.219 0.096
3692.932 0.094
3636.645 0.092
3580.357 0.089
3524.162 0.085
3468.092 0.081
3412.022 0.077
3355.952 0.073
3299.882 0.069
3242.743 0.066
3184.654 0.063
3126.564 0.059
3068.475 0.056
3010.385 0.052
2953.598 0.048
2897.552 0.043
2841.506 0.039
2785.460 0.035
2729.414 0.034
2721.647 0.033
2730.398 0.032
2739.149 0.031
2747.899 0.031
2756.650 0.035
2807.125 0.039
2864.794 0.044
2922.463 0.048
2980.132 0.052
3037.801 0.056
3094.409 0.060
3150.974 0.065
3207.539 0.069
3264.104 0.073
3320.701 0.076
3377.740 0.080
3434.780 0.084
3491.819 0.087
3548.858 0.090
3605.773 0.093
3662.106 0.095
3718.439 0.097
3774.772 0.099
3831.106 0.100
3887.553 0.102
3944.286 0.103
4001.019 0.104
4057.752 0.105
4114.485 0.107
4171.507 0.108
4228.978 0.110
4286.448 0.112
4343.919 0.113
4401.390 0.115
4458.228 0.118
4514.432 0.120
4570.637 0.123
4626.842 0.125
4683.047 0.128
4739.796 0.130
4796.897 0.133
4853.998 0.136
4911.099 0.139
4968.200 0.143
5025.153 0.148
5082.046 0.153
5138.939 0.158
5195.833 0.162
5252.726 0.161
5285.092 0.160
5312.202 0.159
5339.312 0.158
5366.422 0.157
5393.532 0.154
5340.634 0.151
5281.840 0.148
5223.046 0.145
5164.252 0.142
5105.544 0.139
5048.920 0.136
4992.297 0.133
4935.673 0.130
4879.049 0.127
4822.377 0.125
4765.424 0.122
4708.470 0.120
4651.517 0.117
4594.563 0.115
4537.548 0.113
4480.354 0.111
4423.159 0.109
4365.964 0.107
4308.770 0.105
4251.832 0.103
4195.344 0.101
4138.857 0.099
4082.370 0.098
4025.883 0.096
3969.267 0.094
3912.507 0.092
3855.747 0.091
3798.987 0.089
3742.227 0.087
3685.352 0.084
3628.392 0.081
3571.432 0.078
3514.472 0.075
3457.512 0.073
3400.758 0.070
3344.098 0.068
3287.438 0.065
3230.778 0.062
3174.118 0.058
3117.439 0.054
3060.755 0.050
3004.071 0.046
2947.387 0.042
2890.704 0.039
2834.634 0.036
2778.630 0.033
2722.627 0.030
2666.624 0.027
2611.710 0.029
2666.846 0.030
2721.981 0.031
2777.117 0.033
2832.252 0.035
2887.734 0.039
2945.809 0.043
3003.884 0.048
3061.959 0.052
3120.034 0.056
3177.666 0.060
3233.777 0.064
3289.889 0.067
3346.000 0.071
3402.111 0.075
3458.396 0.078
3515.029 0.081
3571.662 0.084
3628.295 0.087
3684.928 0.089
3741.811 0.090
3799.008 0.091
3856.206 0.092
3913.404 0.094
3970.602 0.095
4027.316 0.096
4083.631 0.098
4139.947 0.099
4196.263 0.100
4252.579 0.102
4309.368 0.104
4366.404 0.105
4423.440 0.107
4480.476 0.109
4537.512 0.111
4594.467 0.114
4651.396 0.116
4708.326 0.118
4765.256 0.120
4822.186 0.123
4879.032 0.126
4935.867 0.129
4992.701 0.132
5049.536 0.135
5106.370 0.140
5163.174 0.145
5219.977 0.150
5276.780 0.154
5333.582 0.157
5383.248 0.154
5359.167 0.151
5335.085 0.149
5311.003 0.146
5286.922 0.142
5256.230 0.139
5198.436 0.135
5140.641 0.132
5082.847 0.128
5025.053 0.125
4967.601 0.123
4910.933 0.120
4854.265 0.117
4797.597 0.114
4740.929 0.112
4684.199 0.110
4627.380 0.108
4570.561 0.106
4513.742 0.104
4456.924 0.102
4400.153 0.101
4343.426 0.099
4286.700 0.097
4229.973 0.096
4173.246 0.094
4116.429 0.092
4059.558 0.091
4002.687 0.089
3945.816 0.087
3888.945 0.085
3832.033 0.083
3775.106 0.081
3718.180 0.079
3661.253 0.077
3604.327 0.075
3547.646 0.073
3491.011 0.071
3434.377 0.069
3377.742 0.066
3321.107 0.063
3264.681 0.060
3208.265 0.057
3151.849 0.053
3095.434 0.050
3038.963 0.046
2981.620 0.042
2924.276 0.038
2866.932 0.035
2809.588 0.032
2760.771 0.030
2754.587 0.028
2748.403 0.027
2742.220 0.025
2736.036 0.026
2747.716 0.029
2806.610 0.033
2865.504 0.036
2924.398 0.039
2983.291 0.043
3041.436 0.046
3098.373 0.050
3155.309 0.054
3212.245 0.058
3269.181 0.061
3325.709 0.064
3381.814 0.068
3437.919 0.071
3494.024 0.074
3550.129 0.077
3607.050 0.079
3664.521 0.081
3721.992 0.083
3779.462 0.086
3836.933 0.087
3894.221 0.088
3951.433 0.089
4008.646 0.090
4065.858 0.091
4123.070 0.092
4179.320 0.093
4235.350 0.095
4291.381 0.096
4347.411 0.098
4403.441 0.100
4460.393 0.102
4517.422 0.103
4574.452 0.105
4631.482 0.107
4688.518 0.110
4745.763 0.112
4803.009 0.114
4860.254 0.116
4917.499 0.119
4974.572 0.122
5030.556 0.125
5086.540 0.128
5142.524 0.131
5198.509 0.133
5249.891 0.135
5287.098 0.137
5324.306 0.139
5361.513 0.141
5398.721 0.140
5402.073 0.138
5343.357 0.135
5284.641 0.132
5225.925 0.130
5167.209 0.127
5108.759 0.124
5050.621 0.121
4992.482 0.118
4934.343 0.115
4876.205 0.112
4819.223 0.110
4763.118 0.108
4707.013 0.105
4650.908 0.103
4594.803 0.101
4538.472 0.100
4482.033 0.098
4425.593 0.096
4369.154 0.094
4312.714 0.093
4254.887 0.091
4196.679 0.090
4138.470 0.088
4080.262 0.087
4022.054 0.085
3965.737 0.084
3909.650 0.082
3853.563 0.081
3797.475 0.079
3741.388 0.078
