2.759 -3.151
3.038 -3.155
3.316 -3.159
3.595 -3.163
3.873 -3.162
4.152 -3.154
4.430 -3.146
4.709 -3.137
4.987 -3.132
5.266 -3.128
5.545 -3.124
5.823 -3.119
6.102 -3.110
6.380 -3.102
6.659 -3.094
6.937 -3.072
7.216 -3.043
7.494 -3.013
7.773 -2.985
8.052 -2.968
8.330 -2.951
8.609 -2.935
8.887 -2.908
9.166 -2.871
9.444 -2.833
9.723 -2.796
10.001 -2.740
10.280 -2.681
10.559 -2.623
10.837 -2.561
11.116 -2.490
11.394 -2.419
11.673 -2.348
11.951 -2.245
12.230 -2.128
12.508 -2.011
12.787 -1.899
13.066 -1.832
13.344 -1.765
13.623 -1.698
13.901 -1.632
14.180 -1.568
14.458 -1.504
14.737 -1.440
15.016 -1.353
15.294 -1.263
15.573 -1.174
15.851 -1.081
16.130 -0.983
16.408 -0.884
16.687 -0.786
16.965 -0.685
17.244 -0.583
17.523 -0.482
17.801 -0.373
18.080 -0.224
18.358 -0.075
18.637 0.073
18.915 0.189
19.194 0.278
19.472 0.367
19.751 0.457
20.030 0.577
20.308 0.699
20.587 0.821
20.865 0.917
21.144 0.972
21.422 1.027
21.701 1.082
21.979 1.137
22.258 1.192
22.537 1.247
22.815 1.301
23.094 1.349
23.372 1.396
23.651 1.444
23.929 1.485
24.208 1.523
24.486 1.561
24.765 1.599
25.044 1.627
25.322 1.655
25.601 1.684
25.879 1.708
26.158 1.727
26.436 1.747
26.715 1.766
26.993 1.775
27.272 1.783
27.551 1.790
27.829 1.794
28.108 1.788
28.386 1.782
28.665 1.776
28.943 1.753
29.222 1.722
29.500 1.691
29.779 1.660
30.058 1.641
30.336 1.621
30.615 1.601
30.893 1.597
31.172 1.610
31.450 1.622
31.729 1.635
32.007 1.671
32.286 1.711
32.565 1.750
32.843 1.793
33.122 1.844
33.400 1.895
33.679 1.947
33.957 2.003
34.236 2.062
34.515 2.121
34.793 2.179
35.072 2.233
35.350 2.286
35.629 2.340
35.907 2.403
36.186 2.473
36.464 2.543
36.743 2.614
37.022 2.665
37.300 2.714
37.579 2.763
37.857 2.820
38.136 2.890
38.414 2.960
38.693 3.030
38.971 3.126
39.250 3.230
39.529 3.335
39.807 3.432
40.086 3.494
40.364 3.557
40.643 3.620
40.921 3.682
41.200 3.745
41.478 3.808
41.757 3.870
42.036 3.917
42.314 3.963
42.593 4.009
42.871 4.049
43.150 4.083
43.428 4.116
43.707 4.150
43.985 4.180
44.264 4.209
44.543 4.238
44.821 4.266
45.100 4.287
45.378 4.307
45.657 4.328
45.935 4.347
46.214 4.363
46.492 4.380
46.771 4.397
47.050 4.409
47.328 4.422
47.607 4.434
47.885 4.437
48.164 4.429
48.442 4.421
48.721 4.412
48.999 4.389
49.278 4.364
49.557 4.339
49.835 4.312
50.114 4.278
50.392 4.245
50.671 4.212
50.949 4.184
51.228 4.159
51.506 4.134
51.785 4.113
52.064 4.138
52.342 4.163
52.621 4.189
52.899 4.222
53.178 4.264
53.456 4.306
53.735 4.347
54.014 4.397
54.292 4.447
54.571 4.497
54.849 4.549
55.128 4.603
55.406 4.657
55.685 4.712
55.963 4.760
56.242 4.806
56.521 4.852
56.799 4.898
57.078 4.949
57.356 4.999
57.635 5.049
57.913 5.101
58.192 5.156
58.470 5.210
58.749 5.264
59.028 5.339
59.306 5.414
59.585 5.489
59.863 5.557
60.142 5.611
60.420 5.665
60.699 5.720
60.977 5.787
61.256 5.858
61.535 5.929
61.813 5.995
62.092 6.041
62.370 6.087
62.649 6.133
62.927 6.174
63.206 6.212
63.484 6.249
63.763 6.287
64.042 6.312
64.320 6.337
64.599 6.362
64.877 6.387
65.156 6.412
65.434 6.437
65.713 6.462
65.991 6.477
66.270 6.490
66.549 6.502
66.827 6.515
67.106 6.527
67.384 6.540
67.663 6.552
67.941 6.559
68.220 6.563
68.498 6.568
68.777 6.570
69.056 6.554
69.334 6.537
69.613 6.520
69.891 6.502
70.170 6.481
70.448 6.460
70.727 6.439
71.005 6.400
71.284 6.358
71.563 6.316
71.841 6.283
72.120 6.270
72.398 6.258
72.677 6.245
72.955 6.262
73.234 6.291
73.513 6.321
73.791 6.352
74.070 6.398
74.348 6.444
74.627 6.490
74.905 6.534
75.184 6.575
75.462 6.617
75.741 6.659
76.020 6.693
76.298 6.726
76.577 6.760
76.855 6.796
77.134 6.838
77.412 6.880
77.691 6.921
77.969 6.970
78.248 7.020
78.527 7.070
78.805 7.120
79.084 7.170
79.362 7.220
79.641 7.270
79.919 7.325
80.198 7.384
80.476 7.442
80.755 7.501
81.034 7.580
81.312 7.659
81.591 7.739
81.869 7.803
82.148 7.845
82.426 7.887
82.705 7.929
82.983 7.971
83.262 8.012
83.541 8.054
83.819 8.093
84.098 8.123
84.376 8.152
84.655 8.181
84.933 8.205
85.212 8.226
85.490 8.247
85.769 8.268
86.048 8.284
86.326 8.301
86.605 8.318
86.883 8.334
87.162 8.351
87.440 8.368
87.719 8.385
87.997 8.391
88.276 8.395
88.555 8.399
88.833 8.401
89.112 8.397
89.390 8.393
89.669 8.388
89.947 8.379
90.226 8.366
90.504 8.353
90.783 8.339
91.062 8.301
91.340 8.264
91.619 8.226
91.897 8.190
92.176 8.157
92.454 8.124
92.733 8.090
93.012 8.091
93.290 8.095
93.569 8.099
93.847 8.114
94.126 8.151
94.404 8.189
94.683 8.227
94.961 8.267
95.240 8.309
95.519 8.351
95.797 8.394
96.076 8.444
96.354 8.494
96.633 8.544
96.911 8.590
97.190 8.632
97.468 8.673
97.747 8.715
98.026 8.757
98.304 8.799
98.583 8.841
98.861 8.884
99.140 8.930
99.418 8.976
99.697 9.022
99.975 9.068
100.254 9.114
100.533 9.160
100.811 9.207
101.090 9.262
101.368 9.316
101.647 9.370
101.925 9.440
102.204 9.519
102.482 9.598
102.761 9.678
103.040 9.715
103.318 9.753
103.597 9.790
103.875 9.825
104.154 9.854
104.432 9.883
104.711 9.912
104.989 9.938
105.268 9.963
105.547 9.988
105.825 10.012
106.104 10.033
106.382 10.054
106.661 10.075
106.939 10.091
107.218 10.103
107.496 10.116
107.775 10.128
108.054 10.136
108.332 10.145
108.611 10.153
108.889 10.159
109.168 10.164
109.446 10.168
109.725 10.172
110.003 10.165
110.282 10.157
110.561 10.148
110.839 10.135
111.118 10.110
111.396 10.085
111.675 10.060
111.953 10.023
112.232 9.981
112.511 9.940
112.789 9.900
113.068 9.879
113.346 9.858
113.625 9.837
113.903 9.838
114.182 9.859
114.460 9.880
114.739 9.901
115.018 9.941
115.296 9.983
115.575 10.025
115.853 10.068
116.132 10.114
116.410 10.160
116.689 10.206
116.967 10.252
117.246 10.298
117.525 10.344
117.803 10.388
118.082 10.426
118.360 10.464
118.639 10.501
118.917 10.541
119.196 10.583
119.474 10.625
119.753 10.667
120.032 10.713
120.310 10.759
120.589 10.804
120.867 10.850
121.146 10.896
121.424 10.942
121.703 10.988
121.981 11.044
122.260 11.103
122.539 11.161
122.817 11.220
123.096 11.278
123.374 11.337
123.653 11.395
123.931 11.441
124.210 11.479
124.488 11.516
124.767 11.554
125.046 11.583
125.324 11.612
125.603 11.641
125.881 11.665
126.160 11.682
126.438 11.699
126.717 11.715
126.995 11.732
127.274 11.749
127.553 11.765
127.831 11.781
128.110 11.794
128.388 11.806
128.667 11.819
128.945 11.828
129.224 11.837
129.502 11.845
129.781 11.853
130.060 11.848
130.338 11.844
130.617 11.840
130.895 11.832
131.174 11.819
131.452 11.807
131.731 11.794
132.010 11.767
132.288 11.737
132.567 11.708
132.845 11.675
133.124 11.633
133.402 11.591
133.681 11.549
133.959 11.529
134.238 11.516
134.517 11.504
134.795 11.492
135.074 11.483
135.352 11.475
135.631 11.467
135.909 11.458
136.188 11.450
136.466 11.442
136.745 11.433
137.024 11.429
137.302 11.425
137.581 11.420
137.859 11.418
138.138 11.418
138.416 11.418
138.695 11.418
138.973 11.411
139.252 11.403
139.531 11.395
139.809 11.388
140.088 11.388
140.366 11.388
140.645 11.388
140.923 11.385
141.202 11.381
141.480 11.377
141.759 11.373
