1.430 -3.151
1.432 -3.151
1.434 -3.152
1.436 -3.152
1.438 -3.153
1.440 -3.153
1.443 -3.154
1.447 -3.155
1.455 -3.155
1.463 -3.156
1.471 -3.156
1.479 -3.157
1.488 -3.157
1.496 -3.158
1.504 -3.158
1.512 -3.159
1.520 -3.160
1.528 -3.160
1.536 -3.161
1.544 -3.161
1.552 -3.162
1.560 -3.162
1.568 -3.163
1.577 -3.163
1.585 -3.164
1.593 -3.164
1.601 -3.165
1.609 -3.166
1.617 -3.165
1.625 -3.164
1.633 -3.163
1.641 -3.162
1.649 -3.161
1.658 -3.160
1.669 -3.158
1.736 -3.157
1.804 -3.156
1.872 -3.155
1.940 -3.154
2.007 -3.153
2.075 -3.152
2.143 -3.151
2.210 -3.150
2.278 -3.149
2.346 -3.148
2.414 -3.146
2.481 -3.145
2.549 -3.144
2.617 -3.143
2.684 -3.142
2.752 -3.141
2.820 -3.140
2.888 -3.139
2.955 -3.138
3.023 -3.137
3.091 -3.136
3.158 -3.135
3.226 -3.134
3.294 -3.134
3.362 -3.133
3.429 -3.133
3.497 -3.132
3.734 -3.132
4.046 -3.131
4.358 -3.131
4.669 -3.130
4.981 -3.130
5.293 -3.129
5.604 -3.128
5.916 -3.128
6.228 -3.127
6.539 -3.127
6.851 -3.126
7.163 -3.126
7.474 -3.125
7.786 -3.125
8.098 -3.124
8.409 -3.124
8.721 -3.123
9.033 -3.122
9.344 -3.122
9.656 -3.121
9.967 -3.121
10.279 -3.120
10.591 -3.119
10.902 -3.118
11.214 -3.116
11.526 -3.115
11.837 -3.114
12.201 -3.113
12.664 -3.112
13.128 -3.111
13.591 -3.110
14.055 -3.109
14.518 -3.108
14.982 -3.107
15.445 -3.105
15.909 -3.104
16.373 -3.103
16.836 -3.102
17.300 -3.101
17.763 -3.100
18.227 -3.099
18.690 -3.098
19.154 -3.097
19.617 -3.096
20.081 -3.094
20.544 -3.093
21.008 -3.092
21.471 -3.091
21.935 -3.089
22.399 -3.085
22.862 -3.081
23.326 -3.077
23.789 -3.073
24.253 -3.069
24.716 -3.065
25.364 -3.062
26.015 -3.058
26.665 -3.054
27.316 -3.050
27.967 -3.046
28.617 -3.042
29.268 -3.039
29.919 -3.035
30.569 -3.031
31.220 -3.027
31.871 -3.023
32.521 -3.019
33.172 -3.016
33.823 -3.012
34.473 -3.008
35.124 -3.004
35.775 -3.000
36.425 -2.996
37.076 -2.993
37.727 -2.989
38.378 -2.985
39.028 -2.983
39.679 -2.981
40.330 -2.979
40.980 -2.976
41.631 -2.974
42.282 -2.972
43.454 -2.970
44.937 -2.968
46.420 -2.965
47.903 -2.963
49.385 -2.961
50.868 -2.959
52.351 -2.957
53.834 -2.955
55.316 -2.952
56.799 -2.950
58.282 -2.948
59.765 -2.946
61.247 -2.944
62.730 -2.941
64.213 -2.939
65.695 -2.937
67.178 -2.935
68.661 -2.933
70.144 -2.930
71.626 -2.928
73.109 -2.926
74.592 -2.921
76.075 -2.917
77.557 -2.912
79.040 -2.907
80.523 -2.902
82.006 -2.897
83.983 -2.892
87.287 -2.887
90.592 -2.882
93.896 -2.877
97.200 -2.872
100.505 -2.867
103.809 -2.862
107.113 -2.857
110.418 -2.852
113.722 -2.847
117.026 -2.842
120.331 -2.838
123.635 -2.833
126.940 -2.828
130.244 -2.823
133.548 -2.818
136.853 -2.813
140.157 -2.808
143.461 -2.803
146.766 -2.798
150.070 -2.793
153.374 -2.787
156.679 -2.779
159.983 -2.771
163.288 -2.764
166.592 -2.756
169.896 -2.748
173.201 -2.741
178.718 -2.733
184.439 -2.725
190.160 -2.718
195.881 -2.710
201.603 -2.702
207.324 -2.695
213.045 -2.687
218.767 -2.679
224.488 -2.672
230.209 -2.664
235.930 -2.656
241.652 -2.649
247.373 -2.641
253.094 -2.633
258.815 -2.626
264.537 -2.618
270.258 -2.610
275.979 -2.602
281.700 -2.595
287.422 -2.587
293.143 -2.579
298.864 -2.570
304.585 -2.561
310.307 -2.551
316.028 -2.542
321.749 -2.533
327.471 -2.523
334.218 -2.514
341.773 -2.505
349.328 -2.495
356.883 -2.486
364.438 -2.477
371.993 -2.467
379.548 -2.458
387.103 -2.449
394.658 -2.439
402.213 -2.430
409.768 -2.421
417.323 -2.411
424.878 -2.402
432.433 -2.393
439.988 -2.383
447.544 -2.374
455.099 -2.365
462.654 -2.355
470.209 -2.346
477.764 -2.337
485.319 -2.327
492.874 -2.313
500.429 -2.298
507.984 -2.283
515.539 -2.267
523.094 -2.252
530.649 -2.237
538.365 -2.221
546.711 -2.206
555.056 -2.190
563.402 -2.175
571.748 -2.160
580.093 -2.144
588.439 -2.129
596.785 -2.114
605.130 -2.098
613.476 -2.083
621.822 -2.068
630.167 -2.052
638.513 -2.037
646.859 -2.022
655.204 -2.006
663.550 -1.991
671.896 -1.975
680.241 -1.960
688.587 -1.945
696.933 -1.929
705.278 -1.914
713.624 -1.902
721.970 -1.893
730.315 -1.884
738.661 -1.875
747.007 -1.866
755.352 -1.858
763.698 -1.849
772.110 -1.840
780.535 -1.831
788.959 -1.822
797.383 -1.814
805.808 -1.805
814.232 -1.796
822.656 -1.787
831.081 -1.778
839.505 -1.770
847.929 -1.761
856.354 -1.752
864.778 -1.743
873.202 -1.735
881.627 -1.726
890.051 -1.717
898.476 -1.708
906.900 -1.699
915.324 -1.691
923.749 -1.682
932.173 -1.673
940.597 -1.664
949.022 -1.656
957.446 -1.647
965.870 -1.639
974.295 -1.631
982.719 -1.622
991.143 -1.614
998.996 -1.605
1006.257 -1.597
1013.519 -1.589
1020.780 -1.580
1028.042 -1.572
1035.303 -1.564
1042.564 -1.555
1049.826 -1.547
1057.087 -1.538
1064.349 -1.530
1071.610 -1.522
1078.872 -1.513
1086.133 -1.505
1093.394 -1.496
1100.656 -1.488
1107.917 -1.480
1115.179 -1.471
1122.440 -1.463
1129.702 -1.454
1136.963 -1.446
1144.225 -1.438
1151.486 -1.427
1158.747 -1.415
1166.009 -1.403
1173.270 -1.392
1180.532 -1.380
1187.793 -1.368
1194.901 -1.356
1201.029 -1.345
1207.157 -1.333
1213.285 -1.321
1219.414 -1.309
1225.542 -1.298
1231.670 -1.286
1237.798 -1.274
1243.926 -1.262
1250.055 -1.251
1256.183 -1.239
1262.311 -1.227
1268.439 -1.215
1274.567 -1.204
1280.696 -1.192
1286.824 -1.180
1292.952 -1.168
1299.080 -1.156
1305.208 -1.145
1311.336 -1.133
1317.465 -1.121
1323.593 -1.109
1329.721 -1.096
1335.849 -1.083
1341.977 -1.070
1348.106 -1.057
1354.234 -1.044
1360.362 -1.032
1367.187 -1.019
1374.208 -1.006
1381.229 -0.993
1388.250 -0.980
1395.272 -0.967
1402.293 -0.954
1409.314 -0.941
1416.335 -0.928
1423.357 -0.915
1430.378 -0.902
1437.399 -0.889
1444.420 -0.876
1451.442 -0.864
1458.463 -0.851
1465.484 -0.838
1472.505 -0.825
1479.527 -0.812
1486.548 -0.799
1493.569 -0.786
1500.591 -0.773
1507.612 -0.760
1514.633 -0.747
1521.654 -0.734
1528.676 -0.720
1535.697 -0.707
1542.718 -0.693
1549.739 -0.680
1557.028 -0.667
1564.681 -0.653
1572.333 -0.640
1579.985 -0.627
1587.638 -0.613
1595.290 -0.600
1602.943 -0.587
1610.595 -0.573
1618.248 -0.560
1625.900 -0.547
1633.553 -0.533
1641.205 -0.520
1648.858 -0.507
1656.510 -0.493
1664.163 -0.480
1671.815 -0.467
1679.467 -0.453
1687.120 -0.440
1694.772 -0.427
1702.425 -0.413
1710.077 -0.400
1717.730 -0.382
1725.382 -0.363
1733.035 -0.343
1740.687 -0.324
1748.340 -0.304
1755.992 -0.285
1763.775 -0.265
1773.353 -0.246
1782.930 -0.226
1792.507 -0.207
1802.084 -0.187
1811.662 -0.168
1821.239 -0.148
1830.816 -0.129
1840.394 -0.109
1849.971 -0.090
1859.548 -0.070
1869.126 -0.051
1878.703 -0.031
1888.280 -0.012
1897.858 0.008
1907.435 0.027
1917.012 0.047
1926.590 0.066
1936.167 0.086
1945.744 0.105
1955.322 0.125
1964.899 0.142
1974.476 0.154
1984.053 0.166
1993.631 0.177
2003.208 0.189
2012.785 0.201
2022.363 0.212
2032.757 0.224
2043.483 0.236
2054.208 0.248
2064.933 0.259
2075.659 0.271
2086.384 0.283
2097.109 0.295
2107.835 0.306
2118.560 0.318
2129.285 0.330
2140.011 0.341
2150.736 0.353
2161.462 0.365
2172.187 0.377
2182.912 0.388
2193.638 0.400
2204.363 0.412
2215.088 0.424
2225.814 0.435
2236.539 0.447
2247.264 0.459
2257.990 0.474
2268.715 0.490
2279.440 0.506
2290.166 0.522
2300.891 0.538
2311.616 0.554
2320.236 0.570
2325.046 0.586
2329.856 0.602
2334.667 0.618
2339.477 0.634
2344.287 0.650
2349.097 0.666
2353.907 0.682
2358.717 0.698
2363.527 0.714
2368.337 0.730
2373.148 0.746
2377.958 0.762
2382.768 0.778
2387.578 0.794
2392.388 0.810
2397.198 0.826
2402.008 0.842
2406.819 0.858
2411.629 0.874
2416.439 0.890
2421.249 0.900
2426.059 0.908
2430.869 0.915
2435.679 0.922
2440.489 0.929
2445.300 0.937
2450.110 0.944
