2.759 0.001
3.054 0.009
3.349 0.018
3.644 0.026
3.939 0.034
4.234 0.042
4.529 0.050
4.825 0.058
5.120 0.066
5.415 0.074
5.710 0.082
6.005 0.089
6.300 0.094
6.595 0.100
6.890 0.109
7.185 0.122
7.480 0.134
7.775 0.147
8.070 0.159
8.365 0.171
8.660 0.183
8.956 0.202
9.251 0.226
9.546 0.250
9.841 0.276
10.136 0.311
10.431 0.346
10.726 0.381
11.021 0.420
11.316 0.459
11.611 0.500
11.906 0.544
12.201 0.592
12.496 0.641
12.791 0.689
13.087 0.731
13.382 0.774
13.677 0.817
13.972 0.858
14.267 0.899
14.562 0.940
14.857 0.975
15.152 0.996
15.447 1.018
15.742 1.039
16.037 1.045
16.332 1.050
16.627 1.056
16.922 1.073
17.218 1.099
17.513 1.126
17.808 1.154
18.103 1.186
18.398 1.217
18.693 1.250
18.988 1.328
19.283 1.420
19.578 1.514
19.873 1.587
20.168 1.627
20.463 1.666
20.758 1.707
21.053 1.731
21.349 1.756
21.644 1.781
21.939 1.751
22.234 1.685
22.529 1.619
22.824 1.556
23.119 1.506
23.414 1.456
23.709 1.405
24.004 1.360
24.299 1.317
24.594 1.274
24.889 1.232
25.184 1.193
25.480 1.153
25.775 1.115
26.070 1.085
26.365 1.056
26.660 1.026
26.955 1.001
27.250 0.979
27.545 0.957
27.840 0.935
28.135 0.914
28.430 0.892
28.725 0.871
29.020 0.851
29.315 0.830
29.611 0.809
29.906 0.784
30.201 0.754
30.496 0.724
30.791 0.694
31.086 0.662
31.381 0.629
31.676 0.597
31.971 0.554
32.266 0.506
32.561 0.459
32.856 0.416
33.151 0.381
33.447 0.345
33.742 0.310
34.037 0.312
34.332 0.316
34.627 0.320
34.922 0.344
35.217 0.384
35.512 0.424
35.807 0.465
36.102 0.502
36.397 0.540
36.692 0.579
36.987 0.619
37.282 0.659
37.578 0.700
37.873 0.740
38.168 0.777
38.463 0.814
38.758 0.852
39.053 0.876
39.348 0.901
39.643 0.927
39.938 0.941
40.233 0.949
40.528 0.957
40.823 0.968
41.118 0.988
41.413 1.008
41.709 1.029
42.004 1.070
42.299 1.116
42.594 1.163
42.889 1.212
43.184 1.267
43.479 1.321
43.774 1.376
44.069 1.433
44.364 1.490
44.659 1.548
44.954 1.581
45.249 1.600
45.544 1.620
45.840 1.621
46.135 1.570
46.430 1.518
46.725 1.467
47.020 1.420
47.315 1.373
47.610 1.327
47.905 1.283
48.200 1.241
48.495 1.199
48.790 1.158
49.085 1.125
49.380 1.091
49.675 1.057
49.971 1.028
50.266 1.001
50.561 0.974
50.856 0.949
51.151 0.927
51.446 0.905
51.741 0.883
52.036 0.865
52.331 0.848
52.626 0.831
52.921 0.808
53.216 0.781
53.511 0.754
53.806 0.726
54.102 0.694
54.397 0.662
54.692 0.631
54.987 0.599
55.282 0.567
55.577 0.536
55.872 0.499
56.167 0.452
56.462 0.405
56.757 0.359
57.052 0.335
57.347 0.312
57.642 0.288
57.937 0.285
58.233 0.295
58.528 0.306
58.823 0.323
59.118 0.367
59.413 0.411
59.708 0.455
60.003 0.495
60.298 0.535
60.593 0.574
60.888 0.613
61.183 0.651
61.478 0.689
61.773 0.727
62.069 0.761
62.364 0.795
62.659 0.829
62.954 0.855
63.249 0.876
63.544 0.897
63.839 0.916
64.134 0.929
64.429 0.941
64.724 0.954
65.019 0.980
65.314 1.009
65.609 1.038
65.904 1.074
66.200 1.117
66.495 1.160
66.790 1.204
67.085 1.253
67.380 1.303
67.675 1.353
67.970 1.404
68.265 1.456
68.560 1.509
68.855 1.544
69.150 1.543
69.445 1.542
69.740 1.540
70.035 1.498
70.331 1.453
70.626 1.408
70.921 1.363
71.216 1.318
71.511 1.274
71.806 1.230
72.101 1.191
72.396 1.151
72.691 1.112
72.986 1.079
73.281 1.049
73.576 1.018
73.871 0.989
74.166 0.963
74.462 0.937
74.757 0.911
75.052 0.892
75.347 0.873
75.642 0.855
75.937 0.836
76.232 0.817
76.527 0.798
76.822 0.777
77.117 0.750
77.412 0.722
77.707 0.694
78.002 0.664
78.297 0.633
78.593 0.602
78.888 0.569
79.183 0.534
79.478 0.498
79.773 0.463
80.068 0.419
80.363 0.375
80.658 0.332
80.953 0.307
81.248 0.291
81.543 0.275
81.838 0.271
82.133 0.299
82.428 0.327
82.724 0.356
83.019 0.397
83.314 0.440
83.609 0.483
83.904 0.523
84.199 0.560
84.494 0.598
84.789 0.635
85.084 0.671
85.379 0.707
85.674 0.743
85.969 0.777
86.264 0.811
86.559 0.845
86.855 0.873
87.150 0.890
87.445 0.906
87.740 0.923
88.035 0.935
88.330 0.947
88.625 0.959
88.920 0.983
89.215 1.018
89.510 1.053
89.805 1.089
90.100 1.134
90.395 1.180
90.690 1.225
90.986 1.273
91.281 1.323
91.576 1.372
91.871 1.424
92.166 1.480
92.461 1.536
92.756 1.592
93.051 1.563
93.346 1.534
93.641 1.504
93.936 1.462
94.231 1.412
94.526 1.361
94.822 1.313
95.117 1.271
95.412 1.228
95.707 1.186
96.002 1.148
96.297 1.111
96.592 1.075
96.887 1.042
97.182 1.015
97.477 0.988
97.772 0.961
98.067 0.936
98.362 0.911
98.657 0.887
98.953 0.867
99.248 0.849
99.543 0.831
99.838 0.813
100.133 0.793
100.428 0.772
100.723 0.752
101.018 0.723
101.313 0.693
101.608 0.664
101.903 0.633
102.198 0.602
102.493 0.571
102.788 0.539
103.084 0.498
103.379 0.456
103.674 0.415
103.969 0.378
104.264 0.342
104.559 0.306
104.854 0.282
105.149 0.280
105.444 0.278
105.739 0.276
106.034 0.317
106.329 0.362
106.624 0.408
106.919 0.449
107.215 0.488
107.510 0.527
107.805 0.566
108.100 0.605
108.395 0.644
108.690 0.683
108.985 0.719
109.280 0.753
109.575 0.788
109.870 0.820
110.165 0.847
110.460 0.875
110.755 0.902
111.050 0.912
111.346 0.922
111.641 0.931
111.936 0.945
112.231 0.962
112.526 0.979
112.821 1.001
113.116 1.043
113.411 1.085
113.706 1.127
114.001 1.171
114.296 1.216
114.591 1.262
114.886 1.310
115.181 1.364
115.477 1.418
115.772 1.472
116.067 1.509
116.362 1.546
116.657 1.583
116.952 1.561
117.247 1.507
117.542 1.452
117.837 1.399
118.132 1.350
118.427 1.301
118.722 1.251
119.017 1.209
119.312 1.168
119.608 1.127
119.903 1.090
120.198 1.058
120.493 1.026
120.788 0.995
121.083 0.969
121.378 0.943
121.673 0.917
121.968 0.895
122.263 0.876
122.558 0.856
122.853 0.837
123.148 0.822
123.444 0.806
123.739 0.791
124.034 0.765
124.329 0.739
124.624 0.714
124.919 0.685
125.214 0.654
125.509 0.624
125.804 0.593
126.099 0.562
126.394 0.530
126.689 0.499
126.984 0.455
127.279 0.406
127.575 0.358
127.870 0.321
128.165 0.302
128.460 0.283
128.755 0.264
129.050 0.285
129.345 0.306
129.640 0.328
129.935 0.364
130.230 0.409
130.525 0.454
130.820 0.498
131.115 0.535
131.410 0.572
131.706 0.609
132.001 0.649
132.296 0.691
132.591 0.733
132.886 0.770
133.181 0.801
133.476 0.831
133.771 0.861
134.066 0.875
134.361 0.889
134.656 0.903
134.951 0.916
135.246 0.929
135.541 0.941
135.837 0.959
136.132 0.991
136.427 1.024
136.722 1.056
137.017 1.094
137.312 1.132
137.607 1.170
137.902 1.214
138.197 1.264
138.492 1.315
138.787 1.366
139.082 1.424
139.377 1.482
139.672 1.540
139.968 1.544
140.263 1.524
140.558 1.504
140.853 1.478
141.148 1.436
141.443 1.395
141.738 1.353
142.033 1.306
142.328 1.258
142.623 1.211
142.918 1.166
143.213 1.125
143.508 1.083
143.803 1.043
144.099 1.014
144.394 0.984
144.689 0.955
144.984 0.930
145.279 0.907
145.574 0.885
145.869 0.864
146.164 0.846
146.459 0.829
146.754 0.811
147.049 0.791
147.344 0.771
147.639 0.751
147.934 0.727
148.230 0.699
148.525 0.672
148.820 0.644
149.115 0.615
149.410 0.586
149.705 0.557
150.000 0.519
