2.759 7.622
3.054 7.626
3.349 7.631
3.644 7.635
3.939 7.645
4.234 7.658
4.529 7.672
4.825 7.684
5.120 7.693
5.415 7.702
5.710 7.710
6.005 7.727
6.300 7.744
6.595 7.762
6.890 7.782
7.185 7.804
7.480 7.826
7.775 7.848
8.070 7.861
8.365 7.874
8.660 7.887
8.956 7.915
9.251 7.951
9.546 7.986
9.841 8.022
10.136 8.057
10.431 8.093
10.726 8.128
11.021 8.175
11.316 8.224
11.611 8.273
11.906 8.317
12.201 8.357
12.496 8.397
12.791 8.438
13.087 8.491
13.382 8.544
13.677 8.597
13.972 8.647
14.267 8.696
14.562 8.745
14.857 8.793
15.152 8.842
15.447 8.891
15.742 8.939
16.037 8.984
16.332 9.028
16.627 9.072
16.922 9.119
17.218 9.168
17.513 9.217
17.808 9.266
18.103 9.319
18.398 9.372
18.693 9.425
18.988 9.503
19.283 9.587
19.578 9.671
19.873 9.745
20.168 9.802
20.463 9.860
20.758 9.917
21.053 9.984
21.349 10.050
21.644 10.116
21.939 10.164
22.234 10.199
22.529 10.235
22.824 10.268
23.119 10.295
23.414 10.321
23.709 10.348
24.004 10.367
24.299 10.385
24.594 10.403
24.889 10.420
25.184 10.438
25.480 10.456
25.775 10.473
26.070 10.477
26.365 10.482
26.660 10.486
26.955 10.493
27.250 10.502
27.545 10.511
27.840 10.521
28.135 10.534
28.430 10.548
28.725 10.561
29.020 10.566
29.315 10.571
29.611 10.575
29.906 10.580
30.201 10.584
30.496 10.589
30.791 10.592
31.086 10.583
31.381 10.574
31.676 10.565
31.971 10.537
32.266 10.502
32.561 10.466
32.856 10.437
33.151 10.419
33.447 10.401
33.742 10.384
34.037 10.391
34.332 10.400
34.627 10.409
34.922 10.432
35.217 10.467
35.512 10.503
35.807 10.538
36.102 10.574
36.397 10.609
36.692 10.645
36.987 10.677
37.282 10.708
37.578 10.739
37.873 10.771
38.168 10.807
38.463 10.842
38.758 10.877
39.053 10.913
39.348 10.948
39.643 10.984
39.938 11.014
40.233 11.040
40.528 11.067
40.823 11.096
41.118 11.136
41.413 11.176
41.709 11.216
42.004 11.256
42.299 11.296
42.594 11.335
42.889 11.379
43.184 11.428
43.479 11.477
43.774 11.526
44.069 11.583
44.364 11.641
44.659 11.698
44.954 11.750
45.249 11.799
45.544 11.847
45.840 11.890
46.135 11.917
46.430 11.943
46.725 11.970
47.020 11.985
47.315 11.998
47.610 12.011
47.905 12.024
48.200 12.038
48.495 12.051
48.790 12.064
49.085 12.073
49.380 12.082
49.675 12.090
49.971 12.096
50.266 12.101
50.561 12.105
50.856 12.109
51.151 12.114
51.446 12.118
51.741 12.123
52.036 12.127
52.331 12.131
52.626 12.136
52.921 12.138
53.216 12.138
53.511 12.138
53.806 12.137
54.102 12.133
54.397 12.128
54.692 12.124
54.987 12.113
55.282 12.099
55.577 12.086
55.872 12.063
56.167 12.023
56.462 11.983
56.757 11.943
57.052 11.930
57.347 11.916
57.642 11.903
57.937 11.903
58.233 11.912
58.528 11.921
58.823 11.936
59.118 11.976
59.413 12.016
59.708 12.056
60.003 12.089
60.298 12.120
60.593 12.151
60.888 12.180
61.183 12.206
61.478 12.233
61.773 12.259
62.069 12.290
62.364 12.321
62.659 12.352
62.954 12.380
63.249 12.407
63.544 12.434
63.839 12.461
64.134 12.492
64.429 12.523
64.724 12.554
65.019 12.585
65.314 12.616
65.609 12.647
65.904 12.683
66.200 12.723
66.495 12.762
66.790 12.804
67.085 12.857
67.380 12.910
67.675 12.963
67.970 13.013
68.265 13.062
68.560 13.110
68.855 13.156
69.150 13.196
69.445 13.236
69.740 13.276
70.035 13.295
70.331 13.312
70.626 13.330
70.921 13.345
71.216 13.359
71.511 13.372
71.806 13.384
72.101 13.388
72.396 13.393
72.691 13.397
72.986 13.405
73.281 13.414
73.576 13.423
73.871 13.428
74.166 13.428
74.462 13.428
74.757 13.428
75.052 13.433
75.347 13.437
75.642 13.441
75.937 13.443
76.232 13.443
76.527 13.443
76.822 13.443
77.117 13.443
77.412 13.443
77.707 13.443
78.002 13.436
78.297 13.427
78.593 13.418
78.888 13.406
79.183 13.388
79.478 13.370
79.773 13.351
80.068 13.311
80.363 13.272
80.658 13.232
80.953 13.212
81.248 13.203
81.543 13.195
81.838 13.194
82.133 13.216
82.428 13.238
82.724 13.261
83.019 13.294
83.314 13.330
83.609 13.365
83.904 13.396
84.199 13.423
84.494 13.449
84.789 13.475
85.084 13.498
85.379 13.520
85.674 13.542
85.969 13.567
86.264 13.594
86.559 13.620
86.855 13.647
87.150 13.673
87.445 13.700
87.740 13.727
88.035 13.753
88.330 13.780
88.625 13.806
88.920 13.835
89.215 13.866
89.510 13.897
89.805 13.930
90.100 13.969
90.395 14.009
90.690 14.049
90.986 14.089
91.281 14.129
91.576 14.169
91.871 14.212
92.166 14.261
92.461 14.309
92.756 14.358
93.051 14.385
93.346 14.411
93.641 14.438
93.936 14.459
94.231 14.477
94.526 14.495
94.822 14.510
95.117 14.519
95.412 14.528
95.707 14.537
96.002 14.538
96.297 14.538
96.592 14.538
96.887 14.540
97.182 14.545
97.477 14.549
97.772 14.553
98.067 14.553
98.362 14.553
98.657 14.553
98.953 14.556
99.248 14.561
99.543 14.565
99.838 14.569
100.133 14.569
100.428 14.569
100.723 14.569
101.018 14.565
101.313 14.560
101.608 14.556
101.903 14.549
102.198 14.540
102.493 14.531
102.788 14.520
103.084 14.489
103.379 14.458
103.674 14.427
103.969 14.400
104.264 14.373
104.559 14.346
104.854 14.327
105.149 14.323
105.444 14.318
105.739 14.314
106.034 14.346
106.329 14.382
106.624 14.417
106.919 14.450
107.215 14.481
107.510 14.512
107.805 14.542
108.100 14.564
108.395 14.586
108.690 14.608
108.985 14.634
109.280 14.660
109.575 14.687
109.870 14.714
110.165 14.740
110.460 14.767
110.755 14.793
111.050 14.815
111.346 14.838
111.641 14.860
111.936 14.884
112.231 14.911
112.526 14.938
112.821 14.966
113.116 15.001
113.411 15.037
113.706 15.072
114.001 15.108
114.296 15.143
114.591 15.179
114.886 15.216
115.181 15.256
115.477 15.296
115.772 15.335
116.067 15.375
116.362 15.415
116.657 15.455
116.952 15.480
117.247 15.498
117.542 15.516
117.837 15.531
118.132 15.540
118.427 15.549
118.722 15.558
119.017 15.566
119.312 15.575
119.608 15.584
119.903 15.589
120.198 15.589
120.493 15.589
120.788 15.589
121.083 15.589
121.378 15.589
121.673 15.589
121.968 15.589
122.263 15.589
122.558 15.589
122.853 15.590
123.148 15.595
123.444 15.599
123.739 15.603
124.034 15.600
124.329 15.595
124.624 15.591
124.919 15.586
125.214 15.582
125.509 15.577
125.804 15.571
126.099 15.553
126.394 15.536
126.689 15.518
126.984 15.487
127.279 15.451
127.575 15.416
127.870 15.389
128.165 15.375
128.460 15.362
128.755 15.349
129.050 15.366
129.345 15.384
129.640 15.402
129.935 15.427
130.230 15.458
130.525 15.489
130.820 15.519
131.115 15.546
131.410 15.572
131.706 15.599
132.001 15.622
132.296 15.644
132.591 15.666
132.886 15.688
133.181 15.710
133.476 15.733
133.771 15.755
134.066 15.777
134.361 15.799
134.656 15.821
134.951 15.843
135.246 15.865
135.541 15.888
135.837 15.912
136.132 15.943
136.427 15.974
136.722 16.005
137.017 16.036
137.312 16.067
137.607 16.098
137.902 16.133
138.197 16.173
138.492 16.213
138.787 16.253
139.082 16.293
139.377 16.332
139.672 16.372
139.968 16.403
140.263 16.429
140.558 16.456
140.853 16.480
141.148 16.497
141.443 16.515
141.738 16.533
142.033 16.538
142.328 16.543
142.623 16.547
142.918 16.551
143.213 16.556
143.508 16.560
143.803 16.564
144.099 16.564
144.394 16.564
144.689 16.564
144.984 16.564
145.279 16.564
145.574 16.564
145.869 16.564
146.164 16.564
146.459 16.564
146.754 16.564
147.049 16.564
147.344 16.564
147.639 16.564
147.934 16.561
148.230 16.557
148.525 16.552
148.820 16.547
149.115 16.538
149.410 16.529
149.705 16.521
150.000 16.501
