2.558 -0.878
2.853 -0.873
3.149 -0.869
3.444 -0.864
3.740 -0.858
4.035 -0.851
4.331 -0.843
4.626 -0.836
4.922 -0.831
5.217 -0.826
5.513 -0.821
5.808 -0.816
6.104 -0.810
6.399 -0.804
6.695 -0.797
6.990 -0.790
7.286 -0.782
7.581 -0.775
7.877 -0.765
8.172 -0.756
8.467 -0.747
8.763 -0.738
9.058 -0.729
9.354 -0.720
9.649 -0.709
9.945 -0.695
10.240 -0.680
10.536 -0.666
10.831 -0.651
11.127 -0.635
11.422 -0.620
11.718 -0.595
12.013 -0.563
12.309 -0.530
12.604 -0.495
12.900 -0.446
13.195 -0.398
13.491 -0.349
13.786 -0.271
14.082 -0.183
14.377 -0.096
14.672 -0.002
14.968 0.101
15.263 0.205
15.559 0.308
15.854 0.371
16.150 0.433
16.445 0.496
16.741 0.616
17.036 0.772
17.332 0.928
17.627 1.071
17.923 1.175
18.218 1.279
18.514 1.383
18.809 1.497
19.105 1.612
19.400 1.727
19.696 1.843
19.991 1.958
20.286 2.073
20.582 2.190
20.877 2.321
21.173 2.452
21.468 2.583
21.764 2.726
22.059 2.873
22.355 3.021
22.650 3.190
22.946 3.407
23.241 3.623
23.537 3.840
23.832 3.983
24.128 4.121
24.423 4.258
24.719 4.398
25.014 4.540
25.310 4.682
25.605 4.817
25.901 4.919
26.196 5.021
26.491 5.123
26.787 5.205
27.082 5.280
27.378 5.355
27.673 5.426
27.969 5.488
28.264 5.550
28.560 5.612
28.855 5.660
29.151 5.709
29.446 5.758
29.742 5.804
30.037 5.848
30.333 5.893
30.628 5.934
30.924 5.965
31.219 5.996
31.515 6.027
31.810 6.039
32.105 6.048
32.401 6.057
32.696 6.068
32.992 6.081
33.287 6.094
33.583 6.107
33.878 6.116
34.174 6.125
34.469 6.134
34.765 6.118
35.060 6.091
35.356 6.065
35.651 6.030
35.947 5.976
36.242 5.923
36.538 5.870
36.833 5.862
37.129 5.858
37.424 5.853
37.720 5.878
38.015 5.927
38.310 5.976
38.606 6.026
38.901 6.083
39.197 6.141
39.492 6.199
39.788 6.267
40.083 6.338
40.379 6.409
40.674 6.474
40.970 6.532
41.265 6.589
41.561 6.647
41.856 6.723
42.152 6.798
42.447 6.873
42.743 6.954
43.038 7.039
43.334 7.123
43.629 7.208
43.924 7.297
44.220 7.385
44.515 7.474
44.811 7.574
45.106 7.676
45.402 7.778
45.697 7.886
45.993 8.002
46.288 8.117
46.584 8.234
46.879 8.367
47.175 8.500
47.470 8.633
47.766 8.756
48.061 8.876
48.357 8.996
48.652 9.104
48.948 9.188
49.243 9.272
49.539 9.357
49.834 9.416
50.129 9.474
50.425 9.531
50.720 9.582
51.016 9.626
51.311 9.670
51.607 9.713
51.902 9.749
52.198 9.784
52.493 9.820
52.789 9.852
53.084 9.883
53.380 9.914
53.675 9.941
53.971 9.963
54.266 9.986
54.562 10.007
54.857 10.007
55.153 10.007
55.448 10.007
55.743 10.007
56.039 10.007
56.334 10.007
56.630 10.006
56.925 10.002
57.221 9.997
57.516 9.993
57.812 9.962
58.107 9.926
58.403 9.891
58.698 9.853
58.994 9.814
59.289 9.774
59.585 9.735
59.880 9.713
60.176 9.691
60.471 9.669
60.767 9.684
61.062 9.715
61.358 9.746
61.653 9.782
61.948 9.826
62.244 9.870
62.539 9.915
62.835 9.963
63.130 10.012
63.426 10.061
63.721 10.124
64.017 10.199
64.312 10.275
64.608 10.347
64.903 10.405
65.199 10.462
65.494 10.520
65.790 10.592
66.085 10.667
66.381 10.742
66.676 10.814
66.972 10.881
67.267 10.947
67.562 11.014
67.858 11.098
68.153 11.182
68.449 11.267
68.744 11.359
69.040 11.457
69.335 11.554
69.631 11.655
69.926 11.766
70.222 11.877
70.517 11.988
70.813 12.098
71.108 12.209
71.404 12.320
71.699 12.416
71.995 12.496
72.290 12.576
72.586 12.653
72.881 12.706
73.177 12.759
73.472 12.813
73.767 12.856
74.063 12.896
74.358 12.936
74.654 12.973
74.949 13.004
75.245 13.035
75.540 13.066
75.836 13.093
76.131 13.120
76.427 13.146
76.722 13.166
77.018 13.179
77.313 13.192
77.609 13.204
77.904 13.208
78.200 13.213
78.495 13.217
78.791 13.211
79.086 13.202
79.381 13.193
79.677 13.185
79.972 13.176
80.268 13.167
80.563 13.158
80.859 13.127
81.154 13.096
81.450 13.065
81.745 13.028
82.041 12.988
82.336 12.948
82.632 12.908
82.927 12.868
83.223 12.828
83.518 12.788
83.814 12.814
84.109 12.849
84.405 12.885
84.700 12.924
84.996 12.969
85.291 13.013
85.586 13.057
85.882 13.102
86.177 13.146
86.473 13.190
86.768 13.241
87.064 13.294
87.359 13.347
87.655 13.409
87.950 13.489
88.246 13.569
88.541 13.649
88.837 13.703
89.132 13.757
89.428 13.810
89.723 13.866
90.019 13.923
90.314 13.981
90.610 14.041
90.905 14.112
91.200 14.183
91.496 14.254
91.791 14.338
92.087 14.427
92.382 14.516
92.678 14.610
92.973 14.712
93.269 14.814
93.564 14.916
93.860 15.022
94.155 15.129
94.451 15.235
94.746 15.319
95.042 15.390
95.337 15.461
95.633 15.525
95.928 15.569
96.224 15.614
96.519 15.658
96.815 15.691
97.110 15.722
97.405 15.753
97.701 15.780
97.996 15.802
98.292 15.824
98.587 15.846
98.883 15.873
99.178 15.900
99.474 15.926
99.769 15.943
100.065 15.957
100.360 15.970
100.656 15.980
100.951 15.985
101.247 15.989
101.542 15.994
101.838 15.981
102.133 15.968
102.429 15.955
102.724 15.944
103.019 15.935
103.315 15.926
103.610 15.913
103.906 15.882
104.201 15.851
104.497 15.820
104.792 15.786
105.088 15.750
105.383 15.715
105.679 15.681
105.974 15.650
106.270 15.619
106.565 15.589
106.861 15.616
107.156 15.643
107.452 15.669
107.747 15.704
108.043 15.744
108.338 15.784
108.634 15.824
108.929 15.864
109.224 15.904
109.520 15.944
109.815 15.991
110.111 16.040
110.406 16.089
110.702 16.148
110.997 16.219
111.293 16.290
111.588 16.361
111.884 16.432
112.179 16.503
112.475 16.574
112.770 16.626
113.066 16.670
113.361 16.714
113.657 16.765
113.952 16.827
114.248 16.889
114.543 16.951
114.838 17.030
115.134 17.110
115.429 17.189
115.725 17.279
116.020 17.377
116.316 17.474
116.611 17.573
116.907 17.675
117.202 17.777
117.498 17.879
117.793 17.956
118.089 18.027
118.384 18.098
118.680 18.158
118.975 18.202
119.271 18.246
119.566 18.290
119.862 18.317
120.157 18.343
120.453 18.370
120.748 18.394
121.043 18.416
121.339 18.438
121.634 18.461
121.930 18.488
122.225 18.515
122.521 18.541
122.816 18.556
123.112 18.569
123.407 18.583
123.703 18.589
123.998 18.589
124.294 18.589
124.589 18.588
124.885 18.570
125.180 18.552
125.476 18.534
125.771 18.523
126.067 18.514
126.362 18.505
126.657 18.492
126.953 18.470
127.248 18.448
127.544 18.425
127.839 18.382
128.135 18.338
128.430 18.294
128.726 18.254
129.021 18.219
129.317 18.183
129.612 18.161
129.908 18.196
130.203 18.232
130.499 18.267
130.794 18.306
131.090 18.346
131.385 18.386
131.681 18.426
131.976 18.466
132.272 18.506
132.567 18.546
132.862 18.599
133.158 18.652
133.453 18.706
133.749 18.767
134.044 18.834
134.340 18.900
134.635 18.966
134.931 19.028
135.226 19.090
135.522 19.152
135.817 19.222
136.113 19.293
136.408 19.364
136.704 19.424
136.999 19.472
137.295 19.521
137.590 19.573
137.886 19.653
138.181 19.733
138.476 19.813
138.772 19.905
139.067 20.003
139.363 20.100
139.658 20.196
139.954 20.290
140.249 20.383
140.545 20.476
140.840 20.543
141.136 20.610
141.431 20.676
141.727 20.730
142.022 20.775
142.318 20.819
142.613 20.859
142.909 20.881
143.204 20.903
143.500 20.926
143.795 20.951
144.091 20.978
144.386 21.005
144.681 21.026
144.977 21.039
145.272 21.052
145.568 21.066
145.863 21.079
146.159 21.092
146.454 21.105
146.750 21.110
147.045 21.110
147.341 21.110
147.636 21.107
147.932 21.093
148.227 21.080
148.523 21.067
148.818 21.053
149.114 21.040
149.409 21.027
149.705 21.009
150.000 20.987
