2.558 -0.012
2.853 -0.013
3.149 -0.013
3.444 -0.013
3.740 -0.013
4.035 -0.014
4.331 -0.014
4.626 -0.014
4.922 -0.014
5.217 -0.014
5.513 -0.014
5.808 -0.015
6.104 -0.015
6.399 -0.016
6.695 -0.016
6.990 -0.016
7.286 -0.016
7.581 -0.016
7.877 -0.017
8.172 -0.018
8.467 -0.018
8.763 -0.018
9.058 -0.019
9.354 -0.019
9.649 -0.019
9.945 -0.019
10.240 -0.019
10.536 -0.020
10.831 -0.020
11.127 -0.020
11.422 -0.020
11.718 -0.021
12.013 -0.022
12.309 -0.022
12.604 -0.023
12.900 -0.024
13.195 -0.025
13.491 -0.024
13.786 -0.023
14.082 -0.018
14.377 -0.011
14.672 -0.000
14.968 0.015
15.263 0.034
15.559 0.057
15.854 0.072
16.150 0.089
16.445 0.106
16.741 0.140
17.036 0.188
17.332 0.240
17.627 0.292
17.923 0.330
18.218 0.370
18.514 0.412
18.809 0.454
19.105 0.497
19.400 0.541
19.696 0.585
19.991 0.629
20.286 0.674
20.582 0.721
20.877 0.781
21.173 0.842
21.468 0.906
21.764 0.979
22.059 1.056
22.355 1.136
22.650 1.234
22.946 1.371
23.241 1.515
23.537 1.666
23.832 1.764
24.128 1.859
24.423 1.956
24.719 2.025
25.014 2.066
25.310 2.106
25.605 2.135
25.901 2.114
26.196 2.091
26.491 2.065
26.787 2.027
27.082 1.986
27.378 1.942
27.673 1.897
27.969 1.850
28.264 1.801
28.560 1.751
28.855 1.711
29.151 1.671
29.446 1.629
29.742 1.593
30.037 1.558
30.333 1.524
30.628 1.488
30.924 1.454
31.219 1.420
31.515 1.385
31.810 1.335
32.105 1.282
32.401 1.229
32.696 1.178
32.992 1.128
33.287 1.079
33.583 1.028
33.878 0.975
34.174 0.921
34.469 0.867
34.765 0.790
35.060 0.705
35.356 0.621
35.651 0.539
35.947 0.462
36.242 0.386
36.538 0.311
36.833 0.306
37.129 0.307
37.424 0.307
37.720 0.344
38.015 0.412
38.310 0.480
38.606 0.551
38.901 0.625
39.197 0.700
39.492 0.777
39.788 0.857
40.083 0.938
40.379 1.021
40.674 1.092
40.970 1.143
41.265 1.195
41.561 1.248
41.856 1.314
42.152 1.381
42.447 1.450
42.743 1.505
43.038 1.553
43.334 1.601
43.629 1.650
43.924 1.701
44.220 1.753
44.515 1.805
44.811 1.889
45.106 1.981
45.402 2.074
45.697 2.173
45.993 2.281
46.288 2.391
46.584 2.503
46.879 2.628
47.175 2.756
47.470 2.887
47.766 2.968
48.061 3.028
48.357 3.089
48.652 3.118
48.948 3.078
49.243 3.037
49.539 2.994
49.834 2.916
50.129 2.834
50.425 2.750
50.720 2.665
51.016 2.578
51.311 2.489
51.607 2.404
51.902 2.338
52.198 2.271
52.493 2.204
52.789 2.145
53.084 2.089
53.380 2.032
53.675 1.979
53.971 1.931
54.266 1.882
54.562 1.833
54.857 1.769
55.153 1.706
55.448 1.642
55.743 1.572
56.039 1.500
56.334 1.427
56.630 1.355
56.925 1.286
57.221 1.218
57.516 1.149
57.812 1.035
58.107 0.915
58.403 0.796
58.698 0.698
58.994 0.624
59.289 0.551
59.585 0.483
59.880 0.461
60.176 0.438
60.471 0.416
60.767 0.460
61.062 0.533
61.358 0.606
61.653 0.688
61.948 0.786
62.244 0.885
62.539 0.984
62.835 1.062
63.130 1.138
63.426 1.215
63.721 1.309
64.017 1.416
64.312 1.526
64.608 1.626
64.903 1.679
65.199 1.732
65.494 1.785
65.790 1.836
66.085 1.887
66.381 1.938
66.676 1.989
66.972 2.040
67.267 2.091
67.562 2.143
67.858 2.237
68.153 2.333
68.449 2.430
68.744 2.535
69.040 2.644
69.335 2.756
69.631 2.877
69.926 3.023
70.222 3.172
70.517 3.323
70.813 3.432
71.108 3.536
71.404 3.642
71.699 3.671
71.995 3.615
72.290 3.557
72.586 3.495
72.881 3.386
73.177 3.277
73.472 3.167
73.767 3.061
74.063 2.957
74.358 2.852
74.654 2.753
74.949 2.665
75.245 2.577
75.540 2.488
75.836 2.428
76.131 2.369
76.427 2.310
76.722 2.252
77.018 2.193
77.313 2.134
77.609 2.074
77.904 2.005
78.200 1.935
78.495 1.866
78.791 1.787
79.086 1.704
79.381 1.622
79.677 1.542
79.972 1.465
80.268 1.389
80.563 1.312
80.859 1.190
81.154 1.070
81.450 0.949
81.745 0.850
82.041 0.764
82.336 0.678
82.632 0.604
82.927 0.568
83.223 0.532
83.518 0.496
83.814 0.556
84.109 0.631
84.405 0.707
84.700 0.802
84.996 0.918
85.291 1.036
85.586 1.151
85.882 1.241
86.177 1.332
86.473 1.423
86.768 1.511
87.064 1.597
87.359 1.684
87.655 1.778
87.950 1.887
88.246 1.998
88.541 2.109
88.837 2.146
89.132 2.179
89.428 2.212
89.723 2.255
90.019 2.307
90.314 2.360
90.610 2.419
90.905 2.509
91.200 2.600
91.496 2.691
91.791 2.806
92.087 2.928
92.382 3.052
92.678 3.188
92.973 3.343
93.269 3.500
93.564 3.658
93.860 3.793
94.155 3.930
94.451 4.068
94.746 4.073
95.042 4.000
95.337 3.927
95.633 3.840
95.928 3.714
96.224 3.587
96.519 3.459
96.815 3.334
97.110 3.209
97.405 3.084
97.701 2.974
97.996 2.881
98.292 2.787
98.587 2.697
98.883 2.631
99.178 2.566
99.474 2.500
99.769 2.438
100.065 2.376
100.360 2.315
100.656 2.251
100.951 2.181
101.247 2.111
101.542 2.042
101.838 1.950
102.133 1.857
102.429 1.764
102.724 1.680
103.019 1.601
103.315 1.523
103.610 1.436
103.906 1.307
104.201 1.179
104.497 1.050
104.792 0.949
105.088 0.855
105.383 0.762
105.679 0.689
105.974 0.647
106.270 0.605
106.565 0.567
106.861 0.651
107.156 0.735
107.452 0.820
107.747 0.931
108.043 1.057
108.338 1.184
108.634 1.303
108.929 1.398
109.224 1.495
109.520 1.591
109.815 1.686
110.111 1.780
110.406 1.875
110.702 1.969
110.997 2.062
111.293 2.155
111.588 2.249
111.884 2.335
112.179 2.422
112.475 2.510
112.770 2.553
113.066 2.578
113.361 2.603
113.657 2.650
113.952 2.741
114.248 2.833
114.543 2.926
114.838 3.043
115.134 3.163
115.429 3.283
115.725 3.435
116.020 3.611
116.316 3.789
116.611 3.962
116.907 4.105
117.202 4.250
117.498 4.397
117.793 4.368
118.089 4.294
118.384 4.220
118.680 4.114
118.975 3.964
119.271 3.813
119.566 3.661
119.862 3.530
120.157 3.398
120.453 3.265
120.748 3.153
121.043 3.051
121.339 2.949
121.634 2.856
121.930 2.787
122.225 2.717
122.521 2.648
122.816 2.584
123.112 2.520
123.407 2.457
123.703 2.388
123.998 2.314
124.294 2.241
124.589 2.164
124.885 2.064
125.180 1.964
125.476 1.865
125.771 1.766
126.067 1.667
126.362 1.569
126.657 1.473
126.953 1.382
127.248 1.292
127.544 1.201
127.839 1.078
128.135 0.953
128.430 0.828
128.726 0.752
129.021 0.712
129.317 0.671
129.612 0.658
129.908 0.762
130.203 0.867
130.499 0.973
130.794 1.104
131.090 1.243
131.385 1.382
131.681 1.502
131.976 1.595
132.272 1.688
132.567 1.782
132.862 1.885
133.158 1.988
133.453 2.092
133.749 2.192
134.044 2.291
134.340 2.390
134.635 2.479
134.931 2.534
135.226 2.589
135.522 2.645
135.817 2.732
136.113 2.823
136.408 2.916
136.704 2.998
136.999 3.070
137.295 3.142
137.590 3.221
137.886 3.351
138.181 3.482
138.476 3.613
138.772 3.787
139.067 3.977
139.363 4.169
139.658 4.339
139.954 4.466
140.249 4.594
140.545 4.724
140.840 4.649
141.136 4.564
141.431 4.479
141.727 4.346
142.022 4.177
142.318 4.007
142.613 3.842
142.909 3.699
143.204 3.556
143.500 3.412
143.795 3.302
144.091 3.200
144.386 3.098
144.681 3.010
144.977 2.943
145.272 2.875
145.568 2.807
145.863 2.740
146.159 2.672
146.454 2.604
146.750 2.526
147.045 2.442
147.341 2.358
147.636 2.269
147.932 2.166
148.227 2.063
148.523 1.959
148.818 1.857
149.114 1.756
149.409 1.655
149.705 1.554
150.000 1.455
