2.217 -1.608
2.236 -1.606
2.255 -1.603
2.273 -1.601
2.292 -1.599
2.310 -1.597
2.329 -1.595
2.347 -1.592
2.492 -1.590
2.721 -1.588
2.951 -1.586
3.181 -1.583
3.411 -1.581
3.641 -1.579
3.871 -1.577
4.101 -1.574
4.331 -1.572
4.560 -1.570
4.790 -1.568
5.020 -1.565
5.250 -1.563
5.480 -1.561
5.710 -1.559
5.940 -1.557
6.169 -1.554
6.399 -1.552
6.629 -1.550
6.859 -1.548
7.089 -1.545
7.319 -1.543
7.549 -1.541
7.779 -1.538
8.008 -1.534
8.238 -1.531
8.468 -1.527
8.698 -1.523
8.928 -1.519
9.158 -1.515
9.388 -1.512
9.877 -1.508
10.405 -1.504
10.933 -1.500
11.461 -1.496
11.989 -1.492
12.517 -1.489
13.045 -1.485
13.573 -1.481
14.102 -1.477
14.630 -1.473
15.158 -1.470
15.686 -1.466
16.214 -1.462
16.742 -1.458
17.270 -1.454
17.798 -1.450
18.326 -1.447
18.854 -1.443
19.382 -1.439
19.910 -1.435
20.438 -1.431
20.966 -1.428
21.494 -1.424
22.022 -1.417
22.550 -1.408
23.079 -1.399
23.607 -1.390
24.135 -1.381
24.663 -1.372
25.191 -1.363
25.769 -1.355
26.644 -1.346
27.518 -1.337
28.392 -1.328
29.266 -1.319
30.141 -1.310
31.015 -1.301
31.889 -1.292
32.763 -1.283
33.638 -1.274
34.512 -1.265
35.386 -1.256
36.260 -1.247
37.135 -1.238
38.009 -1.229
38.883 -1.220
39.757 -1.211
40.632 -1.203
41.506 -1.194
42.380 -1.185
43.254 -1.176
44.129 -1.167
45.003 -1.158
45.877 -1.149
46.751 -1.141
47.626 -1.134
48.500 -1.127
49.374 -1.120
50.248 -1.113
51.123 -1.106
51.997 -1.099
53.561 -1.091
56.073 -1.084
58.586 -1.077
61.098 -1.070
63.610 -1.063
66.122 -1.056
68.635 -1.049
71.147 -1.041
73.659 -1.034
76.172 -1.027
78.684 -1.020
81.196 -1.013
83.708 -1.006
86.221 -0.999
88.733 -0.991
91.245 -0.984
93.757 -0.977
96.270 -0.970
98.782 -0.963
101.294 -0.956
103.807 -0.949
106.319 -0.941
108.831 -0.934
111.343 -0.927
113.856 -0.917
116.368 -0.907
118.880 -0.897
121.393 -0.887
123.905 -0.878
126.417 -0.868
128.929 -0.858
132.830 -0.848
137.335 -0.838
141.840 -0.828
146.346 -0.818
150.851 -0.809
155.356 -0.799
159.862 -0.789
164.367 -0.779
168.872 -0.769
173.377 -0.759
177.883 -0.749
182.388 -0.739
186.893 -0.730
191.399 -0.720
195.904 -0.710
200.409 -0.700
204.914 -0.690
209.420 -0.680
213.925 -0.670
218.430 -0.661
222.936 -0.651
227.441 -0.641
231.946 -0.631
236.451 -0.620
240.957 -0.608
245.462 -0.596
249.967 -0.584
254.473 -0.572
258.978 -0.560
263.483 -0.548
267.988 -0.536
273.639 -0.524
279.322 -0.512
285.006 -0.500
290.690 -0.488
296.373 -0.476
302.057 -0.464
307.741 -0.452
313.424 -0.440
319.108 -0.427
324.792 -0.415
330.475 -0.403
336.159 -0.391
341.842 -0.379
347.526 -0.367
353.210 -0.355
358.893 -0.343
364.577 -0.331
370.261 -0.319
375.944 -0.307
381.628 -0.295
387.312 -0.283
392.995 -0.271
398.679 -0.259
404.362 -0.243
410.046 -0.226
415.730 -0.209
421.413 -0.192
427.097 -0.175
432.781 -0.158
438.464 -0.141
444.384 -0.124
451.021 -0.107
457.659 -0.090
464.297 -0.073
470.935 -0.056
477.573 -0.039
484.211 -0.022
490.849 -0.005
497.486 0.012
504.124 0.029
510.762 0.046
517.400 0.063
524.038 0.080
530.676 0.097
537.313 0.114
543.951 0.131
550.589 0.148
557.227 0.165
563.865 0.183
570.503 0.200
577.141 0.217
583.778 0.234
590.416 0.251
597.054 0.268
603.692 0.278
610.330 0.287
616.968 0.297
623.605 0.306
630.243 0.316
636.881 0.326
643.519 0.335
650.488 0.345
657.760 0.354
665.031 0.364
672.303 0.373
679.575 0.383
686.846 0.393
694.118 0.402
701.390 0.412
708.661 0.421
715.933 0.431
723.205 0.440
730.477 0.450
737.748 0.459
745.020 0.469
752.292 0.479
759.563 0.488
766.835 0.498
774.107 0.507
781.378 0.517
788.650 0.526
795.922 0.536
803.194 0.545
810.465 0.555
817.737 0.567
825.009 0.588
832.280 0.609
839.552 0.630
846.824 0.651
854.095 0.672
861.367 0.693
868.639 0.714
875.918 0.735
883.200 0.756
890.481 0.777
897.762 0.798
905.044 0.819
912.325 0.841
919.607 0.862
926.888 0.883
934.169 0.904
941.451 0.925
948.732 0.946
956.013 0.967
963.295 0.988
970.576 1.009
977.858 1.030
985.139 1.051
992.420 1.072
999.702 1.093
1006.983 1.114
1014.264 1.135
1021.546 1.156
1028.827 1.177
1036.109 1.198
1043.390 1.215
1050.671 1.226
1057.953 1.237
1065.234 1.249
1072.515 1.260
1079.797 1.271
1087.078 1.282
1094.302 1.294
1100.797 1.305
1107.291 1.316
1113.786 1.328
1120.280 1.339
1126.774 1.350
1133.269 1.361
1139.763 1.373
1146.258 1.384
1152.752 1.395
1159.247 1.407
1165.741 1.418
1172.235 1.429
1178.730 1.440
1185.224 1.452
1191.719 1.463
1198.213 1.474
1204.708 1.486
1211.202 1.497
1217.696 1.508
1224.191 1.519
1230.685 1.531
1237.180 1.542
1243.674 1.553
1250.169 1.565
1256.663 1.577
1263.158 1.588
1269.652 1.600
1276.146 1.612
1282.641 1.624
1289.135 1.636
1294.833 1.647
1299.040 1.659
1303.247 1.671
1307.453 1.683
1311.660 1.694
1315.867 1.706
1320.074 1.718
1324.280 1.730
1328.487 1.742
1332.694 1.753
1336.901 1.765
1341.107 1.777
1345.314 1.789
1349.521 1.800
1353.728 1.812
1357.935 1.824
1362.141 1.836
1366.348 1.848
1370.555 1.859
1374.762 1.871
1378.968 1.883
1383.175 1.895
1387.382 1.906
1391.589 1.918
1395.795 1.931
1400.002 1.945
1404.209 1.958
1408.416 1.971
1412.623 1.984
1416.829 1.998
1421.036 2.011
1425.224 2.024
1429.400 2.037
1433.576 2.051
1437.752 2.064
1441.928 2.077
1446.104 2.090
1450.280 2.104
1454.456 2.117
1458.632 2.130
1462.808 2.143
1466.983 2.157
1471.159 2.170
1475.335 2.183
1479.511 2.196
1483.687 2.210
1487.863 2.223
1492.039 2.236
1496.215 2.249
1500.391 2.263
1504.567 2.276
1508.743 2.289
1512.919 2.302
1517.095 2.316
1521.271 2.331
1525.447 2.350
1529.623 2.370
1533.799 2.389
1537.975 2.408
1542.151 2.428
1546.327 2.447
1550.503 2.467
1556.645 2.486
1563.009 2.505
1569.373 2.525
1575.736 2.544
1582.100 2.564
1588.464 2.583
1594.827 2.602
1601.191 2.622
1607.554 2.641
1613.918 2.661
1620.282 2.680
1626.645 2.699
1633.009 2.719
1639.373 2.738
1645.736 2.758
1652.100 2.777
1658.463 2.797
1664.827 2.816
1671.191 2.835
1677.554 2.855
1683.918 2.874
1690.282 2.894
1696.645 2.913
1703.009 2.933
1709.372 2.952
1715.736 2.972
1722.100 2.992
1728.463 3.011
1734.827 3.031
1741.191 3.051
1747.892 3.070
1756.194 3.090
1764.496 3.110
1772.799 3.129
1781.101 3.149
1789.404 3.169
1797.706 3.188
1806.008 3.208
1814.311 3.228
1822.613 3.247
1830.915 3.267
1839.218 3.287
1847.520 3.306
1855.823 3.326
1864.125 3.346
1872.427 3.366
1880.730 3.385
1889.032 3.405
1897.334 3.425
1905.637 3.444
1913.939 3.464
1922.241 3.484
1930.544 3.503
1938.846 3.523
1947.149 3.540
1955.451 3.557
1963.753 3.573
1972.056 3.590
1980.358 3.606
1988.660 3.623
1996.963 3.640
2005.560 3.656
2014.520 3.673
2023.479 3.689
2032.438 3.706
2041.398 3.723
2050.357 3.739
2059.317 3.756
2068.276 3.772
2077.235 3.789
2086.195 3.806
2095.154 3.822
2104.113 3.839
2113.073 3.855
2122.032 3.872
2130.992 3.889
2139.951 3.905
2148.910 3.922
2157.870 3.938
2166.829 3.955
2175.788 3.972
2184.748 3.988
2193.707 4.005
2202.667 4.022
2211.626 4.038
2220.585 4.055
2229.545 4.071
2238.504 4.088
2247.463 4.105
2256.423 4.121
2265.382 4.138
2274.342 4.154
2280.939 4.171
2286.640 4.188
2292.340 4.204
2298.041 4.221
2303.741 4.237
2309.442 4.254
2315.142 4.271
2320.843 4.287
2326.543 4.304
2332.244 4.320
2337.944 4.337
2343.645 4.354
2349.345 4.370
2355.046 4.387
2360.746 4.403
2366.447 4.420
2372.147 4.437
2377.848 4.453
2383.548 4.470
2389.249 4.486
2394.949 4.503
2400.650 4.520
2406.350 4.536
2412.051 4.551
2417.751 4.563
2423.452 4.574
2429.152 4.586
2434.853 4.598
2440.553 4.609
2446.254 4.621
2451.954 4.633
