2.759 -1.608
3.046 -1.588
3.333 -1.569
3.620 -1.549
3.907 -1.522
4.194 -1.488
4.481 -1.455
4.768 -1.419
5.055 -1.341
5.343 -1.262
5.630 -1.183
5.917 -1.113
6.204 -1.050
6.491 -0.987
6.778 -0.922
7.065 -0.835
7.352 -0.748
7.639 -0.661
7.926 -0.563
8.213 -0.457
8.500 -0.350
8.787 -0.240
9.074 -0.090
9.361 0.061
9.648 0.211
9.935 0.321
10.222 0.405
10.510 0.489
10.797 0.587
11.084 0.773
11.371 0.958
11.658 1.144
11.945 1.274
12.232 1.373
12.519 1.473
12.806 1.573
13.093 1.677
13.380 1.781
13.667 1.885
13.954 1.997
14.241 2.114
14.528 2.231
14.815 2.358
15.102 2.530
15.389 2.701
15.677 2.872
15.964 3.045
16.251 3.218
16.538 3.392
16.825 3.559
17.112 3.706
17.399 3.852
17.686 3.999
17.973 4.145
18.260 4.292
18.547 4.438
18.834 4.573
19.121 4.677
19.408 4.780
19.695 4.883
19.982 4.967
20.269 5.044
20.556 5.122
20.844 5.197
21.131 5.265
21.418 5.334
21.705 5.403
21.992 5.465
22.279 5.525
22.566 5.586
22.853 5.643
23.140 5.695
23.427 5.747
23.714 5.798
24.001 5.843
24.288 5.886
24.575 5.929
24.862 5.970
25.149 6.009
25.436 6.048
25.723 6.087
26.011 6.110
26.298 6.132
26.585 6.153
26.872 6.170
27.159 6.178
27.446 6.187
27.733 6.196
28.020 6.185
28.307 6.172
28.594 6.159
28.881 6.140
29.168 6.115
29.455 6.089
29.742 6.063
30.029 6.094
30.316 6.128
30.603 6.163
30.890 6.209
31.178 6.269
31.465 6.330
31.752 6.390
32.039 6.463
32.326 6.536
32.613 6.609
32.900 6.683
33.187 6.756
33.474 6.829
33.761 6.902
34.048 6.993
34.335 7.083
34.622 7.174
34.909 7.257
35.196 7.335
35.483 7.412
35.770 7.490
36.058 7.572
36.345 7.654
36.632 7.736
36.919 7.825
37.206 7.919
37.493 8.014
37.780 8.110
38.067 8.222
38.354 8.334
38.641 8.446
38.928 8.583
39.215 8.738
39.502 8.893
39.789 9.040
40.076 9.113
40.363 9.186
40.650 9.260
40.937 9.333
41.225 9.406
41.512 9.479
41.799 9.551
42.086 9.611
42.373 9.671
42.660 9.732
42.947 9.783
43.234 9.831
43.521 9.878
43.808 9.923
44.095 9.958
44.382 9.992
44.669 10.027
44.956 10.061
45.243 10.096
45.530 10.130
45.817 10.164
46.104 10.194
46.392 10.224
46.679 10.254
46.966 10.278
47.253 10.300
47.540 10.321
47.827 10.337
48.114 10.337
48.401 10.337
48.688 10.337
48.975 10.337
49.262 10.337
49.549 10.337
49.836 10.331
50.123 10.305
50.410 10.279
50.697 10.253
50.984 10.227
51.271 10.201
51.559 10.175
51.846 10.165
52.133 10.191
52.420 10.217
52.707 10.243
52.994 10.293
53.281 10.349
53.568 10.405
53.855 10.464
54.142 10.529
54.429 10.593
54.716 10.658
55.003 10.734
55.290 10.811
55.577 10.889
55.864 10.965
56.151 11.038
56.438 11.111
56.726 11.184
57.013 11.250
57.300 11.314
57.587 11.379
57.874 11.445
58.161 11.514
58.448 11.583
58.735 11.652
59.022 11.729
59.309 11.806
59.596 11.884
59.883 11.969
60.170 12.064
60.457 12.158
60.744 12.253
61.031 12.360
61.318 12.468
61.606 12.575
61.893 12.677
62.180 12.772
62.467 12.867
62.754 12.961
63.041 13.022
63.328 13.083
63.615 13.143
63.902 13.195
64.189 13.238
64.476 13.281
64.763 13.324
65.050 13.358
65.337 13.393
65.624 13.427
65.911 13.457
66.198 13.483
66.485 13.509
66.773 13.534
67.060 13.560
67.347 13.586
67.634 13.612
67.921 13.635
68.208 13.657
68.495 13.678
68.782 13.699
69.069 13.708
69.356 13.716
69.643 13.725
69.930 13.728
70.217 13.728
70.504 13.728
70.791 13.728
71.078 13.724
71.365 13.719
71.652 13.715
71.940 13.692
72.227 13.657
72.514 13.623
72.801 13.590
73.088 13.569
73.375 13.547
73.662 13.526
73.949 13.538
74.236 13.568
74.523 13.598
74.810 13.632
75.097 13.679
75.384 13.726
75.671 13.774
75.958 13.830
76.245 13.890
76.532 13.951
76.819 14.013
77.107 14.082
77.394 14.151
77.681 14.220
77.968 14.285
78.255 14.350
78.542 14.415
78.829 14.477
79.116 14.533
79.403 14.589
79.690 14.645
79.977 14.704
80.264 14.765
80.551 14.825
80.838 14.889
81.125 14.962
81.412 15.035
81.699 15.108
81.986 15.188
82.274 15.270
82.561 15.352
82.848 15.437
83.135 15.527
83.422 15.618
83.709 15.708
83.996 15.784
84.283 15.857
84.570 15.931
84.857 15.995
85.144 16.042
85.431 16.090
85.718 16.137
86.005 16.177
86.292 16.216
86.579 16.255
86.866 16.290
87.153 16.320
87.441 16.350
87.728 16.381
88.015 16.403
88.302 16.425
88.589 16.446
88.876 16.466
89.163 16.483
89.450 16.500
89.737 16.518
90.024 16.531
90.311 16.544
90.598 16.557
90.885 16.566
91.172 16.570
91.459 16.574
91.746 16.579
92.033 16.575
92.321 16.571
92.608 16.566
92.895 16.558
93.182 16.545
93.469 16.532
93.756 16.519
94.043 16.481
94.330 16.442
94.617 16.403
94.904 16.377
95.191 16.364
95.478 16.352
95.765 16.340
96.052 16.374
96.339 16.409
96.626 16.443
96.913 16.487
97.200 16.538
97.488 16.590
97.775 16.642
98.062 16.693
98.349 16.745
98.636 16.797
98.923 16.856
99.210 16.921
99.497 16.985
99.784 17.049
100.071 17.105
100.358 17.161
100.645 17.217
100.932 17.270
101.219 17.322
101.506 17.374
101.793 17.426
102.080 17.482
102.367 17.538
102.655 17.594
102.942 17.658
103.229 17.727
103.516 17.796
103.803 17.866
104.090 17.944
104.377 18.021
104.664 18.099
104.951 18.182
105.238 18.268
105.525 18.354
105.812 18.436
106.099 18.496
106.386 18.556
106.673 18.616
106.960 18.662
107.247 18.700
107.534 18.739
107.822 18.775
108.109 18.801
108.396 18.827
108.683 18.853
108.970 18.879
109.257 18.904
109.544 18.930
109.831 18.955
110.118 18.976
110.405 18.998
110.692 19.020
110.979 19.038
111.266 19.055
111.553 19.072
111.840 19.088
112.127 19.101
112.414 19.114
112.701 19.127
112.989 19.130
113.276 19.130
113.563 19.130
113.850 19.127
114.137 19.118
114.424 19.110
114.711 19.101
114.998 19.074
115.285 19.044
115.572 19.014
115.859 18.983
116.146 18.948
116.433 18.914
116.720 18.879
117.007 18.871
117.294 18.866
117.581 18.862
117.869 18.874
118.156 18.913
118.443 18.952
118.730 18.991
119.017 19.045
119.304 19.101
119.591 19.157
119.878 19.213
120.165 19.269
120.452 19.325
120.739 19.381
121.026 19.437
121.313 19.493
121.600 19.549
121.887 19.603
122.174 19.654
122.461 19.706
122.748 19.758
123.036 19.805
123.323 19.853
123.610 19.900
123.897 19.952
124.184 20.008
124.471 20.064
124.758 20.120
125.045 20.188
125.332 20.257
125.619 20.326
125.906 20.397
126.193 20.471
126.480 20.544
126.767 20.617
127.054 20.690
127.341 20.763
127.628 20.837
127.915 20.896
128.203 20.943
128.490 20.991
128.777 21.037
129.064 21.072
129.351 21.106
129.638 21.141
129.925 21.168
130.212 21.189
130.499 21.211
130.786 21.232
131.073 21.254
131.360 21.275
131.647 21.297
131.934 21.313
132.221 21.326
132.508 21.339
132.795 21.351
133.082 21.360
133.370 21.368
133.657 21.377
133.944 21.386
134.231 21.394
134.518 21.403
134.805 21.409
135.092 21.405
135.379 21.401
135.666 21.397
135.953 21.386
136.240 21.373
136.527 21.361
136.814 21.345
137.101 21.319
137.388 21.293
137.675 21.268
137.962 21.236
138.249 21.201
138.537 21.167
138.824 21.137
139.111 21.124
139.398 21.111
139.685 21.098
139.972 21.089
140.259 21.080
140.546 21.071
140.833 21.063
141.120 21.054
141.407 21.046
141.694 21.037
141.981 21.028
142.268 21.020
142.555 21.011
142.842 21.004
143.129 20.999
143.416 20.995
143.704 20.991
143.991 20.983
144.278 20.974
144.565 20.966
144.852 20.959
145.139 20.954
145.426 20.950
145.713 20.946
146.000 20.941
