2.156 0.783
2.452 0.886
2.749 0.989
3.045 1.093
3.341 1.221
3.637 1.364
3.934 1.507
4.230 1.682
4.526 1.954
4.823 2.226
5.119 2.500
5.415 2.768
5.711 3.036
6.008 3.305
6.304 3.580
6.600 3.859
6.896 4.140
7.193 4.426
7.489 4.743
7.785 5.062
8.082 5.383
8.378 5.668
8.674 5.941
8.970 6.216
9.267 6.510
9.563 6.835
9.859 7.163
10.156 7.493
10.452 7.525
10.748 7.556
11.044 7.588
11.341 7.653
11.637 7.739
11.933 7.825
12.230 7.955
12.526 8.214
12.822 8.476
13.118 8.739
13.415 9.042
13.711 9.353
14.007 9.666
14.304 10.009
14.600 10.383
14.896 10.759
15.192 11.136
15.489 11.515
15.785 11.897
16.081 12.282
16.377 12.669
16.674 13.058
16.970 13.451
17.266 13.564
17.563 13.197
17.859 12.827
18.155 12.454
18.451 12.081
18.748 11.705
19.044 11.328
19.340 10.971
19.637 10.625
19.933 10.278
20.229 9.945
20.525 9.659
20.822 9.372
21.118 9.084
21.414 8.832
21.711 8.584
22.007 8.335
22.303 8.126
22.599 7.956
22.896 7.786
23.192 7.620
23.488 7.492
23.784 7.363
24.081 7.234
24.377 7.105
24.673 6.976
24.970 6.846
25.266 6.657
25.562 6.367
25.858 6.077
26.155 5.786
26.451 5.409
26.747 5.031
27.044 4.653
27.340 4.363
27.636 4.127
27.932 3.891
28.229 3.664
28.525 3.460
28.821 3.256
29.118 3.052
29.414 2.887
29.710 2.727
30.006 2.568
30.303 2.593
30.599 2.806
30.895 3.020
31.191 3.241
31.488 3.517
31.784 3.794
32.080 4.070
32.377 4.365
32.673 4.666
32.969 4.969
33.265 5.260
33.562 5.530
33.858 5.802
34.154 6.074
34.451 6.241
34.747 6.408
35.043 6.575
35.339 6.676
35.636 6.737
35.932 6.798
36.228 6.863
36.525 6.943
36.821 7.023
37.117 7.103
37.413 7.281
37.710 7.475
38.006 7.669
38.302 7.934
38.599 8.272
38.895 8.613
39.191 8.938
39.487 9.131
39.784 9.325
40.080 9.519
40.376 9.777
40.672 10.058
40.969 10.340
41.265 10.465
41.561 10.320
41.858 10.173
42.154 10.026
42.450 9.741
42.746 9.454
43.043 9.166
43.339 8.901
43.635 8.651
43.932 8.400
44.228 8.156
44.524 7.937
44.820 7.718
45.117 7.499
45.413 7.302
45.709 7.108
46.006 6.915
46.302 6.740
46.598 6.586
46.894 6.431
47.191 6.280
47.487 6.160
47.783 6.040
48.079 5.921
48.376 5.804
48.672 5.688
48.968 5.572
49.265 5.412
49.561 5.175
49.857 4.938
50.153 4.701
50.450 4.501
50.746 4.302
51.042 4.103
51.339 3.855
51.635 3.575
51.931 3.296
52.227 3.033
52.524 2.825
52.820 2.617
53.116 2.409
53.413 2.279
53.709 2.161
54.005 2.042
54.301 2.082
54.598 2.284
54.894 2.487
55.190 2.695
55.487 2.946
55.783 3.198
56.079 3.450
56.375 3.718
56.672 3.992
56.968 4.266
57.264 4.526
57.560 4.762
57.857 4.999
58.153 5.236
58.449 5.393
58.746 5.550
59.042 5.707
59.338 5.799
59.634 5.850
59.931 5.902
60.227 5.955
60.523 6.012
60.820 6.069
61.116 6.126
61.412 6.286
61.708 6.463
62.005 6.641
62.301 6.823
62.597 7.011
62.894 7.200
63.190 7.395
63.486 7.642
63.782 7.890
64.079 8.138
64.375 8.472
64.671 8.837
64.967 9.204
65.264 9.370
65.560 9.183
65.856 8.996
66.153 8.808
66.449 8.571
66.745 8.332
67.041 8.093
67.338 7.859
67.634 7.627
67.930 7.395
68.227 7.170
68.523 6.965
68.819 6.760
69.115 6.555
69.412 6.398
69.708 6.248
70.004 6.098
70.301 5.952
70.597 5.812
70.893 5.672
71.189 5.534
71.486 5.416
71.782 5.298
72.078 5.180
72.374 5.093
72.671 5.017
72.967 4.941
73.263 4.835
73.560 4.678
73.856 4.520
74.152 4.363
74.448 4.138
74.745 3.914
75.041 3.689
75.337 3.459
75.634 3.225
75.930 2.992
76.226 2.765
76.522 2.559
76.819 2.353
77.115 2.148
77.411 2.030
77.708 1.927
78.004 1.824
78.300 1.861
78.596 2.046
78.893 2.232
79.189 2.423
79.485 2.666
79.782 2.910
80.078 3.153
80.374 3.408
80.670 3.668
80.967 3.928
81.263 4.173
81.559 4.389
81.855 4.606
82.152 4.823
82.448 4.979
82.744 5.135
83.041 5.290
83.337 5.376
83.633 5.416
83.929 5.457
84.226 5.501
84.522 5.557
84.818 5.612
85.115 5.668
85.411 5.815
85.707 5.977
86.003 6.139
86.300 6.305
86.596 6.477
86.892 6.648
87.189 6.824
87.485 7.029
87.781 7.235
88.077 7.442
88.374 7.694
88.670 7.964
88.966 8.234
89.262 8.383
89.559 8.315
89.855 8.247
90.151 8.178
90.448 7.967
90.744 7.752
91.040 7.537
91.336 7.319
91.633 7.099
91.929 6.879
92.225 6.664
92.522 6.466
92.818 6.268
93.114 6.070
93.410 5.921
93.707 5.779
94.003 5.637
94.299 5.505
94.596 5.384
94.892 5.263
95.188 5.145
95.484 5.056
95.781 4.968
96.077 4.879
96.373 4.786
96.669 4.693
96.966 4.599
97.262 4.487
97.558 4.341
97.855 4.195
98.151 4.048
98.447 3.845
98.743 3.642
99.040 3.439
99.336 3.226
99.632 3.006
99.929 2.787
100.225 2.572
100.521 2.375
100.817 2.178
101.114 1.982
101.410 1.876
101.706 1.786
102.003 1.697
102.299 1.735
102.595 1.913
102.891 2.090
103.188 2.274
103.484 2.517
103.780 2.760
104.077 3.004
104.373 3.253
104.669 3.504
104.965 3.756
105.262 3.988
105.558 4.182
105.854 4.376
106.150 4.569
106.447 4.712
106.743 4.854
107.039 4.996
107.336 5.078
107.632 5.119
107.928 5.161
108.224 5.203
108.521 5.247
108.817 5.291
109.113 5.335
109.410 5.468
109.706 5.617
110.002 5.766
110.298 5.923
110.595 6.087
110.891 6.252
111.187 6.421
111.484 6.628
111.780 6.836
112.076 7.045
112.372 7.277
112.669 7.517
112.965 7.757
113.261 7.889
113.557 7.822
113.854 7.755
114.150 7.688
114.446 7.477
114.743 7.263
115.039 7.048
115.335 6.833
115.631 6.618
115.928 6.403
116.224 6.198
116.520 6.032
116.817 5.866
117.113 5.700
117.409 5.561
117.705 5.427
118.002 5.292
118.298 5.169
118.594 5.059
118.891 4.948
119.187 4.840
119.483 4.753
119.779 4.666
120.076 4.579
120.372 4.493
120.668 4.408
120.965 4.322
121.261 4.216
121.557 4.072
121.853 3.929
122.150 3.785
122.446 3.603
122.742 3.421
123.038 3.240
123.335 3.036
123.631 2.817
123.927 2.599
124.224 2.388
124.520 2.201
124.816 2.015
125.112 1.829
125.409 1.741
125.705 1.670
126.001 1.599
126.298 1.652
126.594 1.840
126.890 2.029
127.186 2.223
127.483 2.457
127.779 2.690
128.075 2.924
128.372 3.155
128.668 3.385
128.964 3.616
129.260 3.836
129.557 4.037
129.853 4.238
130.149 4.440
130.445 4.564
130.742 4.687
131.038 4.810
131.334 4.882
131.631 4.920
131.927 4.958
132.223 5.000
132.519 5.056
132.816 5.112
133.112 5.168
133.408 5.295
133.705 5.434
134.001 5.574
134.297 5.720
134.593 5.875
134.890 6.029
135.186 6.188
135.482 6.384
135.779 6.580
136.075 6.776
136.371 7.009
136.667 7.258
136.964 7.507
137.260 7.634
137.556 7.531
137.852 7.429
138.149 7.326
138.445 7.117
138.741 6.905
139.038 6.692
139.334 6.494
139.630 6.306
139.926 6.117
140.223 5.934
140.519 5.769
140.815 5.604
141.112 5.439
141.408 5.308
141.704 5.183
142.000 5.058
142.297 4.944
142.593 4.840
142.889 4.737
143.186 4.635
143.482 4.552
143.778 4.468
144.074 4.385
144.371 4.297
144.667 4.208
144.963 4.118
145.260 4.013
145.556 3.881
145.852 3.749
146.148 3.617
146.445 3.435
146.741 3.252
147.037 3.068
147.333 2.869
147.630 2.659
147.926 2.450
148.222 2.248
148.519 2.071
148.815 1.895
149.111 1.718
149.407 1.636
149.704 1.571
150.000 1.505
