2.156 45.989
2.452 46.033
2.749 46.077
3.045 46.121
3.341 46.166
3.637 46.210
3.934 46.254
4.230 46.309
4.526 46.398
4.823 46.486
5.119 46.575
5.415 46.663
5.711 46.752
6.008 46.840
6.304 46.929
6.600 47.017
6.896 47.106
7.193 47.200
7.489 47.332
7.785 47.465
8.082 47.598
8.378 47.731
8.674 47.863
8.970 47.996
9.267 48.162
9.563 48.383
9.859 48.604
10.156 48.825
10.452 48.958
10.748 49.091
11.044 49.224
11.341 49.356
11.637 49.489
11.933 49.622
12.230 49.765
12.526 49.942
12.822 50.119
13.118 50.296
13.415 50.473
13.711 50.650
14.007 50.827
14.304 51.004
14.600 51.181
14.896 51.358
15.192 51.540
15.489 51.762
15.785 51.983
16.081 52.204
16.377 52.458
16.674 52.724
16.970 52.989
17.266 53.222
17.563 53.399
17.859 53.576
18.155 53.753
18.451 53.885
18.748 54.018
19.044 54.151
19.340 54.284
19.637 54.416
19.933 54.549
20.229 54.671
20.525 54.759
20.822 54.848
21.118 54.936
21.414 54.986
21.711 55.030
22.007 55.075
22.303 55.141
22.599 55.229
22.896 55.318
23.192 55.401
23.488 55.445
23.784 55.489
24.081 55.534
24.377 55.578
24.673 55.622
24.970 55.666
25.266 55.711
25.562 55.755
25.858 55.799
26.155 55.843
26.451 55.843
26.747 55.843
27.044 55.843
27.340 55.816
27.636 55.772
27.932 55.728
28.229 55.694
28.525 55.694
28.821 55.694
29.118 55.694
29.414 55.656
29.710 55.611
30.006 55.567
30.303 55.567
30.599 55.611
30.895 55.655
31.191 55.694
31.488 55.694
31.784 55.694
32.080 55.694
32.377 55.760
32.673 55.848
32.969 55.937
33.265 56.025
33.562 56.114
33.858 56.202
34.154 56.291
34.451 56.379
34.747 56.468
35.043 56.556
35.339 56.645
35.636 56.733
35.932 56.822
36.228 56.910
36.525 56.999
36.821 57.087
37.117 57.176
37.413 57.264
37.710 57.353
38.006 57.441
38.302 57.573
38.599 57.750
38.895 57.927
39.191 58.094
39.487 58.182
39.784 58.271
40.080 58.359
40.376 58.480
40.672 58.613
40.969 58.746
41.265 58.879
41.561 59.011
41.858 59.144
42.154 59.277
42.450 59.366
42.746 59.454
43.043 59.542
43.339 59.631
43.635 59.719
43.932 59.808
44.228 59.886
44.524 59.930
44.820 59.974
45.117 60.018
45.413 60.063
45.709 60.107
46.006 60.151
46.302 60.195
46.598 60.240
46.894 60.284
47.191 60.323
47.487 60.323
47.783 60.323
48.079 60.323
48.376 60.356
48.672 60.400
48.968 60.444
49.265 60.472
49.561 60.472
49.857 60.472
50.153 60.472
50.450 60.428
50.746 60.384
51.042 60.340
51.339 60.323
51.635 60.323
51.931 60.323
52.227 60.312
52.524 60.268
52.820 60.224
53.116 60.179
53.413 60.135
53.709 60.091
54.005 60.047
54.301 60.024
54.598 60.024
54.894 60.024
55.190 60.029
55.487 60.074
55.783 60.118
56.079 60.162
56.375 60.206
56.672 60.251
56.968 60.295
57.264 60.355
57.560 60.444
57.857 60.532
58.153 60.621
58.449 60.665
58.746 60.710
59.042 60.754
59.338 60.825
59.634 60.914
59.931 61.002
60.227 61.080
60.523 61.124
60.820 61.169
61.116 61.213
61.412 61.295
61.708 61.384
62.005 61.472
62.301 61.561
62.597 61.649
62.894 61.738
63.190 61.826
63.486 61.915
63.782 62.003
64.079 62.092
64.375 62.245
64.671 62.422
64.967 62.599
65.264 62.728
65.560 62.772
65.856 62.816
66.153 62.861
66.449 62.949
66.745 63.037
67.041 63.126
67.338 63.187
67.634 63.231
67.930 63.275
68.227 63.320
68.523 63.364
68.819 63.408
69.115 63.452
69.412 63.497
69.708 63.541
70.004 63.585
70.301 63.608
70.597 63.608
70.893 63.608
71.189 63.613
71.486 63.657
71.782 63.701
72.078 63.745
72.374 63.757
72.671 63.757
72.967 63.757
73.263 63.757
73.560 63.757
73.856 63.757
74.152 63.757
74.448 63.713
74.745 63.669
75.041 63.625
75.337 63.581
75.634 63.536
75.930 63.492
76.226 63.448
76.522 63.404
76.819 63.359
77.115 63.315
77.411 63.271
77.708 63.227
78.004 63.183
78.300 63.160
78.596 63.160
78.893 63.160
79.189 63.165
79.485 63.209
79.782 63.253
80.078 63.297
80.374 63.374
80.670 63.463
80.967 63.551
81.263 63.624
81.559 63.668
81.855 63.712
82.152 63.756
82.448 63.801
82.744 63.845
83.041 63.889
83.337 63.933
83.633 63.978
83.929 64.022
84.226 64.077
84.522 64.165
84.818 64.253
85.115 64.342
85.411 64.392
85.707 64.437
86.003 64.481
86.300 64.547
86.596 64.635
86.892 64.724
87.189 64.812
87.485 64.900
87.781 64.989
88.077 65.077
88.374 65.166
88.670 65.254
88.966 65.343
89.262 65.431
89.559 65.520
89.855 65.608
90.151 65.697
90.448 65.785
90.744 65.874
91.040 65.962
91.336 65.997
91.633 65.997
91.929 65.997
92.225 65.997
92.522 65.997
92.818 65.997
93.114 65.997
93.410 66.035
93.707 66.079
94.003 66.123
94.299 66.146
94.596 66.146
94.892 66.146
95.188 66.151
95.484 66.195
95.781 66.239
96.077 66.284
96.373 66.263
96.669 66.219
96.966 66.175
97.262 66.162
97.558 66.206
97.855 66.250
98.151 66.295
98.447 66.208
98.743 66.120
99.040 66.032
99.336 66.024
99.632 66.068
99.929 66.112
100.225 66.136
100.521 66.092
100.817 66.047
101.114 66.003
101.410 65.959
101.706 65.915
102.003 65.870
102.299 65.847
102.595 65.847
102.891 65.847
103.188 65.852
103.484 65.896
103.780 65.941
104.077 65.985
104.373 66.029
104.669 66.073
104.965 66.118
105.262 66.130
105.558 66.086
105.854 66.042
106.150 65.998
106.447 66.084
106.743 66.172
107.039 66.261
107.336 66.322
107.632 66.366
107.928 66.411
108.224 66.445
108.521 66.445
108.817 66.445
109.113 66.445
109.410 66.483
109.706 66.527
110.002 66.571
110.298 66.615
110.595 66.660
110.891 66.704
111.187 66.753
111.484 66.841
111.780 66.930
112.076 67.018
112.372 67.074
112.669 67.119
112.965 67.163
113.261 67.223
113.557 67.311
113.854 67.400
114.150 67.488
114.446 67.533
114.743 67.578
115.039 67.622
115.335 67.666
115.631 67.710
115.928 67.754
116.224 67.789
116.520 67.789
116.817 67.789
117.113 67.789
117.409 67.789
117.705 67.789
118.002 67.789
118.298 67.810
118.594 67.854
118.891 67.898
119.187 67.938
119.483 67.938
119.779 67.938
120.076 67.938
120.372 67.938
120.668 67.938
120.965 67.938
121.261 67.938
121.557 67.938
121.853 67.938
122.150 67.938
122.446 67.895
122.742 67.850
123.038 67.806
123.335 67.789
123.631 67.789
123.927 67.789
124.224 67.768
124.520 67.680
124.816 67.591
125.112 67.503
125.409 67.452
125.705 67.408
126.001 67.364
126.298 67.362
126.594 67.406
126.890 67.450
127.186 67.490
127.483 67.490
127.779 67.490
128.075 67.490
128.372 67.522
128.668 67.566
128.964 67.611
129.260 67.655
129.557 67.699
129.853 67.743
130.149 67.788
130.445 67.832
130.742 67.876
131.038 67.920
131.334 67.991
131.631 68.080
131.927 68.168
132.223 68.247
132.519 68.291
132.816 68.335
133.112 68.379
133.408 68.423
133.705 68.468
134.001 68.512
134.297 68.577
134.593 68.666
134.890 68.754
135.186 68.838
135.482 68.882
135.779 68.927
136.075 68.971
136.371 69.079
136.667 69.212
136.964 69.345
137.260 69.447
137.556 69.491
137.852 69.535
138.149 69.579
138.445 69.623
138.741 69.668
139.038 69.712
139.334 69.756
139.630 69.800
139.926 69.845
140.223 69.879
140.519 69.879
140.815 69.879
141.112 69.879
141.408 69.879
141.704 69.879
142.000 69.879
142.297 69.900
142.593 69.944
142.889 69.988
143.186 70.028
143.482 70.028
143.778 70.028
144.074 70.028
144.371 70.028
144.667 70.028
144.963 70.028
145.260 70.013
145.556 69.969
145.852 69.924
146.148 69.880
146.445 69.879
146.741 69.879
147.037 69.879
147.333 69.852
147.630 69.808
147.926 69.764
148.222 69.720
148.519 69.675
148.815 69.631
149.111 69.587
149.407 69.543
149.704 69.499
150.000 69.454
