0.000 47.817
1.000 47.942
2.000 104.532
3.000 220.883
4.000 371.620
5.000 505.028
6.000 501.275
7.000 499.427
8.000 498.148
9.000 497.214
10.000 496.494
11.000 495.876
12.000 495.359
13.000 494.890
14.000 494.397
15.000 494.061
16.000 493.776
17.000 493.383
18.000 492.997
19.000 492.851
20.000 492.586
21.000 492.261
22.000 492.195
23.000 491.730
24.000 491.499
25.000 491.328
26.000 491.515
27.000 490.545
28.000 490.563
29.000 490.939
30.000 489.939
31.000 489.947
32.000 490.716
33.000 489.475
34.000 489.747
35.000 489.798
36.000 489.322
37.000 489.159
38.000 488.933
39.000 488.871
40.000 488.794
41.000 488.635
42.000 488.495
43.000 488.283
44.000 488.176
45.000 488.075
46.000 487.870
47.000 487.726
48.000 487.708
49.000 487.634
50.000 487.515
51.000 487.355
52.000 487.288
53.000 487.127
54.000 487.100
55.000 487.041
56.000 487.044
57.000 487.026
58.000 486.931
59.000 486.954
60.000 486.864
61.000 486.919
62.000 486.950
63.000 486.774
64.000 486.825
65.000 486.897
66.000 486.939
67.000 486.657
68.000 487.018
69.000 487.139
70.000 486.726
71.000 487.097
72.000 487.320
73.000 486.459
74.000 486.926
75.000 487.173
76.000 486.856
77.000 485.772
78.000 486.702
79.000 486.529
80.000 486.735
81.000 486.926
82.000 486.955
83.000 486.959
84.000 486.913
85.000 487.026
86.000 486.865
87.000 486.852
88.000 486.794
89.000 486.768
90.000 486.730
91.000 486.792
92.000 486.916
93.000 486.892
94.000 486.893
95.000 486.918
96.000 486.809
97.000 486.744
98.000 486.584
99.000 486.546
100.000 486.411
101.000 486.292
102.000 486.306
103.000 486.157
104.000 486.159
105.000 486.068
106.000 485.995
107.000 485.961
108.000 486.050
109.000 485.887
110.000 485.696
111.000 485.832
112.000 485.524
113.000 485.212
114.000 485.505
115.000 485.152
116.000 484.956
117.000 484.818
118.000 485.648
119.000 484.842
120.000 484.768
121.000 485.230
122.000 484.253
123.000 484.967
124.000 484.950
125.000 484.450
126.000 484.307
127.000 484.167
128.000 484.128
129.000 484.028
130.000 543.429
131.000 753.809
132.000 961.692
133.000 991.856
134.000 989.484
135.000 987.912
136.000 986.768
137.000 985.869
138.000 985.051
139.000 984.341
140.000 983.731
141.000 983.237
142.000 982.836
143.000 982.462
144.000 982.206
145.000 981.863
146.000 981.461
147.000 981.353
148.000 980.997
149.000 980.709
150.000 980.501
151.000 980.364
152.000 979.991
153.000 979.773
154.000 979.864
155.000 979.598
156.000 979.318
157.000 979.558
158.000 979.193
159.000 979.087
160.000 978.923
161.000 979.293
162.000 978.634
163.000 978.411
164.000 978.759
165.000 978.051
166.000 978.205
167.000 978.388
168.000 977.641
169.000 977.773
170.000 977.875
171.000 977.835
172.000 977.775
173.000 977.732
174.000 977.634
175.000 977.581
176.000 977.528
177.000 977.446
178.000 977.404
179.000 977.297
180.000 977.137
181.000 977.010
182.000 976.927
183.000 976.868
184.000 976.784
185.000 976.857
186.000 976.586
187.000 976.479
188.000 976.368
189.000 976.193
190.000 976.106
191.000 976.044
192.000 975.909
193.000 975.826
194.000 975.731
195.000 975.547
196.000 975.366
197.000 975.304
198.000 975.249
199.000 975.008
200.000 974.838
201.000 974.733
202.000 974.330
203.000 974.445
204.000 974.576
205.000 974.058
206.000 973.806
207.000 974.182
208.000 973.901
209.000 973.422
210.000 974.206
211.000 973.424
212.000 973.227
213.000 973.486
214.000 973.441
215.000 973.022
216.000 972.912
217.000 972.733
218.000 972.680
219.000 972.556
220.000 972.418
221.000 972.319
222.000 972.111
223.000 971.990
224.000 971.980
225.000 971.940
226.000 971.790
227.000 971.702
228.000 971.608
229.000 971.496
230.000 971.359
231.000 971.362
232.000 971.261
233.000 971.278
234.000 971.291
235.000 971.297
236.000 971.192
237.000 971.274
238.000 971.219
239.000 971.140
240.000 971.143
241.000 971.232
242.000 971.131
243.000 970.955
244.000 971.032
245.000 971.140
246.000 970.919
247.000 971.252
248.000 971.211
249.000 971.107
250.000 970.888
251.000 971.580
252.000 971.097
253.000 970.674
254.000 971.649
255.000 971.319
256.000 970.205
257.000 971.316
258.000 970.921
259.000 970.737
260.000 971.063
261.000 971.121
262.000 971.091
263.000 971.106
264.000 971.079
265.000 971.061
266.000 971.080
267.000 971.080
268.000 971.119
269.000 971.065
270.000 971.037
271.000 970.971
272.000 970.896
273.000 971.013
274.000 970.897
275.000 970.946
276.000 970.858
277.000 970.830
278.000 970.764
279.000 970.741
280.000 970.584
281.000 970.492
282.000 970.466
283.000 970.395
284.000 970.212
285.000 970.190
286.000 970.061
287.000 1119.139
288.000 1293.115
289.000 1410.591
290.000 1477.156
291.000 1474.429
292.000 1472.608
293.000 1471.105
294.000 1469.777
295.000 1469.197
296.000 1468.297
297.000 1467.163
298.000 1466.717
299.000 1466.006
300.000 1465.135
301.000 1464.844
302.000 1465.213
303.000 1464.034
304.000 1463.876
305.000 1463.887
306.000 1462.808
307.000 1462.316
308.000 1461.961
309.000 1461.623
310.000 1461.175
311.000 1460.946
312.000 1460.600
313.000 1460.311
314.000 1460.028
315.000 1459.676
316.000 1459.461
317.000 1459.162
318.000 1458.941
319.000 1458.800
320.000 1458.525
321.000 1458.347
322.000 1458.003
323.000 1457.884
324.000 1457.655
325.000 1457.582
326.000 1457.461
327.000 1457.304
328.000 1457.089
329.000 1456.953
330.000 1456.862
331.000 1456.767
332.000 1456.725
333.000 1456.626
334.000 1456.318
335.000 1456.298
336.000 1456.283
337.000 1455.997
338.000 1456.074
339.000 1455.994
340.000 1456.044
341.000 1455.434
342.000 1456.018
343.000 1455.995
344.000 1455.220
345.000 1455.709
346.000 1455.727
347.000 1455.241
348.000 1454.418
349.000 1455.180
350.000 1454.853
351.000 1455.017
352.000 1455.008
353.000 1454.894
354.000 1454.897
355.000 1454.921
356.000 1454.782
357.000 1454.722
358.000 1454.665
359.000 1454.651
360.000 1454.589
361.000 1454.555
362.000 1454.548
363.000 1454.456
364.000 1454.378
365.000 1454.246
366.000 1454.175
367.000 1453.990
368.000 1453.954
369.000 1453.919
370.000 1453.885
371.000 1453.673
372.000 1453.508
373.000 1453.429
374.000 1453.232
375.000 1453.137
376.000 1453.132
377.000 1452.924
378.000 1452.857
379.000 1452.757
380.000 1452.698
381.000 1452.377
382.000 1452.324
383.000 1452.304
384.000 1451.935
385.000 1451.957
386.000 1451.855
387.000 1451.454
388.000 1451.355
389.000 1451.726
390.000 1451.395
391.000 1451.026
392.000 1451.802
393.000 1450.840
394.000 1450.668
395.000 1451.234
396.000 1450.808
397.000 1450.547
398.000 1450.410
399.000 1450.312
400.000 1450.234
401.000 1449.998
402.000 1449.876
403.000 1449.674
404.000 1449.635
405.000 1449.575
406.000 1449.593
407.000 1449.285
408.000 1449.237
409.000 1449.137
410.000 1448.965
411.000 1448.900
412.000 1448.899
413.000 1448.934
414.000 1448.871
415.000 1448.703
416.000 1448.665
417.000 1448.543
418.000 1448.654
419.000 1448.703
420.000 1448.651
421.000 1448.462
422.000 1448.562
423.000 1448.457
424.000 1448.419
425.000 1448.577
426.000 1448.520
427.000 1448.332
428.000 1448.415
429.000 1448.646
430.000 1448.386
431.000 1448.572
432.000 1448.851
433.000 1448.378
434.000 1448.069
435.000 1448.646
436.000 1448.975
437.000 1447.776
438.000 1448.509
439.000 1447.849
440.000 1448.058
441.000 1448.472
442.000 1448.371
443.000 1448.381
444.000 1448.449
445.000 1448.444
446.000 1448.426
447.000 1448.435
448.000 1448.431
449.000 1448.504
450.000 1448.540
451.000 1448.488
452.000 1448.538
453.000 1448.350
454.000 1448.343
455.000 1448.340
456.000 1448.305
457.000 1448.331
458.000 1448.245
459.000 1448.140
460.000 1447.984
461.000 1447.930
462.000 1447.974
463.000 1447.749
464.000 1447.743
465.000 1447.660
466.000 1447.578
467.000 1447.454
468.000 1447.483
469.000 1447.387
470.000 1447.136
471.000 1447.206
472.000 1446.897
473.000 1446.748
474.000 1446.793
475.000 1446.922
476.000 1446.529
477.000 1446.383
478.000 1446.561
479.000 1445.665
480.000 1446.325
481.000 1446.677
482.000 1446.271
483.000 1445.894
484.000 1576.690
485.000 1783.354
486.000 1981.224
487.000 1977.952
488.000 1975.658
489.000 1973.781
490.000 1972.525
491.000 1971.267
492.000 1970.386
493.000 1969.442
494.000 1968.571
495.000 1967.862
496.000 1967.261
497.000 1966.683
498.000 1966.187
499.000 1965.682
500.000 1965.095
501.000 1964.555
502.000 1964.139
503.000 1963.699
504.000 1963.452
505.000 1963.072
506.000 1962.720
507.000 1962.417
508.000 1962.095
509.000 1961.925
510.000 1961.570
511.000 1961.408
512.000 1961.068
513.000 1960.789
514.000 1960.666
515.000 1960.295
516.000 1960.305
517.000 1960.325
518.000 1959.667
519.000 1959.688
520.000 1959.687
521.000 1959.354
522.000 1958.425
523.000 1959.238
524.000 1958.802
525.000 1957.565
526.000 1958.842
527.000 1957.978
528.000 1957.668
529.000 1957.843
530.000 1957.807
531.000 1957.592
532.000 1957.482
533.000 1957.346
534.000 1957.195
535.000 1957.102
536.000 1957.024
537.000 1956.905
538.000 1956.686
539.000 1956.494
540.000 1956.452
541.000 1956.147
542.000 1956.084
543.000 1955.977
544.000 1955.839
545.000 1955.707
546.000 1955.384
547.000 1955.257
548.000 1955.088
549.000 1954.912
550.000 1954.688
551.000 1954.545
552.000 1954.376
553.000 1954.210
554.000 1954.021
555.000 1953.754
556.000 1953.844
557.000 1953.496
558.000 1953.174
559.000 1953.225
560.000 1952.856
561.000 1952.629
562.000 1952.565
563.000 1952.702
564.000 1951.903
565.000 1951.925
566.000 1951.996
567.000 1951.198
568.000 1951.708
569.000 1951.885
570.000 1951.047
571.000 1951.456
572.000 1951.342
573.000 1950.762
574.000 1950.607
575.000 1950.402
576.000 1950.250
577.000 1950.046
578.000 1949.882
579.000 1949.737
580.000 1949.513
581.000 1949.520
582.000 1949.239
583.000 1949.209
584.000 1949.005
585.000 1948.804
586.000 1948.611
587.000 1948.505
588.000 1948.496
589.000 1948.439
590.000 1948.414
591.000 1948.246
592.000 1948.191
593.000 1948.101
594.000 1948.065
595.000 1948.062
596.000 1948.016
597.000 1947.939
598.000 1947.941
599.000 1947.888
600.000 1947.683
601.000 1947.763
602.000 1947.774
603.000 1947.626
604.000 1947.698
605.000 1947.846
606.000 1947.524
607.000 1947.681
608.000 1947.733
609.000 1947.109
610.000 1947.611
611.000 1947.600
612.000 1947.407
613.000 1946.527
614.000 1947.748
615.000 1947.173
616.000 1946.867
617.000 1947.248
618.000 1947.195
619.000 1947.181
620.000 1947.172
621.000 1947.212
622.000 1947.168
623.000 1947.151
624.000 1946.987
625.000 1946.948
626.000 1946.946
627.000 1946.936
628.000 1946.868
629.000 1946.796
630.000 1946.732
631.000 1946.567
632.000 1946.371
633.000 1946.435
634.000 1946.333
635.000 1946.311
636.000 1946.191
637.000 1946.069
638.000 1945.900
639.000 1945.726
640.000 1945.788
641.000 1945.630
642.000 1945.428
643.000 1945.369
644.000 1945.141
645.000 1945.018
646.000 1944.850
647.000 1944.960
648.000 1944.486
649.000 1944.547
650.000 1944.624
651.000 1943.920
652.000 1944.020
653.000 1944.216
654.000 1943.986
655.000 1943.162
656.000 1944.407
657.000 1944.079
658.000 1943.825
659.000 1943.896
660.000 1943.198
661.000 1943.092
662.000 1942.943
663.000 1942.785
664.000 1942.700
665.000 1942.600
666.000 1942.538
667.000 1942.330
668.000 1942.258
669.000 1942.108
670.000 1941.947
671.000 1941.934
672.000 1941.810
673.000 1941.865
674.000 1941.786
675.000 1941.753
676.000 2067.552
677.000 2345.025
678.000 2468.638
679.000 2465.511
680.000 2463.461
681.000 2462.063
682.000 2461.055
683.000 2459.854
684.000 2459.018
685.000 2458.282
686.000 2457.434
687.000 2456.754
688.000 2456.184
689.000 2455.699
690.000 2454.959
691.000 2454.815
692.000 2454.440
693.000 2453.566
694.000 2453.237
695.000 2453.355
696.000 2452.476
697.000 2451.971
698.000 2452.087
699.000 2451.231
700.000 2450.477
701.000 2450.955
702.000 2450.047
703.000 2449.984
704.000 2449.971
705.000 2449.704
706.000 2449.590
707.000 2449.213
708.000 2449.036
709.000 2448.722
710.000 2448.522
711.000 2448.133
712.000 2448.027
713.000 2447.773
714.000 2447.644
715.000 2447.383
716.000 2447.133
717.000 2446.718
718.000 2446.487
719.000 2446.434
720.000 2446.121
721.000 2446.000
722.000 2445.546
723.000 2445.344
724.000 2445.204
725.000 2444.843
726.000 2444.602
727.000 2444.429
728.000 2444.047
729.000 2443.705
730.000 2443.667
731.000 2443.387
732.000 2443.080
733.000 2442.952
734.000 2442.503
735.000 2442.233
736.000 2442.206
737.000 2442.092
738.000 2441.134
739.000 2441.445
740.000 2441.382
741.000 2440.711
742.000 2440.512
743.000 2441.554
744.000 2440.429
745.000 2440.437
746.000 2440.015
747.000 2439.625
748.000 2439.459
749.000 2439.208
750.000 2438.998
751.000 2438.700
752.000 2438.545
753.000 2438.365
754.000 2438.208
755.000 2437.969
756.000 2437.700
757.000 2437.584
758.000 2437.391
759.000 2437.315
760.000 2437.221
761.000 2436.901
762.000 2436.755
763.000 2436.684
764.000 2436.588
765.000 2436.541
766.000 2436.356
767.000 2436.173
768.000 2436.168
769.000 2436.113
770.000 2435.901
771.000 2435.854
772.000 2435.818
773.000 2435.664
774.000 2435.558
775.000 2435.626
776.000 2435.493
777.000 2435.232
778.000 2435.553
779.000 2435.326
780.000 2435.298
781.000 2435.685
782.000 2434.884
783.000 2434.835
784.000 2435.197
785.000 2435.154
786.000 2433.922
787.000 2434.899
788.000 2434.546
789.000 2434.277
790.000 2434.565
791.000 2434.437
792.000 2434.533
793.000 2434.467
794.000 2434.431
795.000 2434.286
796.000 2434.264
797.000 2434.248
798.000 2434.183
799.000 2434.006
800.000 2433.917
801.000 2433.797
802.000 2433.784
803.000 2433.735
804.000 2433.722
805.000 2433.516
806.000 2433.336
807.000 2433.181
808.000 2433.096
809.000 2432.919
810.000 2432.882
811.000 2432.642
812.000 2432.546
813.000 2432.363
814.000 2432.270
815.000 2431.980
816.000 2432.033
817.000 2431.831
818.000 2431.613
819.000 2431.488
820.000 2431.546
821.000 2431.091
822.000 2430.883
823.000 2430.955
824.000 2430.362
825.000 2430.266
826.000 2431.007
827.000 2430.367
828.000 2429.954
829.000 2430.621
830.000 2429.262
831.000 2429.792
832.000 2430.101
833.000 2429.559
834.000 2429.328
835.000 2429.208
836.000 2429.057
837.000 2428.937
838.000 2428.706
839.000 2428.487
840.000 2428.439
841.000 2428.374
842.000 2428.315
843.000 2428.146
844.000 2427.937
845.000 2427.793
846.000 2427.657
847.000 2427.635
848.000 2427.514
